0
4.096
0
0
0
0
0
0
61.44
0
0
12.288
0
0
270.336
0
0
0
20.48
0
0
0
0
0
0
0
0
0
0
0
0
0
0
0
0
0
0
0
12.288
61.44
0
4.096
225.28
0
0
0
0
0
0
0
0
0
0
0
0
0
0
0
0
0
0
0
0
0
0
0
0
0
0
0
0
0
0
0
28.672
0
0
0
0
0
0
0
0
0
12.288
0
0
0
12.288
0
0
0
221.184
0
0
0
0
0
0
0
0
0
0
0
8.192
0
0
0
24.576
0
0
12.288
0
0
28.672
0
0
0
24.576
0
0
0
0
0
0
0
0
0
0
0
0
0
0
0
0
0
0
0
0
0
8.192
28.672
0
0
0
0
0
0
0
0
32.768
0
0
0
0
0
0
0
0
0
0
0
0
0
0
0
0
0
0
0
8.192
24.576
0
0
0
0
0
0
0
0
0
0
0
0
0
0
0
0
0
0
0
0
0
0
0
0
0
0
0
0
0
0
0
0
0
0
0
0
0
0
0
0
0
0
0
0
0
0
0
0
0
16.384
0
221.184
0
0
0
0
0
0
0
0
0
0
0
0
0
212.992
0
0
0
28.672
0
0
0
0
0
0
0
0
0
12.288
0
0
0
0
0
0
0
0
0
0
0
0
0
0
0
0
0
0
0
40.96
0
0
0
0
0
0
0
0
0
8.192
0
0
24.576
0
0
0
0
0
0
12.288
0
0
0
61.44
0
225.28
0
0
0
20.48
0
0
24.576
0
0
0
0
0
0
0
0
0
0
0
81.92
0
0
0
0
0
0
0
0
0
4.096
0
0
0
0
8.192
0
0
4.096
0
0
0
0
0
0
0
0
0
0
0
0
0
0
0
0
0
0
0
0
0
0
0
0
0
0
0
0
0
0
0
0
0
0
0
0
0
0
0
0
0
0
0
0
0
0
12.288
0
0
0
221.184
0
0
0
0
0
12.288
0
0
0
0
0
0
0
0
0
0
0
0
0
12.288
0
0
0
0
8.192
4.096
0
0
0
0
0
0
0
0
0
0
0
0
0
20.48
0
0
28.672
0
0
4.096
0
0
0
0
0
0
0
0
0
0
0
0
0
12.288
0
0
8.192
0
0
28.672
0
0
0
0
28.672
0
0
0
0
16.384
0
0
0
0
4.096
0
0
0
0
0
0
0
0
0
0
0
0
0
0
0
0
0
0
0
0
0
0
0
0
0
0
0
0
0
0
0
0
0
0
0
0
0
0
0
0
0
0
61.44
0
16.384
0
0
262.144
20.48
0
0
0
0
28.672
0
0
0
0
0
0
0
0
0
0
0
0
0
0
0
0
0
0
0
0
0
0
0
0
0
0
0
0
0
4.096
0
0
0
0
0
0
0
0
0
0
12.288
0
0
0
0
0
0
0
0
0
0
0
0
0
0
0
0
0
0
0
8.192
249.856
0
0
0
0
0
0
0
0
0
0
0
0
0
0
0
0
0
0
0
12.288
0
0
0
0
0
0
0
0
0
12.288
0
0
0
0
0
0
0
0
0
0
0
0
0
0
0
0
0
0
0
0
0
0
0
0
0
0
0
0
0
32.768
0
0
0
0
0
0
0
0
0
0
0
0
0
0
0
12.288
0
0
0
12.288
0
0
0
0
0
12.288
0
0
0
28.672
0
0
0
0
0
0
0
0
0
0
0
0
0
0
0
0
0
0
0
16.384
0
0
77.824
0
8.192
0
28.672
0
0
0
0
0
0
0
0
0
0
0
0
0
0
0
0
0
0
0
0
0
0
0
0
0
0
0
0
81.92
12.288
0
0
225.28
0
0
0
0
0
0
233.472
0
0
0
0
0
0
0
0
0
0
0
0
0
0
0
0
0
0
0
0
0
0
0
20.48
0
0
0
0
0
0
0
0
0
0
0
0
0
0
0
12.288
0
0
0
0
0
0
0
0
0
12.288
0
0
0
0
0
0
0
0
0
0
0
0
0
0
0
0
0
0
0
0
0
0
0
0
0
0
0
0
0
0
0
0
0
0
0
0
0
0
8.192
0
0
0
0
4.096
0
0
0
0
0
0
0
0
0
0
0
0
0
0
0
0
0
0
0
0
0
0
0
0
0
0
0
0
0
0
0
0
0
0
0
0
0
0
0
0
0
0
12.288
0
0
0
200.704
0
0
0
20.48
0
0
0
0
0
0
0
0
0
0
0
0
0
0
0
0
0
0
0
12.288
0
0
0
0
0
0
0
0
16.384
24.576
0
0
0
12.288
0
0
0
0
0
0
0
0
0
0
8.192
0
0
0
0
24.576
0
0
0
0
12.288
0
0
0
0
77.824
0
12.288
0
0
73.728
0
0
0
0
4.096
0
0
0
0
0
0
0
0
0
0
0
12.288
0
0
221.184
0
0
0
0
4.096
0
4.096
0
0
0
0
0
0
0
0
0
12.288
0
0
0
221.184
0
0
0
0
0
0
0
0
16.384
0
0
0
0
0
