6688.77
7184.38
6008.83
5451.78
8835.07
9281.54
6868.99
5922.82
6369.28
5992.45
7258.11
6782.98
6422.53
6225.92
7827.46
7643.14
4935.68
6709.25
5734.4
6156.29
5054.46
6766.59
4460.54
6938.62
9461.76
10473.5
18292.7
6787.07
6602.75
6594.56
6754.3
7303.17
6430.72
6979.58
8560.64
8130.56
6721.54
6565.89
5361.66
5701.63
6615.04
5165.06
5480.45
5603.33
6156.29
7270.4
5169.15
5664.77
6955.01
27615.2
62308.4
73543.7
39940.1
62521.3
8585.22
10154
5795.84
7073.79
6238.21
7348.22
7806.98
6299.65
5124.1
3244.03
7520.26
7491.58
4882.43
3956.74
5529.6
6848.51
5361.66
3543.04
6402.05
6045.7
7933.95
7282.69
6467.58
6406.14
6983.68
7294.98
8400.9
19316.7
40407
60547.1
26181.6
36413.4
64483.3
59768.8
62152.7
57294.8
7311.36
7806.98
6688.77
4734.98
8757.25
9994.24
7794.69
7200.77
5660.67
5107.71
5492.74
5095.42
5275.65
5894.14
7516.16
8798.21
7290.88
6971.39
6316.03
6787.07
6569.98
7155.71
7077.89
6389.76
6905.86
6037.5
4403.2
7839.74
7815.17
7471.1
7282.69
7159.81
7344.13
6881.28
8634.37
7872.51
5263.36
6926.34
7921.66
7544.83
8048.64
5156.86
18579.5
5218.3
6983.68
7974.91
5652.48
4034.56
4591.62
6828.03
7430.14
7503.87
6766.59
6750.21
9674.75
8634.37
7147.52
6389.76
5984.26
6692.86
6914.05
7016.45
5750.78
5267.46
7110.66
6070.27
5959.68
7512.06
7131.14
6643.71
7344.13
6696.96
5361.66
7315.46
9363.46
10051.6
7495.68
7335.94
6008.83
5300.22
7180.29
7487.49
6397.95
7499.78
9007.1
8540.16
6496.26
7405.57
7458.82
6524.93
7176.19
6840.32
7098.37
7438.34
9453.57
37388.3
58134.5
32030.7
33341.4
73023.5
62541.8
85774.3
93564.9
68587.5
31658
6492.16
6975.49
5160.96
3907.58
3514.37
4206.59
118.784
589.824
6500.35
6422.53
8417.28
10240
10551.3
5308.42
5419.01
8622.08
6942.72
6492.16
6406.14
6410.24
7331.84
11837.4
7880.7
4931.58
7966.72
6938.62
4370.43
6828.03
8114.18
4608
7426.05
11194.4
8044.54
8658.94
4775.94
8630.27
6418.43
6496.26
6230.02
6389.76
8065.02
5562.37
20037.6
4898.82
98.304
0
0
315.392
319.488
16.384
704.512
5042.18
8183.81
17190.9
16.384
0
462.848
344.064
184.32
20.48
856.064
5427.2
1519.62
8.192
20.48
413.696
339.968
0
0
106.496
1167.36
5038.08
1740.8
0
364.544
311.296
0
12.288
102.4
462.848
618.496
5103.62
1409.02
339.968
327.68
0
0
94.208
454.656
151.552
729.088
4947.97
1777.66
315.392
0
8.192
122.88
491.52
94.208
0
704.512
5304.32
1761.28
0
118.784
200.704
524.288
143.36
20.48
0
1126.4
5304.32
1409.02
348.16
417.792
487.424
90.112
32.768
159.744
364.544
1048.58
4939.78
1409.02
167.936
479.232
94.208
0
0
372.736
315.392
716.8
5038.08
2260.99
458.752
114.688
12.288
0
348.16
290.816
0
704.512
4911.1
2248.7
98.304
0
0
360.448
335.872
0
0
634.88
5754.88
1933.31
114.688
0
389.12
315.392
77.824
0
90.112
1314.82
5550.08
1720.32
86.016
339.968
344.064
0
69.632
163.84
458.752
888.832
5537.79
2002.94
364.544
319.488
98.304
73.728
102.4
577.536
147.456
708.608
5234.69
2297.86
344.064
36.864
0
94.208
487.424
90.112
36.864
606.208
5742.59
2117.63
57.344
0
94.208
520.192
69.632
0
0
1142.78
5742.59
1642.5
106.496
188.416
552.96
90.112
49.152
274.432
20.48
45.056
32.768
2265.09
1007.62
40.96
49.152
12.288
167.936
20.48
0
0
176.128
2076.67
1064.96
102.4
8.192
135.168
73.728
0
0
45.056
118.784
2088.96
958.464
200.704
86.016
20.48
0
36.864
40.96
126.976
0
2060.29
1048.58
126.976
24.576
0
0
36.864
122.88
53.248
0
2170.88
1236.99
135.168
122.88
0
57.344
77.824
217.088
0
12.288
2318.34
978.944
40.96
40.96
528.384
6610.94
6406.14
6373.38
6397.95
6516.74
8552.45
7639.04
6488.06
8568.83
4345.86
6397.95
6430.72
6414.34
6488.06
6422.53
8671.23
7323.65
6574.08
6537.22
4259.84
8560.64
6234.11
4583.42
6410.24
6471.68
8560.64
7475.2
6557.7
6451.2
6418.43
6426.62
6598.66
6430.72
5439.49
0
2273.28
1060.86
49.152
172.032
90.112
245.76
24.576
77.824
0
118.784
2207.74
946.176
315.392
401.408
348.16
24.576
81.92
131.072
184.32
172.032
2240.51
1015.81
49.152
143.36
20.48
249.856
0
45.056
73.728
45.056
2179.07
954.368
192.512
20.48
0
45.056
49.152
69.632
57.344
0
2154.5
1081.34
102.4
0
0
45.056
118.784
442.368
0
86.016
2224.13
1019.9
86.016
40.96
122.88
77.824
77.824
0
12.288
139.264
2179.07
872.448
102.4
40.96
126.976
0
77.824
73.728
90.112
69.632
2027.52
1015.81
143.36
135.168
8.192
53.248
28.672
131.072
180.224
0
2273.28
966.656
163.84
45.056
0
77.824
90.112
24.576
0
36.864
2195.46
1015.81
73.728
0
8.192
204.8
16.384
0
0
45.056
2142.21
1146.88
147.456
98.304
188.416
303.104
4399.1
4972.54
4247.55
5468.16
18976.8
31989.8
28319.7
34238.5
50253.8
47579.1
14852.1
4714.5
4517.89
25559
36077.6
36196.4
29470.7
38072.3
43434
39587.8
36671.5
33534
32923.6
5324.8
6713.34
7102.46
4988.93
4784.13
5054.46
4624.38
4866.05
5771.26
4984.83
5701.63
6463.49
8503.3
6479.87
7016.45
6033.41
5619.71
30310.4
33415.2
34930.7
37130.2
46751.7
45613.1
35610.6
22691.8
6529.02
6262.78
6385.66
6025.22
5406.72
6053.89
7168
8421.38
5984.26
21704.7
40493.1
35205.1
27082.8
38203.4
51003.4
48709.6
35463.2
47300.6
9728
5021.7
5697.54
10522.6
34185.2
37949.4
24469.5
42324
36282.4
43130.9
7991.3
4386.82
4956.16
4935.68
5435.39
5058.56
4743.17
4763.65
6565.89
6946.82
4517.89
4505.6
4722.69
3821.57
4456.45
5484.54
4517.89
3600.38
6590.46
8003.58
5427.2
5345.28
3584
2936.83
3158.02
3055.62
3272.7
3866.62
5271.55
22253.6
26578.9
34549.8
34340.9
26353.7
37490.7
39342.1
43835.4
30007.3
45084.7
42741.8
30674.9
4808.7
5570.56
5779.46
4894.72
4530.18
4833.28
4800.51
6414.34
5984.26
3457.02
4444.16
5935.1
5124.1
5472.26
5390.34
19230.7
38109.2
34013.2
26509.3
39915.5
60170.2
22294.5
4452.35
4800.51
4792.32
4218.88
5124.1
6676.48
6750.21
4861.95
24313.9
42586.1
33050.6
28119
32247.8
44822.5
43986.9
36212.7
47935.5
7770.11
5513.22
4808.7
4108.29
4771.84
4341.76
3698.69
4898.82
6324.22
7888.9
5349.38
5124.1
4296.7
3567.62
4542.46
4882.43
4419.58
4476.93
6381.57
6914.05
4325.38
4292.61
4812.8
4431.87
4624.38
4624.38
4788.22
5156.86
6946.82
7008.26
4149.25
4800.51
5222.4
5410.82
29175.8
35115
42790.9
27906
44060.7
46047.2
37486.6
44724.2
64983
69746.7
62484.5
4943.87
5341.18
5050.37
5058.56
4677.63
6004.74
5967.87
5132.29
4919.3
4874.24
5296.13
5406.72
4481.02
5324.8
5025.79
5496.83
4075.52
4689.92
5132.29
4907.01
5017.6
4464.64
5181.44
3493.89
6029.31
5898.24
6086.66
5632
5234.69
5226.5
23035.9
42713.1
37462
31805.4
56733.7
55279.6
50753.5
50270.2
43348
59899.9
5279.74
5128.19
4104.19
4669.44
4481.02
5132.29
4255.74
4145.15
5636.1
6864.9
5865.47
4767.74
2846.72
4255.74
5382.14
5767.17
5767.17
6369.28
5550.08
5779.46
5758.98
5640.19
5095.42
3596.29
3485.7
5070.85
4292.61
3629.06
2924.54
5074.94
4841.47
3817.47
3559.42
4911.1
5103.62
5087.23
4255.74
4878.34
5062.66
4853.76
5365.76
6062.08
4669.44
5115.9
5156.86
6238.21
5685.25
4644.86
4968.45
5595.14
4096
6356.99
39088.1
54640.6
51572.7
53628.9
41771
46514.2
43667.5
18436.1
3727.36
3735.55
3817.47
4374.53
4317.18
5193.73
5255.17
5832.7
6217.73
5296.13
5451.78
5263.36
5668.86
6283.26
5062.66
4608
3039.23
5619.71
5971.97
6787.07
6569.98
5275.65
6365.18
5660.67
5357.57
5160.96
4657.15
4395.01
5787.65
6402.05
5742.59
6152.19
5853.18
4907.01
4415.49
4751.36
4165.63
4177.92
3125.25
4268.03
5627.9
6074.37
6025.22
3956.74
6107.14
6348.8
4841.47
5480.45
3530.75
4997.12
5468.16
41898
61329.4
49250.3
76386.3
59318.3
19062.8
5918.72
6115.33
5095.42
5443.58
5578.75
3895.3
4608
4751.36
6627.33
21430.3
46571.5
47177.7
59945
56193
7970.82
5566.46
5283.84
5976.06
6418.43
6123.52
5103.62
5644.29
5529.6
5144.58
5218.3
5754.88
5156.86
6078.46
6365.18
4657.15
5345.28
5931.01
5775.36
6119.42
5505.02
5201.92
4702.21
5165.06
4419.58
4055.04
5234.69
3194.88
3485.7
2375.68
