0
0
0
20.48
0
0
0
16056.3
94.208
0
0
0
0
90.112
0
0
0
0
61.44
0
0
0
8687.62
9822.21
0
0
0
0
24.576
0
0
0
0
20.48
0
0
0
0
16007.2
0
0
0
0
24.576
0
0
0
0
73.728
0
0
0
0
17027.1
0
0
0
0
69.632
0
0
0
0
73.728
0
0
0
0
15990.8
0
0
0
0
11202.6
0
0
0
0
69.632
0
0
0
0
40.96
0
0
0
0
73.728
0
0
0
0
27934.7
0
0
0
0
90.112
0
0
0
0
24.576
0
0
0
0
20.48
0
0
0
0
20721.7
0
0
0
0
2908.16
0
0
0
0
45.056
0
0
0
0
69.632
0
0
0
0
19165.2
0
0
0
0
86.016
0
0
0
0
24.576
0
0
0
0
20.48
0
0
0
0
23994.4
0
0
0
0
61.44
0
0
0
0
86.016
0
0
0
0
73.728
0
0
0
0
18501.6
13426.7
0
0
0
3637.25
0
0
0
0
65.536
0
0
0
0
20.48
0
0
0
0
282.624
25526.3
0
0
0
65.536
0
0
0
0
0
0
65.536
0
0
0
0
24.576
0
0
0
0
65.536
23789.6
0
0
0
53.248
0
0
0
0
65.536
16.384
0
0
0
65.536
0
0
0
0
20.48
0
0
0
0
20.48
19906.6
0
0
0
49.152
9412.61
0
0
0
86.016
0
0
0
0
65.536
0
0
0
0
65.536
0
0
0
0
20.48
27111.4
0
0
0
69.632
0
0
0
0
61.44
0
0
0
0
65.536
0
0
0
0
20.48
24653.8
5734.4
0
0
53.248
393.216
6406.14
0
0
40.96
0
32.768
0
0
73.728
0
0
0
0
73.728
0
0
0
0
24.576
0
21020.7
0
0
61.44
0
12.288
0
0
28.672
0
0
0
0
61.44
0
0
0
0
65.536
0
15077.4
0
0
57.344
0
4247.55
0
0
45.056
0
16.384
0
0
77.824
0
0
0
0
65.536
0
15527.9
0
98.304
0
0
0
0
69.632
0
0
0
0
24.576
0
0
0
0
28.672
0
0
30515.2
0
77.824
0
0
3887.1
0
45.056
0
0
0
0
65.536
0
0
0
0
24.576
0
0
0
0
69.632
0
0
14868.5
0
90.112
0
0
0
0
0
61.44
0
0
0
0
24.576
0
0
0
0
69.632
0
0
0
0
14463
0
0
0
0
65.536
0
0
0
0
24.576
0
0
0
0
24.576
0
0
0
0
21057.5
0
94.208
0
0
0
0
69.632
0
0
0
0
69.632
0
0
0
0
24.576
0
0
0
0
65.536
0
0
20418.6
0
65.536
0
0
16.384
0
36.864
0
0
0
0
28.672
0
0
0
0
24.576
0
0
13590.5
9777.15
81.92
0
0
0
13283.3
73.728
0
0
0
16.384
65.536
0
0
0
0
24.576
0
0
0
0
20.48
0
0
0
20365.3
81.92
0
0
0
0
20.48
0
0
0
0
24.576
0
0
0
0
69.632
0
0
0
12189.7
69.632
0
0
0
3932.16
45.056
0
0
0
0
24.576
0
0
0
0
57.344
0
0
0
0
24.576
0
0
0
18051.1
86.016
0
0
0
0
24.576
0
0
0
0
65.536
0
0
0
0
65.536
0
0
0
31248.4
61.44
0
0
0
0
24.576
0
0
0
0
16.384
0
0
0
0
16.384
0
0
0
19198
77.824
0
0
0
0
73.728
0
0
0
24.576
0
0
0
0
24.576
0
18632.7
0
0
98.304
0
0
0
0
65.536
0
0
0
0
24.576
0
0
0
0
65.536
0
25313.3
0
0
57.344
0
0
0
0
61.44
0
0
0
0
65.536
0
0
0
0
24.576
0
17662
0
0
57.344
0
6668.29
0
102.4
0
0
0
0
28.672
0
0
0
0
69.632
0
0
0
0
69.632
0
0
24293.4
0
81.92
0
0
11722.8
536.576
73.728
0
0
0
0
24.576
0
0
0
0
24.576
0
0
0
0
61.44
0
0
7286.78
16113.7
61.44
0
0
16.384
0
61.44
0
0
0
0
24.576
0
0
0
0
69.632
0
0
0
20766.7
86.016
0
0
0
0
69.632
0
0
0
0
20.48
0
0
0
0
20.48
0
0
0
24182.8
61.44
0
0
0
0
28.672
0
0
0
0
69.632
0
0
0
0
20.48
0
0
0
18845.7
61.44
0
0
0
0
73.728
0
0
0
0
69.632
0
0
0
0
61.44
0
0
0
19361.8
81.92
0
0
0
20881.4
57.344
0
0
0
0
24.576
0
0
0
0
61.44
0
0
0
0
0
49.152
0
0
0
0
24.576
0
0
0
0
20.48
0
0
0
0
20.48
0
18780.2
0
0
81.92
0
0
0
0
77.824
0
16.384
0
0
24.576
0
0
0
0
20.48
0
0
0
0
20.48
0
27267.1
0
0
57.344
0
0
0
0
24.576
0
0
0
0
20.48
0
0
0
0
65.536
0
13557.8
0
0
65.536
0
0
0
0
65.536
0
1871.87
0
0
61.44
0
0
0
0
20.48
0
0
0
0
20.48
0
22855.7
0
0
45.056
0
16154.6
0
0
53.248
0
0
0
0
57.344
0
0
0
0
57.344
0
0
0
0
20.48
0
0
0
0
57.344
0
18149.4
0
0
53.248
0
0
0
0
65.536
0
0
0
0
24.576
0
0
0
0
20.48
0
19038.2
0
0
57.344
0
0
0
0
69.632
0
0
0
0
24.576
0
0
0
0
20.48
0
18325.5
655.36
0
73.728
0
0
0
0
20.48
0
0
0
0
28.672
0
0
0
0
20.48
0
22970.4
8413.18
0
81.92
0
0
0
0
61.44
0
0
0
0
57.344
0
0
0
0
20.48
0
520.192
19046.4
