2678.78
3371.01
3182.59
3100.67
1773.57
5013.5
4583.42
3690.5
3043.33
2727.94
2863.1
3018.75
2797.57
2334.72
3067.9
6291.46
4526.08
3235.84
2809.86
2613.25
2875.39
3182.59
3076.1
3358.72
3788.8
20119.6
54947.8
41291.8
28540.9
85708.8
53522.4
40497.2
3768.32
3821.57
2977.79
4956.16
3686.4
3219.46
2940.93
2613.25
2416.64
2912.26
761.856
929.792
2592.77
5718.02
4902.91
3223.55
3354.62
3084.29
3477.5
3420.16
2613.25
1830.91
2527.23
5873.66
4648.96
3792.9
3641.34
3919.87
3563.52
2547.71
2797.57
3072
3391.49
6074.37
4263.94
3436.54
3919.87
4608
17948.7
3731.46
3461.12
3104.77
2994.18
5685.25
3239.94
2572.29
3256.32
3112.96
3231.74
3612.67
3723.26
3088.38
3129.34
5312.51
4091.9
1642.5
1929.22
2830.34
1978.37
3665.92
3584
3604.48
3788.8
6660.1
5033.98
3768.32
3575.81
3354.62
3686.4
3735.55
3645.44
3641.34
3391.49
6553.6
4767.74
3850.24
3121.15
2895.87
2920.45
2904.06
2461.7
2088.96
2383.87
5414.91
17256.4
40808.4
51941.4
24141.8
64352.3
73596.9
64614.4
48328.7
3149.82
5279.74
4431.87
3104.77
3026.94
3555.33
3719.17
3215.36
3719.17
3444.74
3407.87
5840.9
4644.86
3584
3215.36
3149.82
3874.82
3698.69
3801.09
3694.59
3588.1
6311.94
2961.41
3416.06
3047.42
3747.84
50913.3
70672.4
13783
1957.89
2670.59
5296.13
4648.96
3297.28
3420.16
2953.22
3604.48
2797.57
3080.19
3321.86
3534.85
19013.6
4063.23
2822.14
2842.62
3518.46
3411.97
3538.94
2916.35
3657.73
3514.37
6356.99
4276.22
3465.22
3485.7
3526.66
3371.01
1720.32
3510.27
4780.03
9609.22
11784.2
10276.9
7503.87
11227.1
8126.46
6164.48
8441.86
10338.3
7421.95
9408.51
11415.6
9494.53
6459.39
9433.09
7815.17
9678.85
114.688
167.936
0
348.16
1073.15
4997.12
3629.06
19992.6
516.096
73.728
0
0
315.392
380.928
700.416
4923.39
1630.21
524.288
98.304
0
0
335.872
335.872
65.536
712.704
5001.22
1957.89
73.728
0
20.48
299.008
339.968
20.48
20.48
790.528
5472.26
1523.71
8.192
0
315.392
331.776
16.384
0
131.072
1036.29
5210.11
1417.22
0
311.296
339.968
53.248
45.056
86.016
507.904
774.144
4890.62
1499.14
311.296
266.24
0
8.192
352.256
454.656
69.632
540.672
5111.81
1761.28
339.968
0
12.288
126.976
462.848
118.784
16.384
528.384
5492.74
1785.86
0
0
86.016
499.712
49.152
36.864
0
905.216
5316.61
1650.69
0
114.688
507.904
90.112
8.192
0
335.872
700.416
4947.97
1769.47
90.112
532.48
90.112
0
16.384
315.392
290.816
352.256
4947.97
1863.68
491.52
69.632
0
0
348.16
339.968
0
364.544
5148.67
7184.38
17489.9
0
0
348.16
622.592
0
0
430.08
5496.83
1863.68
0
0
319.488
344.064
4.096
8.192
73.728
864.256
5087.23
1777.66
0
307.2
339.968
0
57.344
98.304
524.288
401.408
4968.45
1785.86
294.912
311.296
0
8.192
81.92
450.56
122.88
368.64
4947.97
2076.67
352.256
0
0
94.208
499.712
94.208
8.192
356.352
5287.94
2170.88
0
12.288
86.016
503.808
106.496
8.192
20.48
659.456
5423.1
1769.47
16.384
106.496
499.712
98.304
196.608
53.248
397.312
991.232
5124.1
11096.1
13484
462.848
77.824
28.672
12.288
262.144
389.12
356.352
4743.17
2056.19
528.384
94.208
0
28.672
204.8
8.192
0
118.784
491.52
1773.57
385.024
24.576
94.208
0
40.96
0
147.456
40.96
450.56
1753.09
409.6
102.4
20.48
0
0
114.688
114.688
8.192
458.752
1769.47
483.328
0
20.48
0
81.92
57.344
57.344
24.576
475.136
1835.01
393.216
8.192
0
73.728
61.44
0
57.344
69.632
544.768
1761.28
376.832
0
81.92
57.344
8.192
8.192
90.112
86.016
450.56
1781.76
368.64
65.536
36.864
0
81.92
151.552
135.168
0
446.464
1744.9
475.136
36.864
0
8.192
40.96
126.976
49.152
0
446.464
1929.22
360.448
0
0
28.672
90.112
49.152
20.48
0
618.496
1785.86
376.832
0
32.768
98.304
20.48
8.192
32.768
81.92
528.384
1830.91
335.872
36.864
90.112
36.864
0
0
118.784
32.768
507.904
1708.03
409.6
86.016
0
0
0
135.168
81.92
0
507.904
1859.58
393.216
0
16.384
0
90.112
233.472
90.112
0
520.192
1880.06
303.104
0
0
102.4
36.864
0
40.96
36.864
557.056
1798.14
389.12
0
81.92
32.768
20.48
40.96
86.016
90.112
499.712
1843.2
344.064
73.728
32.768
0
8.192
61.44
98.304
8.192
516.096
2113.54
499.712
32.768
0
81.92
45.056
131.072
0
8.192
450.56
1904.64
339.968
0
8.192
32.768
90.112
8.192
61.44
16.384
581.632
1806.34
376.832
0
53.248
94.208
122.88
344.064
335.872
643.072
843.776
2424.83
311.296
94.208
81.92
12.288
110.592
0
135.168
36.864
442.368
1830.91
299.008
151.552
0
0
36.864
44376.1
45637.6
58892.3
51822.6
57172
24125.4
7524.35
6889.47
6852.61
6291.46
6385.66
6647.81
38182.9
48132.1
34562
42086.4
56291.3
60153.9
50446.3
56569.9
12410.9
7426.05
6684.67
6410.24
6057.98
10149.9
7974.91
6807.55
6389.76
6135.81
6533.12
6438.91
6721.54
9146.37
42287.1
48336.9
48627.7
55697.4
75239.4
62713.9
69881.9
60166.1
77717.5
37916.7
46882.8
24657.9
7311.36
5140.48
22634.5
42590.2
45117.4
36933.6
59109.4
58445.8
50298.9
51159
17231.9
7532.54
7106.56
7614.46
6811.65
6631.42
5558.27
6787.07
7274.5
8732.67
7618.56
6938.62
7196.67
7520.26
7114.75
6758.4
18993.2
42811.4
48300
42446.8
68550.7
54972.4
41234.4
51208.2
23670.8
6144
6553.6
41668.6
43618.3
43708.4
46854.1
72884.2
44507.1
50303
44470.3
6529.02
6049.79
6623.23
6864.9
9187.33
7696.38
7307.26
6475.78
6422.53
7536.64
7704.58
7127.04
6311.94
6746.11
9281.54
7798.78
7348.22
7430.14
6660.1
40632.3
44912.6
44421.1
59637.8
72187.9
36028.4
42590.2
74215.4
51142.7
46227.5
58810.4
61857.8
47226.9
26165.2
6144
7692.29
7532.54
6664.19
6369.28
6520.83
6881.28
6078.46
6959.1
6316.03
5873.66
9240.58
7225.34
7106.56
5795.84
6045.7
7274.5
6955.01
7335.94
7106.56
6840.32
8802.3
3706.88
22974.5
51126.3
41828.4
49987.6
66318.3
76591.1
75788.3
69656.6
61894.7
55492.6
55844.9
48742.4
54321.2
31387.6
6701.06
6893.57
6995.97
6909.95
8720.38
7135.23
6471.68
6348.8
6500.35
6410.24
6176.77
5550.08
6344.7
6213.63
8839.17
6811.65
6606.85
6553.6
6426.62
22007.8
54947.8
33337.3
45580.3
49406
50413.6
6123.52
38182.9
55566.3
66949.1
71675.9
76439.6
78405.6
76832.8
78544.9
61923.3
70447.1
50892.8
8667.14
6676.48
5869.57
3338.24
3915.78
3715.07
3690.5
2424.83
3383.3
4067.33
5054.46
47104
51736.6
47652.9
56983.6
62890
58519.6
37531.6
4497.41
4202.5
3936.26
3538.94
3297.28
3448.83
4448.26
3383.3
4067.33
3788.8
5115.9
4521.98
4648.96
4177.92
4206.59
4153.34
4624.38
4349.95
4636.67
3604.48
2920.45
3006.46
3674.11
3387.39
3088.38
2920.45
3399.68
1183.74
1302.53
3317.76
3989.5
4501.5
3629.06
3756.03
3805.18
3919.87
3891.2
3190.78
2351.1
3137.54
3780.61
4300.8
4513.79
4272.13
4317.18
20607
55324.7
45940.7
51400.7
59940.9
39796.7
44593.2
4251.65
4665.34
4198.4
4296.7
4169.73
3878.91
3485.7
3596.29
3772.42
2723.84
3215.36
3833.86
3751.94
3694.59
4153.34
4616.19
3657.73
3825.66
3452.93
3596.29
2461.7
2539.52
3530.75
2686.98
4149.25
4313.09
4157.44
4448.26
4837.38
4521.98
4349.95
3944.45
3878.91
3919.87
4198.4
4161.54
4022.27
3956.74
4669.44
4141.06
4190.21
20426.8
35164.2
42307.6
39378.9
65851.4
74760.2
57843.7
30109.7
4067.33
2981.89
3571.71
3563.52
2961.41
2260.99
3649.54
3600.38
44363.8
58474.5
49565.7
54988.8
33951.7
4190.21
4034.56
4059.14
4153.34
4214.78
3780.61
4493.31
4190.21
4071.42
3694.59
3747.84
4239.36
4296.7
4222.98
4145.15
3837.95
4685.82
2154.5
3907.58
3407.87
4096
3661.82
3035.14
1720.32
2322.43
3026.94
3657.73
4050.94
3952.64
3817.47
3612.67
3842.05
32960.5
45887.5
40554.5
46178.3
62541.8
46481.4
56791
47415.3
4206.59
3969.02
4153.34
3653.63
4395.01
3956.74
4878.34
3977.22
4075.52
4214.78
4087.81
3719.17
2072.58
3891.2
4079.62
9519.1
9973.76
7630.85
9949.18
9547.78
8630.27
8847.36
8945.66
8933.38
8699.9
8650.75
9388.03
8916.99
9154.56
9863.17
10178.6
12365.8
