0
0
0
0
24.576
6385.66
0
0
0
57.344
0
0
0
0
24.576
0
0
0
0
24.576
5799.94
0
0
0
61.44
0
0
0
0
24.576
0
0
0
0
24.576
12501
0
0
0
94.208
0
0
0
0
61.44
0
0
0
0
102.4
0
0
0
0
20.48
8163.33
0
0
0
73.728
0
0
0
0
28.672
0
0
0
0
20.48
5828.61
0
0
0
57.344
0
0
0
0
20.48
0
0
0
0
20.48
5390.34
0
0
0
57.344
0
0
0
0
20.48
61.44
0
0
0
0
6184.96
0
0
0
0
28.672
0
0
0
0
28.672
0
0
0
0
5799.94
0
0
0
0
28.672
0
0
0
0
24.576
0
0
0
0
15102
0
0
0
0
32.768
0
0
0
0
24.576
0
0
0
0
53.248
0
0
0
0
7655.42
0
0
0
0
61.44
0
0
0
0
81.92
0
0
0
0
7733.25
0
0
0
0
65.536
0
0
0
0
16.384
0
0
0
0
5492.74
0
0
0
0
49.152
0
0
0
0
16.384
0
0
0
0
5902.34
0
0
0
0
49.152
0
0
0
77.824
0
0
10731.5
0
81.92
0
0
0
0
28.672
0
0
0
0
20.48
0
0
0
0
24.576
0
0
3510.27
19746.8
61.44
0
0
0
0
28.672
0
0
0
0
81.92
0
0
0
0
65.536
0
0
0
0
73.728
0
0
0
14127.1
69.632
0
0
0
0
28.672
0
0
0
0
24.576
0
0
0
0
20.48
0
0
0
16756.7
61.44
0
0
0
0
69.632
0
0
0
1134.59
36.864
0
0
0
0
61.44
0
0
0
0
16.384
0
0
0
15646.7
61.44
0
0
0
0
20.48
0
0
0
0
16.384
0
0
0
0
65.536
0
0
0
11055.1
81.92
0
0
0
0
57.344
0
0
0
16.384
65.536
0
0
0
21495.8
65.536
0
0
0
0
16.384
0
0
0
0
20.48
0
0
0
16.384
20.48
0
0
0
0
65.536
0
0
0
16248.8
61.44
0
0
0
0
28.672
0
0
0
0
61.44
0
0
0
0
81.92
0
0
0
14446.6
73.728
0
0
0
0
24.576
0
0
0
0
65.536
0
0
0
0
16.384
0
0
0
12709.9
86.016
0
0
0
0
20.48
11624.4
0
0
0
53.248
0
0
0
0
20.48
0
0
0
0
20.48
10580
0
0
0
94.208
0
0
0
0
53.248
0
0
0
0
24.576
17969.2
0
0
0
69.632
0
0
0
0
28.672
0
0
0
0
24.576
0
0
0
0
53.248
13479.9
0
0
0
61.44
0
0
0
0
28.672
1249.28
0
0
0
81.92
0
0
0
0
57.344
0
0
0
0
20.48
12132.4
0
0
0
61.44
0
0
0
0
20.48
0
0
0
0
20.48
0
0
0
0
20.48
12918.8
0
0
0
49.152
0
0
0
0
24.576
1163.26
0
0
0
69.632
0
0
0
0
24.576
0
0
0
0
65.536
15810.6
0
0
0
65.536
32.768
0
0
0
28.672
0
0
0
0
20.48
0
0
0
0
20.48
16941.1
0
0
0
53.248
0
0
0
0
73.728
0
0
0
0
20.48
0
0
0
0
20.48
12906.5
0
0
0
77.824
0
0
0
0
24.576
0
65.536
0
0
0
0
28.672
0
0
0
13578.2
61.44
0
0
0
0
32.768
0
0
0
16.384
28.672
0
0
0
0
65.536
0
0
0
0
20.48
0
0
0
0
16.384
0
0
0
7110.66
65.536
0
0
0
0
16.384
0
0
0
0
24.576
0
0
0
14352.4
65.536
0
0
0
0
49.152
0
0
0
0
24.576
0
0
0
0
16.384
0
0
0
9158.66
86.016
0
0
0
0
20.48
0
0
0
0
24.576
0
0
0
6983.68
49.152
0
0
0
0
24.576
0
0
0
0
16.384
0
0
0
6914.05
81.92
0
0
0
0
53.248
0
0
0
0
20.48
0
0
0
7491.58
57.344
0
0
0
0
24.576
0
0
0
0
16.384
0
0
0
6639.62
49.152
0
0
0
0
45.056
0
0
0
0
40.96
0
0
57.344
8912.9
0
0
0
69.632
0
0
0
0
16.384
0
0
0
0
16.384
14270.5
0
0
0
77.824
0
0
0
0
20.48
0
0
0
0
12.288
0
0
0
0
12.288
6291.46
2662.4
0
0
53.248
0
0
0
0
12.288
1105.92
0
0
0
65.536
0
0
0
0
49.152
1126.4
5648.38
0
0
57.344
0
0
0
0
16.384
0
0
0
0
16.384
0
6762.5
0
0
57.344
0
0
0
0
0
0
20.48
0
0
0
0
57.344
0
0
0
9891.84
81.92
0
0
0
0
24.576
0
0
0
0
28.672
0
0
0
15499.3
57.344
0
0
0
0
28.672
0
0
0
0
49.152
0
0
0
0
61.44
0
0
0
9199.62
61.44
0
0
0
0
49.152
0
0
0
0
16.384
0
0
0
8921.09
61.44
0
0
0
0
24.576
0
0
0
0
16.384
0
0
0
1593.34
28.672
0
0
0
0
16.384
57.344
0
0
7716.86
0
90.112
0
0
499.712
0
36.864
0
0
0
0
20.48
0
0
0
0
57.344
0
0
10494
0
77.824
0
0
0
0
28.672
0
0
16.384
0
53.248
0
0
0
0
24.576
0
0
20672.5
0
65.536
0
0
0
0
65.536
0
0
0
0
16.384
0
0
0
0
16.384
0
0
11943.9
0
57.344
0
0
0
0
16.384
0
0
1167.36
0
28.672
0
0
0
0
16.384
0
0
7974.91
2830.34
49.152
0
0
0
0
20.48
0
0
0
0
57.344
0
0
0
0
20.48
0
0
7323.65
2928.64
61.44
0
0
0
0
28.672
0
0
16.384
0
73.728
0
0
