0
40.96
0
1576.96
163.84
0
376.832
253.952
0
0
0
40.96
1019.9
1605.63
176.128
0
380.928
278.528
0
0
0
40.96
0
1671.17
180.224
0
376.832
241.664
0
0
0
36.864
0
1167.36
593.92
0
393.216
266.24
0
0
0
32.768
0
0
1843.2
0
376.832
245.76
0
0
0
32.768
0
0
1757.18
86.016
172.032
446.464
0
0
0
28.672
0
0
1761.28
90.112
163.84
430.08
0
0
0
49.152
0
0
1359.87
69.632
143.36
368.64
0
86.016
0
36.864
307.2
0
1474.56
40.96
126.976
196.608
0
0
0
450.56
413.696
0
1548.29
94.208
155.648
237.568
0
0
0
36.864
442.368
0
1421.31
73.728
163.84
241.664
0
0
0
40.96
454.656
0
1409.02
126.976
0
356.352
0
0
0
36.864
405.504
0
1314.82
147.456
0
360.448
0
0
0
32.768
430.08
0
1310.72
122.88
0
364.544
0
0
0
36.864
409.6
0
1384.45
143.36
0
331.776
0
0
0
139.264
331.776
0
1069.06
126.976
0
290.816
53.248
0
0
69.632
323.584
0
32.768
397.312
0
962.56
0
299.008
0
69.632
491.52
0
49.152
454.656
0
970.752
0
868.352
0
110.592
180.224
0
32.768
253.952
0
749.568
0
0
0
32.768
466.944
0
45.056
1331.2
0
368.64
0
0
0
31494.1
33746.9
53268.5
40562.7
31977.5
573.44
1441.79
4775.94
1810.43
0
4304.9
3813.38
1597.44
4218.88
524.288
6123.52
434.176
1736.7
557.056
0
704.512
675.84
3993.6
13185
557.056
393.216
7335.94
630.784
9613.31
0
0
610.304
7372.8
81.92
1183.74
0
24.576
15589.4
10506.2
1228.8
0
266.24
18210.8
65.536
311.296
0
16.384
552.96
14503.9
1351.68
0
229.376
294.912
69.632
315.392
0
36.864
1990.66
0
1351.68
0
241.664
303.104
36.864
327.68
0
24.576
540.672
6459.39
1363.97
0
13594.6
83107.8
44732.4
52326.4
65368.1
45334.5
43556.9
21323.8
17879
13963.3
13246.5
20439
20611.1
11989
0
9031.68
19198
0
19435.5
31518.7
569.344
19038.2
11518
5681.15
37466.1
36.864
1396.74
270.336
819.2
135.168
610.304
1204.22
147.456
1843.2
14876.7
6242.3
208.896
34459.6
278.528
17367
10997.8
16166.9
17031.2
41377.8
0
22749.2
1982.46
15220.7
12800
11329.5
11718.7
12877.8
28696.6
11362.3
11620.4
21938.2
7778.3
9654.27
6639.62
42287.1
15720.4
17748
23474.2
8531.97
24481.8
14139.4
30568.4
28684.3
19288.1
18239.5
43774
12369.9
33148.9
7491.58
5251.07
29483
21098.5
17584.1
20664.3
5636.1
24416.3
47738.9
663.552
37728.3
17969.2
18948.1
9129.98
57487.4
57.344
18583.6
30302.2
20230.1
14639.1
10735.6
10227.7
0
8781.82
26742.8
11001.9
4100.1
30920.7
3895.3
819.2
40763.4
5902.34
20.48
46088.2
11243.5
3358.72
26431.5
12357.6
11395.1
5570.56
26083.3
13070.3
12030
5402.62
4956.16
4993.02
19943.4
1486.85
19447.8
14807
9555.97
11554.8
6332.42
10231.8
14241.8
7372.8
466.944
0
0
462.848
73.728
573.44
0
49.152
0
618.496
655.36
0
0
536.576
1310.72
155.648
0
32.768
0
339.968
409.6
0
0
495.616
1449.98
122.88
0
245.76
0
888.832
135.168
0
0
212.992
65.536
348.16
0
540.672
0
1544.19
245.76
0
0
0
57.344
364.544
0
544.768
0
626.688
1101.82
0
0
0
65.536
364.544
0
540.672
0
0
1740.8
0
0
0
53.248
344.064
0
491.52
0
0
1626.11
86.016
0
0
49.152
237.568
4.096
356.352
0
0
1282.05
81.92
0
0
65.536
0
290.816
438.272
0
0
1417.22
81.92
0
0
57.344
0
315.392
466.944
0
0
1490.94
102.4
0
0
73.728
999.424
110.592
200.704
0
417.792
0
692.224
0
0
61.44
1339.39
139.264
237.568
0
0
811.008
192.512
0
0
57.344
0
311.296
28.672
413.696
0
1314.82
184.32
0
0
53.248
0
307.2
40.96
417.792
0
1392.64
212.992
0
0
81.92
0
274.432
24.576
352.256
0
1052.67
200.704
0
90.112
65.536
0
241.664
45.056
307.2
77.824
1052.67
208.896
0
573.44
98.304
0
270.336
45.056
385.024
0
1462.27
237.568
0
0
61.44
0
290.816
40.96
385.024
0
1208.32
229.376
0
0
61.44
0
253.952
40.96
385.024
0
1159.17
212.992
0
0
122.88
0
311.296
28.672
434.176
0
1335.3
249.856
233.472
221.184
225.28
0
0
0
434.176
0
1380.35
0
225.28
262.144
229.376
0
0
0
471.04
0
1396.74
0
167.936
270.336
225.28
0
0
0
446.464
0
1310.72
0
200.704
241.664
233.472
0
0
0
446.464
0
1605.63
0
163.84
245.76
233.472
0
0
0
450.56
0
1417.22
0
172.032
253.952
233.472
0
0
0
454.656
0
1445.89
0
339.968
442.368
0
0
0
0
28.672
0
1859.58
0
323.584
360.448
0
0
0
0
32.768
0
1310.72
0
294.912
401.408
0
0
0
0
36.864
0
32.768
1581.06
286.72
356.352
0
0
339.968
0
28.672
0
20.48
1658.88
274.432
405.504
0
0
0
0
32.768
0
24.576
1646.59
282.624
364.544
0
0
0
0
0
36.864
28.672
1511.42
299.008
204.8
192.512
0
0
0
0
32.768
20.48
1552.38
245.76
49.152
303.104
0
0
0
0
53.248
28.672
1712.13
200.704
151.552
319.488
0
0
0
0
36.864
28.672
1232.9
0
315.392
299.008
0
0
0
0
36.864
28.672
0
0
856.064
851.968
0
516.096
0
0
98.304
28.672
0
0
712.704
2101.25
44281.9
41803.8
51302.4
40362
50786.3
2146.3
1474.56
1011.71
1961.98
1191.94
2232.32
0
1290.24
0
2457.6
20.48
2650.11
3256.32
1134.59
2838.53
1073.15
1191.94
0
909.312
4476.93
868.352
0
6676.48
294.912
0
0
454.656
0
1548.29
0
32.768
208.896
0
303.104
0
0
466.944
0
622.592
0
49.152
618.496
0
610.304
0
0
589.824
0
1503.23
0
24.576
188.416
1400.83
286.72
0
0
462.848
0
1503.23
0
49.152
212.992
0
344.064
0
0
479.232
0
1556.48
0
28.672
221.184
0
323.584
0
0
479.232
0
1536
0
40.96
217.088
0
331.776
0
0
495.616
0
1515.52
0
28.672
221.184
0
335.872
360.448
0
397.312
0
28.672
0
36.864
471.04
0
1384.45
114.688
0
217.088
0
835.584
0
94.208
217.088
0
286.72
344.064
0
446.464
0
32.768
0
28.672
589.824
0
1593.34
65.536
0
155.648
40.96
32.768
0
24.576
466.944
4.096
1519.62
159.744
0
0
200.704
24.576
0
32.768
454.656
0
0
1581.06
0
0
188.416
32.768
0
24.576
0
462.848
0
1708.03
0
0
204.8
36.864
905.216
69.632
0
204.8
0
659.456
0
0
491.52
36.864
905.216
94.208
0
147.456
90.112
471.04
0
0
331.776
32.768
0
28.672
0
446.464
0
1359.87
0
81.92
167.936
36.864
0
32.768
0
475.136
0
1523.71
4.096
0
204.8
53.248
0
32.768
163.84
413.696
0
1437.7
73.728
0
192.512
32.768
0
28.672
0
401.408
0
1368.06
77.824
0
192.512
32.768
0
24.576
0
487.424
0
