57.344
0
0
0
0
28.672
0
0
0
3330.05
57.344
0
0
0
0
28.672
0
0
0
3448.83
57.344
0
0
0
0
32.768
0
0
0
3719.17
57.344
0
0
0
0
28.672
0
0
0
3477.5
57.344
0
0
0
0
28.672
0
0
0
3641.34
69.632
0
0
0
0
24.576
0
0
0
2793.47
86.016
0
0
0
0
24.576
0
0
0
3309.57
57.344
0
0
0
0
28.672
0
0
0
3260.42
57.344
0
0
0
0
32.768
0
0
0
3645.44
57.344
0
0
0
0
32.768
0
0
0
3497.98
69.632
0
0
0
0
32.768
0
0
0
0
65.536
0
0
0
3731.46
2326.53
0
0
0
0
53.248
0
0
0
0
65.536
0
0
0
0
4587.52
0
0
0
0
65.536
0
0
0
0
20.48
0
0
0
0
6074.37
0
0
0
0
24.576
0
0
0
0
24.576
0
0
0
0
5505.02
0
0
0
0
24.576
0
0
0
0
3649.54
0
0
0
0
28.672
0
0
0
0
3579.9
0
0
0
0
28.672
0
0
0
0
3477.5
0
0
98.304
0
0
0
0
28.672
0
3891.2
0
0
0
0
20.48
0
0
0
0
20.48
0
0
6877.18
0
53.248
0
0
0
0
24.576
0
0
0
0
16.384
0
0
0
0
16.384
0
0
0
0
16.384
0
0
11628.5
0
53.248
0
0
0
0
24.576
0
0
0
0
16.384
0
0
0
0
45.056
0
0
5144.58
0
77.824
0
0
0
0
24.576
0
0
0
0
16.384
0
0
6569.98
0
53.248
0
0
0
0
16.384
0
0
0
0
20.48
0
0
0
0
16.384
0
0
0
0
16.384
0
0
11423.7
0
53.248
0
0
0
0
20.48
0
0
0
0
16.384
0
0
0
0
36.864
0
0
4059.14
2871.3
118.784
0
0
0
0
53.248
0
0
0
0
20.48
0
0
1687.55
5214.21
57.344
73.728
0
0
0
0
28.672
0
0
0
0
20.48
0
0
7217.15
0
61.44
0
0
0
0
28.672
0
0
0
0
20.48
0
0
16.384
0
24.576
0
0
0
0
24.576
0
0
0
0
20.48
0
0
8867.84
0
65.536
0
0
32.768
0
28.672
0
0
0
0
49.152
0
0
16.384
0
24.576
0
0
0
0
20.48
0
0
3895.3
0
0
0
0
20.48
0
0
0
0
20.48
0
0
0
0
4816.9
0
0
0
0
20.48
0
0
0
0
20.48
0
0
0
0
5169.15
0
0
0
0
20.48
0
0
0
0
20.48
0
0
0
0
5042.18
0
0
0
0
20.48
0
0
0
0
16.384
0
0
0
0
4952.06
0
0
0
0
53.248
0
0
0
0
20.48
0
0
0
0
4976.64
0
0
0
0
20.48
0
0
0
0
20.48
0
0
0
0
5066.75
0
0
0
0
49.152
0
0
0
0
20.48
0
0
0
0
933.888
4165.63
0
0
0
57.344
0
0
0
0
16.384
0
0
0
0
45.056
4943.87
0
0
0
53.248
0
0
0
0
20.48
0
0
0
0
77.824
4603.9
0
0
0
73.728
0
0
0
0
24.576
0
0
0
0
20.48
5799.94
0
0
0
57.344
0
0
0
0
24.576
0
0
0
0
20.48
5066.75
0
0
0
49.152
0
0
69.632
0
0
0
0
28.672
0
0
4915.2
0
57.344
0
0
0
0
24.576
0
0
0
0
24.576
0
0
4882.43
0
49.152
0
0
0
28.672
0
0
0
0
20.48
0
0
0
5517.31
53.248
0
0
0
0
20.48
0
0
0
0
24.576
0
0
0
1257.47
4661.25
0
0
0
0
20.48
0
0
0
0
28.672
0
0
0
0
5758.98
0
0
0
0
57.344
0
0
0
0
24.576
0
0
0
0
5799.94
0
0
0
0
24.576
0
0
0
0
20.48
0
0
0
0
5451.78
0
0
0
0
28.672
0
0
0
0
20.48
0
61.44
0
0
5627.9
0
61.44
0
0
0
0
24.576
0
0
0
0
24.576
0
0
5697.54
0
81.92
0
0
0
0
53.248
0
0
0
0
16.384
0
0
6696.96
0
106.496
0
0
0
0
24.576
0
0
0
0
57.344
0
0
6115.33
0
61.44
0
0
0
0
24.576
0
0
0
0
20.48
0
0
5873.66
0
53.248
0
0
0
0
28.672
0
0
0
0
20.48
0
0
5787.65
0
73.728
0
0
0
0
20.48
0
0
0
0
20.48
0
0
6139.9
0
61.44
0
0
0
0
28.672
0
0
0
0
20.48
0
0
5623.81
0
53.248
0
0
0
0
24.576
0
0
45.056
0
1187.84
0
0
45.056
0
0
0
0
16.384
0
2424.83
0
0
45.056
0
1269.76
0
0
45.056
0
0
0
0
20.48
0
2560
0
0
53.248
0
0
0
0
16.384
0
2523.14
0
0
49.152
0
0
0
0
16.384
0
2588.67
0
0
49.152
0
0
0
0
16.384
0
2469.89
0
0
53.248
0
0
0
0
16.384
0
2387.97
0
0
57.344
0
0
0
0
16.384
0
2301.95
0
0
49.152
0
1331.2
0
0
57.344
0
61.44
0
0
0
0
2523.14
0
0
0
0
53.248
0
0
0
0
2584.58
0
0
0
0
65.536
0
0
0
0
3186.69
0
0
0
0
65.536
0
0
0
0
2543.62
0
0
0
0
61.44
0
0
0
0
3182.59
0
0
0
0
57.344
0
0
0
0
3858.43
0
0
0
0
57.344
0
0
0
0
16.384
0
0
0
0
3919.87
0
0
0
0
49.152
0
0
0
0
20.48
0
0
0
0
3608.58
0
0
0
0
49.152
0
0
0
0
2420.74
0
0
0
0
49.152
0
0
0
0
2465.79
0
0
0
0
49.152
0
