0
0
0
0
18477.1
0
0
0
0
102.4
0
0
0
0
81.92
0
0
0
0
81.92
0
0
0
0
16044
0
0
0
0
69.632
0
0
0
0
20.48
0
0
0
0
20.48
0
0
0
0
20.48
0
0
0
0
17158.1
0
0
0
0
94.208
0
0
0
0
49.152
0
0
61.44
0
0
0
0
77.824
0
13688.8
0
0
98.304
0
0
0
0
86.016
0
16.384
0
0
24.576
0
0
0
0
36.864
0
26538
2957.31
0
73.728
0
0
0
0
28.672
0
0
0
0
24.576
0
0
0
0
24.576
0
0
0
0
73.728
0
6008.83
10600.4
0
61.44
0
0
0
0
65.536
0
0
0
0
53.248
0
0
0
0
73.728
0
0
10924
0
106.496
0
0
0
0
32.768
0
0
0
0
24.576
0
0
0
0
24.576
0
0
15233
0
57.344
0
0
0
0
28.672
0
0
0
0
28.672
0
0
0
0
73.728
0
0
14389.2
0
65.536
0
0
0
0
77.824
0
0
0
0
77.824
0
0
0
0
86.016
0
0
25706.5
0
73.728
0
0
0
0
77.824
0
0
0
0
73.728
0
0
0
0
65.536
14626.8
0
0
0
61.44
0
0
0
0
24.576
16.384
0
0
0
24.576
21000.2
0
0
0
86.016
0
0
0
0
65.536
0
0
0
0
65.536
0
0
0
0
61.44
16601.1
0
0
0
57.344
7069.7
0
0
0
81.92
32.768
0
0
0
32.768
0
0
0
0
24.576
20082.7
0
0
0
65.536
0
0
0
0
28.672
0
0
0
0
73.728
11616.3
0
0
0
86.016
3248.13
0
0
0
65.536
0
0
0
0
24.576
16.384
0
0
0
61.44
18898.9
10055.7
0
0
94.208
4956.16
0
0
0
45.056
0
0
0
0
20.48
0
0
0
0
20.48
9007.1
15376.4
0
0
86.016
0
0
0
0
61.44
0
16.384
0
0
73.728
0
0
0
0
20.48
0
23490.6
0
0
61.44
0
0
0
0
61.44
0
32.768
0
0
28.672
0
0
0
0
61.44
0
18341.9
0
0
53.248
0
5001.22
0
0
69.632
0
16.384
0
0
77.824
0
0
0
0
24.576
65.536
16982
0
0
0
98.304
0
0
0
0
24.576
0
0
0
0
61.44
0
0
0
0
65.536
0
0
0
0
8622.08
8204.29
0
0
0
69.632
0
0
0
0
65.536
0
0
0
0
77.824
16638
0
0
0
61.44
0
0
0
0
69.632
0
0
0
0
65.536
12181.5
0
0
0
77.824
2973.7
0
0
0
49.152
0
0
0
0
24.576
16.384
0
0
0
28.672
22466.6
0
0
0
81.92
0
0
0
0
28.672
0
0
0
0
73.728
0
0
0
0
20.48
19451.9
0
0
0
77.824
0
0
0
0
28.672
0
0
0
0
57.344
26464.3
0
0
0
86.016
0
0
0
0
24.576
0
0
0
0
24.576
16.384
0
0
0
28.672
22872.1
0
0
0
61.44
0
0
0
0
28.672
0
0
0
0
86.016
0
0
0
0
57.344
13385.7
0
0
0
61.44
0
0
0
0
24.576
0
0
0
0
20.48
17395.7
0
0
0
77.824
0
0
0
0
65.536
0
0
0
0
20.48
17227.8
0
0
0
61.44
0
0
0
0
24.576
0
0
0
0
86.016
0
0
0
0
57.344
3276.8
7299.07
0
0
73.728
0
8593.41
0
0
49.152
65.536
0
0
0
0
28.672
0
0
0
0
20.48
0
0
0
0
13336.6
0
0
0
0
90.112
0
0
0
0
73.728
0
0
0
0
13283.3
0
0
0
0
57.344
0
0
0
0
24.576
0
0
0
0
12775.4
0
0
0
0
53.248
0
0
0
0
65.536
0
77.824
0
0
3661.82
8499.2
65.536
0
0
0
0
28.672
0
0
0
0
73.728
0
0
0
12202
90.112
0
0
0
0
20.48
0
0
0
0
20.48
0
0
0
14381.1
53.248
0
0
0
0
36.864
0
0
0
0
20.48
0
0
0
24571.9
61.44
0
0
0
0
65.536
0
0
0
0
65.536
0
0
0
0
65.536
0
0
0
13590.5
81.92
0
0
0
0
20.48
0
0
0
0
20.48
0
0
0
10891.3
49.152
0
0
0
0
20.48
0
0
0
0
24.576
0
0
0
11857.9
49.152
0
0
0
0
24.576
0
0
0
0
61.44
0
0
0
11931.6
102.4
0
0
0
0
61.44
0
0
0
0
24.576
0
0
0
15851.5
69.632
0
0
0
0
24.576
0
0
0
0
40.96
0
0
0
24907.8
65.536
0
0
0
0
28.672
0
0
0
0
81.92
0
0
0
0
20.48
0
0
0
0
20.48
0
0
17637.4
0
86.016
0
0
0
0
28.672
0
0
0
0
20.48
0
0
0
0
20.48
0
0
22175.7
0
53.248
0
0
0
0
81.92
0
0
0
0
65.536
0
0
0
0
24.576
0
0
18890.8
0
65.536
0
0
0
0
28.672
0
0
0
0
28.672
0
0
0
0
61.44
0
0
15712.3
0
61.44
0
0
0
0
61.44
0
0
0
0
49.152
0
0
0
0
20.48
0
0
5115.9
17133.6
81.92
0
0
0
9568.26
77.824
0
0
0
0
24.576
0
0
0
0
24.576
0
0
0
0
24.576
0
0
0
12501
57.344
0
0
0
15048.7
73.728
0
0
0
0
65.536
0
0
0
0
24.576
0
0
0
0
24.576
0
0
0
21975
77.824
0
0
0
16.384
65.536
0
0
0
0
20.48
0
0
0
0
57.344
0
0
0
19562.5
61.44
0
0
0
0
69.632
0
0
0
0
24.576
0
0
0
0
24.576
0
0
0
22016
81.92
0
0
0
12599.3
32.768
0
0
0
0
57.344
0
0
0
