0
36.864
20.48
98.304
4.096
479.232
3440.64
1720.32
106.496
0
4.096
24.576
122.88
16.384
32.768
483.328
3432.45
1060.86
8.192
0
20.48
135.168
4.096
8.192
0
638.976
3518.46
970.752
36.864
28.672
90.112
4.096
36.864
0
53.248
520.192
3428.35
970.752
24.576
86.016
53.248
0
0
61.44
122.88
475.136
3387.39
987.136
131.072
4.096
0
0
49.152
151.552
0
454.656
3448.83
1105.92
8.192
0
0
77.824
131.072
49.152
36.864
471.04
3457.02
974.848
32.768
49.152
57.344
77.824
0
0
36.864
573.44
3416.06
970.752
0
57.344
122.88
0
0
24.576
90.112
462.848
3407.87
958.464
57.344
65.536
0
73.728
98.304
90.112
20.48
483.328
3411.97
1032.19
126.976
16.384
20.48
40.96
147.456
16.384
0
466.944
3477.5
1007.62
12.288
45.056
86.016
98.304
4.096
0
0
593.92
3452.93
962.56
0
24.576
106.496
16.384
36.864
0
81.92
569.344
3358.72
1056.77
45.056
110.592
20.48
61.44
0
65.536
69.632
516.096
3313.66
987.136
131.072
49.152
4.096
36.864
57.344
90.112
8.192
557.056
3428.35
1056.77
4.096
0
0
57.344
106.496
0
0
532.48
3489.79
942.08
0
0
57.344
184.32
0
0
16.384
724.992
3248.13
974.848
0
57.344
69.632
0
102.4
20.48
98.304
696.32
3174.4
983.04
2162.69
135.168
0
40.96
24.576
163.84
4.096
749.568
3112.96
1060.86
53.248
0
45.056
20.48
90.112
8.192
0
684.032
3358.72
1056.77
0
0
24.576
0
8.192
57.344
507.904
106.496
0
5324.8
1986.56
630.784
0
0
49.152
483.328
77.824
8.192
0
5525.5
2277.38
163.84
16.384
53.248
520.192
77.824
0
49.152
196.608
5849.09
1765.38
0
69.632
532.48
69.632
8.192
0
200.704
446.464
5316.61
1773.57
65.536
520.192
86.016
49.152
0
229.376
581.632
0
5120
2011.14
479.232
118.784
0
0
172.032
495.616
0
0
5369.86
2252.8
163.84
0
0
196.608
536.576
0
77.824
57.344
5636.1
2043.9
8.192
20.48
204.8
507.904
20.48
0
53.248
495.616
5222.4
1929.22
266.24
192.512
499.712
45.056
0
53.248
475.136
98.304
4923.39
2117.63
217.088
483.328
0
8.192
69.632
581.632
98.304
0
4960.26
2314.24
483.328
24.576
86.016
57.344
503.808
139.264
0
0
5165.06
2646.02
16.384
8.192
90.112
528.384
98.304
32.768
0
196.608
5496.83
2179.07
7847.94
4423.68
512
98.304
45.056
12.288
245.76
430.08
4927.49
2142.21
90.112
512
114.688
24.576
8.192
196.608
520.192
0
4849.66
2252.8
536.576
249.856
53.248
20.48
196.608
430.08
16.384
8.192
4997.12
2666.5
196.608
0
0
212.992
471.04
0
0
49.152
5636.1
7319.55
7008.26
0
258.048
462.848
0
0
45.056
495.616
5042.18
2109.44
16.384
225.28
491.52
0
8.192
49.152
512
135.168
4907.01
2105.34
274.432
466.944
0
0
98.304
585.728
98.304
16.384
4911.1
2301.95
446.464
0
8.192
53.248
462.848
118.784
0
0
5124.1
2641.92
0
151.552
49.152
8.192
0
98.304
53.248
45.056
1028.1
1572.86
126.976
8.192
0
0
114.688
45.056
0
12.288
1183.74
1585.15
12.288
176.128
0
73.728
49.152
0
8.192
24.576
1327.1
1433.6
49.152
0
69.632
77.824
0
45.056
24.576
81.92
1126.4
1531.9
4.096
69.632
57.344
40.96
0
69.632
102.4
8.192
1155.07
1421.31
102.4
49.152
0
0
24.576
192.512
8.192
0
1081.34
1597.44
45.056
0
0
24.576
159.744
57.344
20.48
0
1212.42
1507.33
28.672
12.288
45.056
94.208
12.288
28.672
61.44
73.728
1142.78
1511.42
4.096
192.512
102.4
16.384
0
0
90.112
94.208
1150.98
1437.7
53.248
94.208
8.192
8.192
20.48
126.976
61.44
40.96
1126.4
1552.38
98.304
32.768
24.576
32.768
122.88
53.248
0
0
1196.03
1544.19
40.96
8.192
36.864
81.92
45.056
28.672
0
20.48
1245.18
1503.23
4.096
0
90.112
40.96
118.784
12.288
40.96
90.112
1040.38
1593.34
45.056
86.016
49.152
16.384
106.496
81.92
106.496
8.192
1150.98
2170.88
110.592
245.76
8.192
20.48
28.672
212.992
32.768
8.192
1101.82
1593.34
53.248
0
0
24.576
98.304
98.304
0
0
1241.09
1470.46
40.96
0
36.864
114.688
8.192
40.96
0
69.632
1224.7
1404.93
69.632
28.672
90.112
4.096
24.576
28.672
77.824
49.152
1138.69
1519.62
36.864
94.208
4.096
0
8.192
110.592
45.056
0
1183.74
1499.14
77.824
8.192
12.288
0
98.304
45.056
0
0
1142.78
1581.06
12.288
176.128
0
86.016
8.192
12.288
94.208
77.824
0
1175.55
3608.58
184.32
20.48
0
0
53.248
94.208
0
8.192
1216.51
3756.03
61.44
86.016
0
49.152
81.92
0
24.576
12.288
1282.05
3620.86
40.96
0
98.304
69.632
4.096
8.192
8.192
106.496
1220.61
3608.58
8.192
45.056
114.688
16.384
8.192
12.288
114.688
20.48
1183.74
3661.82
77.824
81.92
0
0
86.016
110.592
16.384
0
1208.32
3612.67
122.88
0
0
8.192
114.688
61.44
32.768
0
1253.38
3604.48
73.728
12.288
8.192
102.4
28.672
0
28.672
49.152
1277.95
3584
16.384
90.112
147.456
28.672
12.288
0
49.152
94.208
1171.46
3629.06
45.056
98.304
57.344
8.192
0
65.536
73.728
0
1216.51
3604.48
106.496
16.384
20.48
0
94.208
81.92
0
0
1175.55
3706.88
57.344
8.192
0
57.344
106.496
0
0
8.192
1343.49
3719.17
856.064
0
57.344
57.344
73.728
12.288
65.536
102.4
1273.86
3354.62
184.32
94.208
61.44
0
12.288
8.192
118.784
16.384
1232.9
3526.66
81.92
167.936
49.152
0
8.192
98.304
20.48
24.576
1232.9
3612.67
73.728
0
0
53.248
126.976
8.192
0
0
1429.5
3604.48
12.288
0
12.288
155.648
12.288
0
0
49.152
1433.6
3375.1
69.632
8.192
102.4
16.384
61.44
0
53.248
77.824
1323.01
3497.98
12.288
102.4
12.288
0
12.288
81.92
73.728
8.192
1425.41
3358.72
135.168
12.288
8.192
0
86.016
110.592
0
0
1409.02
3485.7
57.344
81.92
0
65.536
32.768
40.96
0
0
0
671.744
602.112
94.208
24.576
0
40.96
8.192
0
0
53.248
737.28
544.768
73.728
40.96
0
32.768
57.344
0
0
0
700.416
565.248
77.824
24.576
0
40.96
0
32.768
0
0
704.512
561.152
65.536
24.576
32.768
0
0
40.96
40.96
0
675.84
569.344
106.496
73.728
0
0
0
40.96
24.576
0
733.184
565.248
65.536
24.576
0
45.056
159.744
0
32.768
0
671.744
602.112
69.632
57.344
172.032
0
49.152
0
0
49.152
675.84
593.92
40.96
65.536
32.768
0
0
53.248
0
0
671.744
614.4
69.632
24.576
0
94.208
114.688
131.072
8.192
0
897.024
577.536
73.728
188.416
131.072
49.152
32.768
0
0
0
798.72
704.512
69.632
40.96
270.336
0
49.152
0
0
0
843.776
602.112
49.152
24.576
106.496
49.152
0
32.768
122.88
0
733.184
589.824
315.392
147.456
0
114.688
204.8
53.248
77.824
0
761.856
479.232
176.128
81.92
0
98.304
0
24.576
0
32.768
737.28
540.672
40.96
24.576
40.96
0
16.384
0
0
0
679.936
598.016
69.632
24.576
0
32.768
49.152
0
0
0
647.168
598.016
131.072
24.576
0
53.248
40.96
0
0
0
765.952
815.104
49.152
53.248
0
0
40.96
57.344
0
0
4931.58
626.688
61.44
24.576
32.768
0
0
0
0
0
610.304
684.032
65.536
65.536
0
32.768
