0
0
1421.31
61.44
0
0
0
0
28.672
0
0
0
2498.56
61.44
0
0
0
0
32.768
0
0
0
2498.56
61.44
0
0
0
1597.44
73.728
0
0
0
1347.58
65.536
0
0
0
0
28.672
0
0
0
9658.37
65.536
0
0
0
0
28.672
0
0
0
0
57.344
0
0
0
4866.05
126.976
0
0
0
0
24.576
0
0
0
0
20.48
0
0
0
6483.97
69.632
0
0
0
0
28.672
0
0
0
0
20.48
0
0
0
3833.86
57.344
0
0
0
0
32.768
0
0
0
0
20.48
0
0
0
4149.25
57.344
0
0
0
0
24.576
0
0
0
0
20.48
0
0
0
3756.03
57.344
0
0
0
0
32.768
0
0
0
0
20.48
0
0
0
3784.7
69.632
0
0
0
0
28.672
0
0
0
0
24.576
0
0
0
11235.3
65.536
0
0
0
0
20.48
0
0
0
0
32.768
0
0
0
4001.79
61.44
0
0
0
0
28.672
0
0
0
0
24.576
0
0
0
3784.7
61.44
0
0
0
0
28.672
0
0
0
2379.78
73.728
0
0
0
0
24.576
0
0
0
2801.66
65.536
0
0
0
0
20.48
0
0
0
0
20.48
0
12169.2
0
0
86.016
0
0
0
0
20.48
0
0
0
0
20.48
0
0
0
0
20.48
0
12189.7
0
0
65.536
0
0
0
0
53.248
0
0
0
0
20.48
0
0
0
0
20.48
0
17891.3
0
0
65.536
0
0
0
0
16.384
0
0
0
0
57.344
0
0
0
0
20.48
0
9453.57
0
0
65.536
0
0
0
0
24.576
0
0
0
0
20.48
0
0
0
0
20.48
0
11460.6
0
0
57.344
0
0
0
0
61.44
0
0
0
0
20.48
0
0
0
61.44
0
0
11788.3
0
90.112
0
0
0
0
20.48
0
0
0
0
61.44
0
0
0
0
45.056
0
0
11710.5
0
61.44
0
0
0
0
20.48
0
0
0
0
16.384
0
0
0
0
16.384
0
0
17879
0
86.016
0
0
0
0
24.576
0
0
0
0
20.48
0
0
0
0
65.536
0
0
0
0
20.48
0
0
12021.8
0
65.536
0
0
0
0
28.672
0
0
0
0
24.576
0
0
0
0
20.48
0
0
10752
0
57.344
0
0
0
0
0
57.344
0
0
0
0
28.672
0
0
0
0
53.248
0
0
7860.22
0
90.112
0
0
0
0
24.576
0
0
0
0
24.576
0
0
7585.79
0
53.248
0
0
0
0
28.672
0
0
0
0
53.248
0
0
14471.2
0
61.44
0
0
0
0
94.208
0
0
0
0
28.672
0
0
0
0
24.576
0
0
9666.56
0
57.344
0
0
0
0
28.672
0
0
0
0
24.576
0
0
8220.67
0
90.112
0
0
0
0
20.48
0
0
4116.48
765.952
49.152
0
0
0
0
20.48
0
0
0
0
20.48
0
0
1036.29
6623.23
69.632
0
0
0
0
49.152
0
0
0
0
20.48
0
0
0
7512.06
57.344
0
0
0
0
24.576
0
0
0
0
20.48
0
0
0
7073.79
53.248
0
0
0
0
28.672
0
0
0
0
40.96
0
0
0
13307.9
98.304
0
0
0
0
24.576
0
0
0
0
20.48
0
0
0
7491.58
49.152
0
0
0
0
65.536
0
0
0
0
20.48
0
0
0
7159.81
57.344
0
0
0
0
24.576
0
0
0
0
20.48
0
0
0
7110.66
49.152
0
0
0
0
0
0
0
790.528
3559.42
0
0
0
0
24.576
0
0
0
0
16.384
0
0
0
0
5472.26
0
0
0
0
28.672
0
0
0
0
16.384
0
0
0
0
4706.3
0
0
0
0
53.248
0
0
0
0
20.48
0
0
0
0
12427.3
0
0
0
0
61.44
0
0
0
0
16.384
0
0
0
0
32.768
0
0
0
0
5595.14
0
0
0
0
49.152
0
0
0
0
16.384
0
0
0
0
4411.39
0
0
0
0
49.152
0
0
0
0
16.384
0
0
0
0
4440.06
0
0
0
0
40.96
0
0
0
0
16.384
0
0
0
0
4325.38
0
0
0
0
49.152
0
0
0
0
16.384
0
0
0
0
4231.17
0
0
0
0
49.152
0
0
0
0
16.384
0
0
0
0
11526.1
0
0
0
0
61.44
0
0
0
0
16.384
0
0
0
0
40.96
0
0
0
0
5521.41
0
0
0
0
53.248
0
0
0
0
2662.4
0
0
0
0
45.056
0
0
0
0
2584.58
0
0
0
0
45.056
0
0
0
0
3776.51
0
0
0
0
57.344
0
0
49.152
7045.12
0
0
0
61.44
0
0
0
0
20.48
0
0
0
0
20.48
0
0
0
0
20.48
0
7831.55
0
0
53.248
0
0
0
0
61.44
0
0
0
0
53.248
0
0
0
0
24.576
0
0
0
0
20.48
0
17973.2
0
0
65.536
0
0
0
0
28.672
0
0
0
0
49.152
0
0
0
0
16.384
0
0
0
0
16.384
0
0
0
0
16.384
0
6721.54
0
0
45.056
0
49.152
0
0
16.384
0
0
0
0
16.384
0
6324.22
0
0
36.864
0
0
0
0
16.384
0
0
0
0
16.384
0
6803.46
0
0
49.152
0
0
0
0
20.48
0
28.672
0
0
61.44
0
0
0
0
20.48
0
6164.48
0
0
65.536
0
0
0
0
20.48
0
0
0
0
24.576
0
0
0
0
20.48
0
0
0
0
20.48
0
17018.9
0
0
57.344
0
0
0
0
24.576
0
0
0
0
24.576
0
0
0
0
20.48
0
7733.25
0
0
53.248
0
0
0
0
57.344
0
0
0
0
69.632
0
0
0
0
16.384
0
0
0
0
16.384
0
9461.76
0
0
