3309.57
2633.73
4452.35
6553.6
3014.66
1822.72
3289.09
2912.26
3170.3
2621.44
2633.73
2363.39
4915.2
7057.41
2281.47
2039.81
2330.62
3313.66
3440.64
3383.3
2949.12
2646.02
5349.38
6455.3
3182.59
3055.62
2367.49
3121.15
3031.04
2863.1
3145.73
3100.67
3788.8
8093.7
11440.1
11264
22282.2
8388.61
10367
8224.77
8310.78
8417.28
11972.6
9764.86
8478.72
10268.7
10076.2
8634.37
8544.26
10993.7
11411.5
8888.32
8925.18
11431.9
10993.7
10502.1
8564.74
10407.9
11063.3
8970.24
13185
1630.21
3309.57
5132.29
2473.98
2183.17
2940.93
2945.02
2560
2637.82
2400.26
1929.22
3723.26
6037.5
3162.11
2945.02
5079.04
51007.5
65654.8
79462.4
5545.98
2801.66
4169.73
5361.66
1912.83
2101.25
2437.12
2072.58
2183.17
1929.22
1970.18
2228.22
2662.4
5496.83
2281.47
2256.9
2609.15
2523.14
24989.7
44408.8
49037.3
80953.3
29188.1
5074.94
1724.42
1982.46
1990.66
2179.07
2191.36
2494.46
2240.51
2461.7
4165.63
5767.17
2236.42
2187.26
2424.83
2248.7
2023.42
1871.87
2420.74
2240.51
3616.77
5668.86
2506.75
2605.06
1474.56
2097.15
1548.29
1437.7
1241.09
1400.83
2813.95
5144.58
2199.55
2502.66
2437.12
2801.66
2187.26
2060.29
2322.43
2375.68
3760.13
6246.4
5812.22
5980.16
5771.26
6131.71
5115.9
6279.17
6262.78
6561.79
7442.43
8052.74
4571.14
4956.16
4501.5
4485.12
5722.11
5046.27
4837.38
6025.22
6942.72
16019.5
2514.94
2244.61
1777.66
2162.69
2670.59
2351.1
2396.16
2613.25
4046.85
5312.51
2166.78
2232.32
2482.18
2408.45
2396.16
2015.23
2428.93
2433.02
3792.9
8617.98
6144
6197.25
6852.61
6168.58
5595.14
6565.89
6737.92
4595.71
7499.78
8675.33
5607.42
5496.83
5500.93
6918.14
6660.1
6643.71
6213.63
0
36.864
1064.96
4751.36
1413.12
147.456
122.88
135.168
61.44
0
45.056
172.032
913.408
4730.88
1417.22
401.408
126.976
0
126.976
49.152
282.624
36.864
716.8
4911.1
1540.1
143.36
0
0
90.112
356.352
32.768
4.096
1052.67
4694.02
1667.07
0
176.128
282.624
430.08
135.168
0
0
1236.99
5443.58
1400.83
8.192
45.056
167.936
36.864
65.536
8.192
126.976
1183.74
4538.37
3178.5
4575.23
172.032
32.768
0
0
192.512
163.84
897.024
4702.21
1445.89
315.392
32.768
0
20.48
176.128
122.88
16.384
892.928
4612.1
1748.99
49.152
8.192
0
196.608
131.072
0
16.384
794.624
5017.6
1441.79
16.384
0
126.976
208.896
196.608
131.072
61.44
1073.15
4599.81
1404.93
8.192
126.976
114.688
69.632
12.288
114.688
172.032
917.504
4775.94
1417.22
266.24
122.88
36.864
65.536
61.44
167.936
57.344
880.64
4739.07
1560.58
114.688
0
0
126.976
200.704
32.768
16.384
884.736
4911.1
1540.1
0
212.992
45.056
225.28
53.248
8.192
4.096
1019.9
4866.05
1404.93
0
65.536
208.896
36.864
36.864
8.192
122.88
1167.36
4575.23
1413.12
45.056
176.128
36.864
53.248
155.648
126.976
122.88
876.544
4751.36
1458.18
192.512
188.416
0
49.152
126.976
131.072
77.824
1044.48
4632.58
1589.25
32.768
147.456
0
176.128
122.88
16.384
8.192
1003.52
4845.57
1441.79
0
36.864
131.072
192.512
0
0
40.96
1236.99
4603.9
1429.5
0
290.816
131.072
73.728
0
45.056
167.936
913.408
4714.5
1400.83
139.264
184.32
0
45.056
45.056
167.936
0
237.568
790.528
765.952
8.192
180.224
700.416
16.384
0
0
253.952
212.992
573.44
782.336
139.264
372.736
16.384
8.192
36.864
262.144
221.184
0
585.728
921.6
360.448
16.384
0
0
393.216
221.184
0
12.288
765.952
1458.18
16.384
8.192
4427.78
159.744
57.344
0
0
28.672
1654.78
1769.47
0
0
339.968
237.568
0
8.192
126.976
663.552
1470.46
1871.87
0
294.912
221.184
0
0
106.496
512
446.464
1478.66
1703.94
282.624
233.472
0
16.384
118.784
327.68
32.768
8.192
1323.01
2166.78
245.76
0
8.192
102.4
344.064
81.92
0
16.384
1978.37
1941.5
0
0
192.512
794.624
262.144
98.304
20.48
266.24
1183.74
2039.81
8.192
126.976
327.68
16.384
8.192
0
299.008
221.184
1527.81
1740.8
143.36
339.968
32.768
81.92
12.288
270.336
245.76
0
1302.53
2035.71
331.776
16.384
0
57.344
323.584
258.048
20.48
0
1482.75
2199.55
24.576
0
0
278.528
217.088
24.576
8.192
118.784
1708.03
1863.68
0
0
311.296
233.472
65.536
8.192
102.4
327.68
1425.41
1728.51
0
303.104
217.088
0
61.44
307.2
335.872
24.576
1413.12
1937.41
241.664
266.24
0
0
122.88
339.968
270.336
0
1429.5
2088.96
237.568
0
0
118.784
344.064
16.384
8.192
0
1687.55
1994.75
0
0
167.936
348.16
24.576
0
229.376
307.2
1613.82
1835.01
40.96
126.976
356.352
16.384
0
0
253.952
307.2
1404.93
1699.84
155.648
360.448
16.384
8.192
0
282.624
204.8
6045.7
5840.9
36896.8
42561.5
46682.1
62951.4
67358.7
50028.5
37744.6
5890.05
4927.49
5132.29
5816.32
8675.33
5181.44
4947.97
3260.42
6369.28
6115.33
7237.63
6123.52
5443.58
5873.66
9187.33
6737.92
6537.22
5099.52
5263.36
6012.93
6291.46
4829.18
7045.12
5214.21
6201.34
5525.5
5025.79
4882.43
4354.05
3518.46
3989.5
4521.98
3964.93
50884.6
50380.8
49487.9
76714
68005.9
30294
4427.78
4554.75
4689.92
4890.62
4407.3
6692.86
4808.7
4235.26
3842.05
4276.22
3731.46
5017.6
5341.18
55980
56856.6
53739.5
22454.3
4591.62
4055.04
4612.1
5373.95
4431.87
21475.3
37695.5
28553.2
45805.6
48390.1
57802.8
21401.6
4755.46
5029.89
4296.7
6156.29
5996.54
12546
51761.2
14635
5058.56
5963.78
5144.58
5742.59
3702.78
5267.46
6062.08
4853.76
5066.75
7761.92
6275.07
6709.25
5976.06
6008.83
6266.88
5083.14
4399.1
5877.76
12587
50864.1
51748.9
64540.7
75489.3
39788.5
6594.56
5001.22
5836.8
6311.94
9715.71
6430.72
5722.11
5443.58
7020.54
4464.64
5292.03
5283.84
5951.49
6414.34
8912.9
7467.01
7315.46
5533.7
5189.63
4710.4
4149.25
4329.47
16326.7
51568.6
46112.8
66760.7
63926.3
26628.1
6029.31
7200.77
5140.48
5824.51
5242.88
5406.72
9113.6
7397.38
6946.82
5902.34
5664.77
5304.32
5832.7
5804.03
6975.49
6959.1
8310.78
5992.45
5029.89
4882.43
55455.7
35500
19021.8
63664.1
86847.5
55529.5
26882
6483.97
5705.73
5754.88
5148.67
7421.95
5902.34
5541.89
5705.73
7237.63
8482.82
6123.52
5214.21
6615.04
4911.1
6676.48
5341.18
5451.78
6545.41
6512.64
8433.66
6909.95
5799.94
5492.74
5902.34
5214.21
27332.6
49618.9
48443.4
64434.2
65249.3
59301.9
34390
4726.78
5861.38
6066.18
6266.88
5763.07
2269.18
1892.35
2056.19
2752.51
2506.75
1568.77
1953.79
2191.36
2293.76
1802.24
1794.05
1630.21
2334.72
2863.1
1818.62
1699.84
1978.37
2166.78
2273.28
2420.74
2101.25
1830.91
2662.4
2813.95
2289.66
2080.77
1708.03
2060.29
2109.44
1961.98
2113.54
2121.73
1785.86
1994.75
6234.11
26791.9
44683.3
46268.4
48545.8
60919.8
54439.9
47861.8
35602.4
11071.5
8392.7
9949.18
7512.06
9961.47
10084.4
8085.5
10350.6
8028.16
10043.4
10887.2
9338.88
9191.42
9949.18
7946.24
10203.1
10162.2
9293.82
47304.7
22675.5
8585.22
10260.5
10154
8331.26
10453
8200.19
9281.54
9101.31
10055.7
6070.27
11296.8
10850.3
10514.4
6381.57
5599.23
8105.98
8269.82
9576.45
9277.44
17276.9
3043.33
2473.98
2314.24
2580.48
2363.39
3026.94
2113.54
2486.27
2838.53
2412.54
2572.29
2908.16
2732.03
3395.58
2740.22
2621.44
3010.56
2379.78
2297.86
3215.36
3227.65
2392.06
2256.9
2170.88
2613.25
2605.06
3211.26
2289.66
3080.19
3416.06
3911.68
2494.46
2633.73
2768.9
2555.9
2441.22
2564.1
2543.62
2785.28
2842.62
3530.75
3112.96
3055.62
24612.9
26726.4
38899.7
34455.6
53538.8
44199.9
36589.6
39854.1
2646.02
2674.69
2924.54
2871.3
2838.53
2260.99
2805.76
2617.34
2764.8
3641.34
3379.2
3014.66
2985.98
2912.26
2736.13
2904.06
2973.7
3276.8
3420.16
3305.47
2273.28
2584.58
2134.02
1953.79
2985.98
2445.31
2068.48
2637.82
2654.21
3657.73
2752.51
2981.89
2580.48
2445.31
3051.52
2953.22
2715.65
2871.3
3416.06
3137.54
2670.59
2805.76
2899.97
2568.19
2895.87
2420.74
2760.7
2764.8
3014.66
3395.58
2973.7
2605.06
2797.57
2670.59
2584.58
2437.12
2740.22
2084.86
2478.08
2883.58
2404.35
2666.5
2465.79
2981.89
3084.29
2908.16
2830.34
