0
45.056
126.976
0
0
4.096
81.92
1060.86
3297.28
573.44
36.864
81.92
8.192
0
28.672
147.456
40.96
1007.62
3403.78
544.768
77.824
4.096
36.864
16.384
49.152
73.728
8.192
995.328
3461.12
569.344
0
0
8.192
102.4
28.672
8.192
57.344
905.216
3514.37
458.752
16.384
12.288
102.4
24.576
0
12.288
53.248
1228.8
3284.99
823.296
16.384
86.016
20.48
0
36.864
40.96
73.728
1105.92
3317.76
557.056
102.4
20.48
0
36.864
131.072
77.824
8.192
1024
3354.62
1323.01
16.384
0
0
40.96
114.688
8.192
0
1171.46
3305.47
610.304
0
106.496
36.864
77.824
0
0
73.728
1126.4
3358.72
499.712
49.152
40.96
122.88
8.192
0
8.192
81.92
1069.06
3313.66
901.12
36.864
73.728
0
36.864
16.384
81.92
28.672
991.232
3350.53
573.44
81.92
0
36.864
8.192
98.304
24.576
0
991.232
3366.91
651.264
0
0
8.192
126.976
28.672
0
28.672
1060.86
3485.7
516.096
32.768
8.192
81.92
24.576
8.192
36.864
36.864
1110.02
3289.09
524.288
24.576
159.744
49.152
0
0
40.96
98.304
1019.9
3436.54
454.656
81.92
32.768
0
36.864
106.496
69.632
0
1032.19
3166.21
782.336
32.768
32.768
0
40.96
69.632
20.48
53.248
1028.1
3366.91
618.496
0
0
61.44
110.592
20.48
0
8.192
1114.11
3317.76
524.288
20.48
36.864
86.016
0
49.152
12.288
81.92
1044.48
3366.91
491.52
307.2
98.304
0
16.384
28.672
172.032
20.48
905.216
3379.2
581.632
69.632
0
212.992
483.328
0
0
45.056
434.176
1605.63
4648.96
1712.13
225.28
450.56
16.384
0
73.728
458.752
192.512
1216.51
4861.95
1421.31
495.616
0
8.192
73.728
397.312
184.32
12.288
1171.46
5070.85
1560.58
0
0
45.056
442.368
167.936
49.152
24.576
1675.26
4980.74
1097.73
4.096
73.728
471.04
147.456
0
0
196.608
1867.78
4579.33
1273.86
102.4
487.424
143.36
0
4.096
196.608
593.92
1437.7
4644.86
1818.62
16805.9
151.552
0
8.192
225.28
434.176
16.384
1273.86
4820.99
1499.14
126.976
0
0
188.416
425.984
16.384
0
1556.48
5062.66
1241.09
0
8.192
204.8
446.464
131.072
0
49.152
1871.87
4784.13
1077.25
0
225.28
471.04
24.576
0
53.248
405.504
1425.41
4808.7
1060.86
204.8
413.696
0
12.288
69.632
413.696
167.936
1265.66
4780.03
1286.14
479.232
0
4.096
49.152
421.888
143.36
16.384
1572.86
4771.84
1630.21
0
0
53.248
425.984
163.84
0
32.768
1515.52
5308.42
1052.67
12.288
65.536
430.08
143.36
16.384
8.192
196.608
1908.74
4562.94
1056.77
77.824
438.272
188.416
0
0
196.608
495.616
1101.82
4939.78
1150.98
438.272
163.84
0
8.192
200.704
413.696
0
1437.7
4640.77
1433.6
147.456
40.96
0
196.608
417.792
28.672
28.672
1413.12
5124.1
1306.62
0
0
237.568
442.368
20.48
0
53.248
1994.75
4755.46
1048.58
16.384
208.896
417.792
0
86.016
65.536
413.696
1658.88
5251.07
17895.4
258.048
471.04
0
16.384
77.824
450.56
151.552
1265.66
4759.55
1265.66
393.216
8.192
49.152
77.824
0
73.728
12.288
90.112
1007.62
1572.86
61.44
45.056
73.728
0
0
114.688
98.304
32.768
966.656
1552.38
155.648
77.824
0
8.192
16.384
110.592
126.976
0
954.368
1638.4
106.496
0
0
16.384
98.304
49.152
69.632
20.48
1044.48
1593.34
126.976
8.192
20.48
102.4
12.288
49.152
40.96
49.152
1097.73
1609.73
32.768
20.48
86.016
12.288
12.288
32.768
49.152
327.68
970.752
1544.19
126.976
94.208
12.288
8.192
0
86.016
65.536
49.152
966.656
1576.96
147.456
8.192
0
28.672
49.152
114.688
0
0
966.656
1708.03
73.728
8.192
12.288
53.248
61.44
32.768
0
20.48
1064.96
1593.34
32.768
0
49.152
81.92
36.864
32.768
16.384
81.92
978.944
1560.58
122.88
45.056
69.632
0
12.288
327.68
86.016
12.288
966.656
1630.21
86.016
69.632
0
8.192
20.48
188.416
12.288
159.744
942.08
1597.44
139.264
0
0
20.48
106.496
53.248
57.344
69.632
1085.44
1556.48
106.496
8.192
57.344
90.112
8.192
40.96
0
65.536
1110.02
1474.56
106.496
16.384
122.88
32.768
0
45.056
57.344
122.88
974.848
1531.9
122.88
86.016
16.384
8.192
0
77.824
65.536
0
1081.34
1507.33
192.512
57.344
0
0
49.152
98.304
12.288
16.384
1048.58
1695.74
73.728
0
0
69.632
94.208
32.768
0
20.48
1290.24
1540.1
90.112
16.384
49.152
81.92
0
61.44
16.384
86.016
1040.38
1568.77
73.728
73.728
65.536
180.224
20.48
98.304
94.208
12.288
958.464
1527.81
176.128
57.344
12.288
122.88
303.104
0
0
28.672
106.496
2584.58
2256.9
11345.9
5963.78
40.96
8.192
0
36.864
159.744
0
2740.22
2179.07
106.496
86.016
0
8.192
61.44
69.632
28.672
0
2826.24
2011.14
73.728
0
0
77.824
73.728
0
16.384
4.096
2732.03
2125.82
32.768
4.096
40.96
118.784
16.384
8.192
12.288
77.824
2789.38
2035.71
4.096
139.264
77.824
0
90.112
8.192
102.4
122.88
2580.48
2191.36
73.728
135.168
0
8.192
28.672
73.728
36.864
8.192
2871.3
1986.56
77.824
0
0
57.344
73.728
32.768
8.192
0
2723.84
2187.26
40.96
16.384
8.192
77.824
73.728
0
0
36.864
2805.76
2146.3
32.768
8.192
86.016
32.768
245.76
0
32.768
73.728
2678.78
2129.92
36.864
77.824
28.672
0
77.824
40.96
81.92
0
2760.7
2048
135.168
49.152
0
8.192
36.864
106.496
0
77.824
2564.1
2256.9
106.496
0
0
49.152
151.552
28.672
0
36.864
2707.46
2191.36
40.96
8.192
36.864
77.824
0
36.864
8.192
65.536
2699.26
2080.77
106.496
32.768
98.304
0
204.8
8.192
122.88
32.768
2572.29
2220.03
40.96
122.88
8.192
8.192
12.288
65.536
53.248
0
2813.95
11178
225.28
0
8.192
4.096
81.92
73.728
0
8.192
2772.99
2121.73
12.288
0
61.44
73.728
294.912
0
0
122.88
2580.48
2334.72
704.512
8.192
61.44
28.672
28.672
77.824
45.056
81.92
2744.32
2052.1
12.288
147.456
36.864
0
356.352
36.864
131.072
0
2801.66
1986.56
77.824
28.672
90.112
69.632
0
0
0
0
40.96
737.28
696.32
36.864
8.192
24.576
45.056
0
122.88
32.768
126.976
610.304
622.592
147.456
36.864
24.576
32.768
0
159.744
270.336
0
544.768
761.856
86.016
8.192
24.576
122.88
0
0
40.96
131.072
794.624
712.704
32.768
102.4
28.672
131.072
0
8.192
0
61.44
606.208
819.2
36.864
8.192
77.824
0
32.768
0
0
45.056
647.168
614.4
204.8
8.192
24.576
40.96
49.152
0
0
0
643.072
643.072
57.344
8.192
65.536
0
32.768
0
0
0
679.936
630.784
49.152
86.016
20.48
49.152
81.92
0
0
0
679.936
626.688
32.768
8.192
40.96
53.248
0
0
0
0
675.84
626.688
32.768
36.864
24.576
65.536
32.768
0
0
0
667.648
626.688
40.96
8.192
24.576
16.384
40.96
0
0
40.96
651.264
630.784
24.576
36.864
65.536
8.192
36.864
0
0
122.88
626.688
823.296
40.96
45.056
20.48
0
53.248
49.152
0
0
651.264
622.592
385.024
8.192
65.536
155.648
0
73.728
0
253.952
610.304
729.088
65.536
12.288
454.656
57.344
0
0
0
0
622.592
602.112
172.032
172.032
16.384
0
0
0
122.88
32.768
819.2
782.336
163.84
8.192
188.416
516.096
122.88
0
0
45.056
765.952
598.016
192.512
36.864
24.576
376.832
8.192
49.152
0
0
606.208
724.992
167.936
131.072
16.384
0
385.024
143.36
24.576
0
643.072
630.784
73.728
8.192
