0
10625
0
0
57.344
0
0
0
0
69.632
0
0
0
0
20.48
0
10268.7
0
0
65.536
0
0
0
0
24.576
0
0
0
0
65.536
0
9998.34
0
0
69.632
0
0
0
0
28.672
0
0
0
0
24.576
0
6512.64
0
0
98.304
0
0
0
0
65.536
0
0
0
0
20.48
0
10620.9
0
0
65.536
0
0
0
0
28.672
0
0
0
0
20.48
0
9891.84
0
0
53.248
0
0
0
0
24.576
0
0
0
0
65.536
0
8126.46
0
0
69.632
0
0
0
0
28.672
0
0
0
0
24.576
0
3305.47
6914.05
0
57.344
0
0
0
0
69.632
0
0
0
61.44
0
0
0
10199
69.632
0
0
0
0
77.824
0
0
0
0
69.632
0
0
0
10133.5
86.016
0
0
0
0
24.576
0
0
0
0
20.48
0
0
0
10522.6
65.536
0
0
0
0
28.672
0
0
0
0
20.48
0
0
0
6836.22
94.208
0
0
0
0
16.384
0
0
0
0
20.48
0
0
0
10313.7
49.152
0
0
0
0
20.48
0
0
0
0
65.536
0
0
0
9322.5
77.824
0
0
0
0
0
86.016
0
0
0
0
24.576
16.384
0
0
0
57.344
0
0
0
0
45.056
15327.2
0
0
0
65.536
0
0
0
0
24.576
0
0
0
0
24.576
0
0
0
0
61.44
12689.4
0
0
0
61.44
0
0
0
0
20.48
0
0
0
0
57.344
0
0
0
0
20.48
14561.3
0
0
0
61.44
0
0
0
0
28.672
0
0
0
0
57.344
0
0
0
0
73.728
11198.5
0
0
0
65.536
0
0
0
0
57.344
0
0
0
0
20.48
0
0
0
0
20.48
15380.5
0
0
0
57.344
0
0
0
0
20.48
0
0
0
0
61.44
0
0
0
0
20.48
13815.8
0
0
0
147.456
0
0
0
0
53.248
0
0
0
0
24.576
0
0
0
0
20.48
16261.1
0
0
0
65.536
0
0
0
0
24.576
0
0
0
0
81.92
0
0
0
0
53.248
12996.6
0
0
0
77.824
0
0
0
0
24.576
0
0
0
0
20.48
0
0
0
0
20.48
5005.31
12349.4
0
0
57.344
0
0
0
0
61.44
0
0
0
0
24.576
0
0
0
0
57.344
0
10780.7
0
0
0
20.48
0
0
0
0
16.384
10092.5
0
0
0
49.152
0
0
0
0
20.48
0
0
0
0
20.48
9682.94
0
0
0
49.152
0
0
0
0
61.44
0
0
0
0
20.48
7557.12
0
0
0
61.44
0
0
0
0
69.632
0
0
0
0
45.056
9633.79
0
0
0
53.248
0
0
0
0
20.48
0
0
0
0
16.384
9461.76
0
0
0
102.4
0
0
0
0
49.152
0
0
0
0
16.384
9744.38
0
0
0
57.344
0
0
0
0
20.48
0
0
0
0
16.384
9306.11
0
0
0
45.056
0
0
0
0
20.48
0
0
0
0
16.384
0
0
0
0
57.344
8912.9
0
0
0
57.344
0
0
0
0
24.576
0
0
0
0
49.152
0
0
0
0
53.248
10706.9
0
0
0
57.344
0
0
0
0
24.576
1060.86
73.728
0
0
0
0
24.576
0
0
0
7655.42
77.824
0
0
0
0
61.44
0
0
0
16.384
24.576
0
0
0
10047.5
53.248
0
0
0
0
20.48
0
0
0
0
20.48
0
0
0
9703.42
45.056
0
0
0
0
20.48
0
0
0
0
57.344
0
0
53.248
0
11116.5
102.4
0
0
0
0
24.576
0
0
0
0
16.384
0
0
0
16.384
20.48
0
0
0
10190.8
90.112
0
0
0
0
24.576
0
0
0
0
20.48
0
0
0
10403.8
65.536
0
0
0
0
28.672
0
0
0
0
20.48
0
0
0
10838
53.248
0
0
0
0
77.824
0
0
0
0
49.152
0
0
0
10166.3
61.44
0
0
0
0
28.672
0
0
0
0
53.248
0
0
0
10367
61.44
0
0
0
0
20.48
0
0
0
0
65.536
0
0
0
8933.38
57.344
0
0
0
0
24.576
0
0
0
0
49.152
0
0
0
9777.15
61.44
0
0
0
0
24.576
0
0
0
0
20.48
0
0
0
7438.34
86.016
0
0
0
0
24.576
0
0
0
0
61.44
0
0
0
10899.5
57.344
0
0
0
0
24.576
0
0
0
0
16.384
0
0
0
9351.17
94.208
0
0
0
0
61.44
0
0
0
0
20.48
0
0
0
10633.2
61.44
0
0
0
0
24.576
0
0
0
0
20.48
0
0
0
11309.1
61.44
0
0
0
0
73.728
0
0
0
0
57.344
0
0
0
16.384
0
0
0
0
16.384
8269.82
0
0
0
49.152
0
0
0
0
16.384
0
0
0
0
16.384
8146.94
0
0
0
49.152
0
0
0
0
49.152
0
0
0
0
16.384
7016.45
0
0
0
57.344
0
0
0
0
61.44
0
0
0
0
20.48
0
0
0
0
16.384
10088.4
0
0
0
81.92
0
0
0
0
61.44
0
0
0
0
49.152
0
0
0
0
12.288
11141.1
0
0
0
53.248
0
0
0
0
16.384
0
0
0
0
12.288
0
0
0
0
12.288
9838.59
0
0
0
53.248
0
0
0
0
16.384
0
0
0
0
12.288
0
0
0
0
57.344
8380.42
0
0
0
57.344
0
0
0
0
24.576
0
0
0
0
20.48
0
0
0
0
16.384
0
0
0
0
61.44
10547.2
0
0
0
53.248
0
0
0
0
16.384
0
0
0
0
16.384
0
0
0
0
49.152
9064.45
0
0
0
69.632
0
0
0
0
16.384
0
0
0
0
16.384
0
0
0
0
16.384
0
0
0
0
16.384
0
0
0
0
16.384
655.36
10604.5
0
0
45.056
0
4988.93
