0
0
0
0
28.672
0
0
0
0
73.728
0
0
0
0
69.632
0
0
0
0
24.576
0
0
15851.5
0
77.824
0
0
32.768
0
77.824
0
0
24.576
0
65.536
0
0
11210.8
0
49.152
0
0
1138.69
0
0
0
0
36.864
0
0
0
0
8417.28
0
0
0
0
10309.6
0
0
0
0
192.512
0
0
0
0
1101.82
0
0
0
0
5177.34
5283.84
0
0
0
49.152
0
0
0
0
139.264
0
0
0
0
73.728
0
0
0
0
28.672
27177
0
0
0
69.632
0
0
0
0
28.672
0
0
0
0
77.824
0
0
0
0
69.632
15085.6
0
0
0
94.208
0
0
0
0
69.632
0
0
0
0
24.576
0
0
0
0
24.576
24776.7
0
0
0
94.208
0
0
0
0
28.672
0
0
0
0
24.576
0
0
0
0
77.824
21860.4
0
0
0
98.304
0
0
0
0
69.632
0
0
0
0
69.632
0
0
0
0
24.576
21385.2
0
0
0
73.728
1482.75
0
0
0
36.864
0
0
0
0
69.632
0
0
0
0
86.016
13705.2
0
0
0
69.632
0
0
0
16.384
0
0
0
65.536
32.768
0
0
0
0
61.44
0
0
0
0
53.248
0
0
0
13541.4
7921.66
0
0
0
937.984
57.344
0
0
0
0
61.44
0
0
0
98.304
65.536
0
0
0
1019.9
65.536
0
0
0
0
20.48
0
0
0
995.328
32.768
0
0
0
45.056
53.248
0
0
0
131.072
21545
0
0
0
0
1179.65
0
0
0
0
1036.29
57.344
0
0
0
0
20.48
0
0
0
0
53.248
0
0
0
1032.19
28.672
0
0
0
73.728
53.248
0
0
0
20860.9
53.248
0
0
0
0
57.344
0
0
0
0
69.632
0
0
0
1003.52
32.768
0
0
0
0
53.248
0
0
0
1019.9
32.768
0
0
0
110.592
61.44
0
0
0
0
20.48
0
0
0
20742.1
45.056
0
0
0
0
65.536
0
0
0
995.328
61.44
0
0
0
0
53.248
0
0
0
1056.77
36.864
0
0
0
73.728
53.248
0
0
0
28323.8
73.728
0
0
0
0
61.44
0
0
0
0
28.672
0
0
0
0
73.728
0
0
0
0
61.44
0
0
0
0
24.576
0
0
0
18288.6
81.92
0
0
0
0
69.632
0
0
0
0
28.672
0
0
0
17055.7
81.92
0
0
0
3579.9
81.92
0
0
0
16.384
65.536
0
0
0
0
57.344
0
0
0
0
28.672
0
0
0
7446.53
16121.9
0
0
0
12.288
28.672
0
0
0
0
28.672
0
0
0
0
57.344
0
0
0
262.144
15761.4
0
0
0
0
61.44
0
0
0
0
65.536
0
0
0
0
16.384
0
0
0
0
23744.5
0
0
0
0
65.536
0
0
0
0
61.44
0
0
0
0
24.576
0
0
0
0
22040.6
0
0
0
0
61.44
0
0
0
0
69.632
0
0
0
0
61.44
0
0
0
0
19202
0
0
0
0
20.48
0
0
0
0
36.864
0
0
0
0
61.44
0
0
0
0
17498.1
0
0
0
0
24.576
0
0
0
0
24.576
0
0
0
0
73.728
0
0
0
0
9973.76
0
0
0
0
24.576
0
0
0
0
20.48
0
0
0
0
17477.6
0
0
0
0
24.576
0
0
0
0
61.44
0
0
0
0
24.576
0
0
0
0
19304.4
0
0
0
0
69.632
0
0
0
0
77.824
0
0
0
24.576
0
0
0
0
20.48
20807.7
0
0
0
86.016
24.576
0
0
0
73.728
0
0
0
0
53.248
16.384
0
0
0
45.056
8302.59
16105.5
0
0
81.92
0
0
0
0
61.44
0
0
0
0
16.384
0
0
0
0
16.384
0
0
0
0
61.44
0
28946.4
0
0
81.92
0
16.384
0
0
24.576
0
0
0
0
69.632
0
0
0
0
45.056
0
22601.7
0
0
61.44
0
0
0
0
61.44
0
0
0
0
20.48
0
0
0
0
65.536
0
0
0
0
16.384
0
24387.6
0
0
77.824
0
5500.93
0
0
77.824
0
0
0
0
24.576
0
0
0
0
20.48
0
0
0
0
20.48
0
20500.5
0
0
86.016
0
0
0
0
61.44
0
0
0
0
20.48
0
0
0
0
20.48
0
19550.2
0
0
94.208
0
0
0
0
24.576
0
0
0
0
20.48
0
0
0
0
20.48
0
19034.1
7036.93
0
86.016
0
1499.14
0
0
36.864
0
16.384
0
0
28.672
0
0
0
0
24.576
0
13533.2
10924
0
86.016
0
0
0
0
61.44
0
0
0
0
28.672
0
0
0
0
36.864
0
0
0
0
65.536
0
9740.29
0
0
57.344
0
0
0
0
57.344
0
77.824
0
0
16.384
0
9764.86
0
0
32.768
0
65.536
0
0
53.248
0
9166.85
0
0
61.44
0
8548.35
0
0
32.768
0
0
0
0
57.344
0
10924
0
0
36.864
0
32.768
0
0
69.632
0
65.536
0
0
24.576
0
9883.65
0
0
36.864
0
0
0
0
16.384
0
0
0
0
53.248
0
8708.1
0
0
32.768
0
9789.44
0
0
36.864
0
9084.93
0
0
40.96
0
0
0
0
73.728
0
0
0
0
12.288
0
9117.7
0
0
57.344
0
0
0
0
12.288
0
0
0
0
49.152
0
65.536
0
0
45.056
0
4272.13
23396.4
0
61.44
0
0
0
0
57.344
0
0
0
0
40.96
0
0
0
0
57.344
0
0
0
0
16.384
0
0
21979.1
0
73.728
0
0
0
0
20.48
0
0
0
0
57.344
0
0
0
0
16.384
0
0
0
0
61.44
0
0
20852.7
0
61.44
0
0
0
73.728
0
0
0
0
20.48
0
0
0
0
57.344
0
0
0
18415.6
53.248
0
0
0
0
