0
0
0
0
24.576
0
0
13107.2
0
65.536
0
0
0
0
28.672
0
0
0
0
24.576
0
0
0
0
20.48
0
0
10428.4
0
57.344
0
0
0
0
24.576
0
0
0
0
20.48
0
0
0
0
61.44
0
0
8658.94
0
86.016
0
0
0
0
20.48
0
0
0
0
65.536
0
0
7012.35
0
118.784
0
0
0
0
24.576
0
0
0
0
20.48
0
0
7024.64
1863.68
65.536
0
0
0
0
28.672
0
0
0
0
20.48
0
0
1986.56
6017.02
53.248
0
0
0
0
28.672
0
0
0
0
20.48
0
0
0
17866.8
53.248
0
0
0
0
20.48
0
0
0
0
20.48
0
0
0
0
20.48
0
0
0
9748.48
90.112
0
0
0
0
28.672
0
0
0
0
20.48
0
0
0
8327.17
90.112
0
0
0
0
73.728
0
0
0
0
77.824
0
0
0
8392.7
69.632
0
0
0
0
24.576
0
0
0
0
28.672
0
0
0
8155.14
61.44
0
0
0
0
28.672
0
0
0
0
81.92
0
0
0
8404.99
73.728
0
0
0
0
32.768
0
0
0
0
28.672
0
36.864
0
0
0
0
5591.04
11837.4
0
0
0
73.728
0
0
0
0
20.48
0
0
0
0
20.48
0
0
0
0
20.48
22282.2
0
0
0
86.016
0
0
0
0
65.536
0
0
0
0
20.48
0
0
0
0
20.48
19148.8
0
0
0
86.016
0
0
94.208
0
0
0
0
20.48
0
0
0
0
61.44
0
0
11386.9
0
90.112
0
0
0
0
28.672
0
0
16.384
0
24.576
0
0
0
0
24.576
0
0
20725.8
0
57.344
0
0
0
0
28.672
0
0
0
0
77.824
0
0
0
0
16.384
0
0
25825.3
0
73.728
0
0
0
0
65.536
0
0
0
0
57.344
0
0
0
0
16.384
0
0
0
0
65.536
0
0
13422.6
0
90.112
0
0
0
0
24.576
0
0
0
0
20.48
0
0
0
0
20.48
0
0
19705.9
0
57.344
0
0
0
0
65.536
0
0
32.768
0
24.576
0
0
0
0
69.632
0
0
0
0
20.48
0
0
19116
0
86.016
0
0
0
0
61.44
0
0
0
0
65.536
0
0
0
0
20.48
0
0
14483.5
0
90.112
0
0
0
13058
57.344
0
0
0
0
28.672
0
0
0
0
57.344
0
0
0
17367
0
0
0
0
94.208
0
0
0
0
61.44
0
0
0
0
12599.3
0
0
0
0
61.44
0
0
0
0
24.576
0
0
0
0
12910.6
0
0
0
0
53.248
0
0
0
0
61.44
0
0
0
0
8626.18
0
0
0
0
61.44
0
0
0
0
28.672
0
0
0
0
13045.8
0
0
0
0
57.344
0
0
0
0
69.632
0
0
0
0
13094.9
0
0
0
0
94.208
0
0
0
0
53.248
0
0
0
0
24801.3
0
0
0
0
69.632
0
0
0
0
28.672
0
0
0
0
24.576
0
0
0
0
15962.1
0
0
0
0
53.248
0
0
0
0
94.208
0
0
0
0
11092
0
0
0
0
61.44
0
0
0
0
28.672
0
0
0
0
11440.1
0
0
0
0
57.344
0
0
0
0
28.672
0
0
0
0
9969.66
0
0
0
0
81.92
0
0
0
0
20.48
0
0
0
0
8523.78
5414.91
0
0
0
61.44
0
0
0
0
24.576
0
0
0
0
0
0
16.384
0
0
14323.7
0
53.248
0
0
0
0
61.44
0
0
0
0
20.48
0
0
0
0
16.384
0
0
12480.5
0
61.44
0
0
0
0
24.576
0
0
0
0
65.536
0
0
7786.5
0
86.016
0
0
0
0
57.344
0
0
0
0
24.576
0
0
8777.73
0
53.248
0
0
0
0
24.576
0
0
0
0
16.384
0
0
8593.41
0
49.152
0
0
0
0
24.576
0
0
0
0
16.384
0
0
8249.34
0
81.92
0
0
0
0
20.48
0
0
0
0
16.384
0
0
8953.86
0
57.344
0
0
0
0
28.672
0
0
0
0
65.536
0
0
18325.5
0
81.92
0
0
0
0
57.344
0
0
0
0
20.48
0
0
0
0
16.384
0
0
11481.1
0
53.248
0
0
0
0
16.384
0
0
0
0
16.384
0
0
0
0
16.384
0
0
11120.6
0
49.152
0
0
0
0
57.344
0
0
0
0
16.384
0
0
9375.74
0
57.344
0
0
0
0
24.576
0
0
0
0
57.344
0
0
1871.87
6582.27
81.92
0
0
0
0
20.48
0
0
0
0
16.384
0
0
0
0
0
61.44
0
0
0
0
24.576
0
19898.4
0
0
81.92
0
0
0
0
16.384
0
0
0
0
16.384
0
0
0
0
16.384
0
14716.9
0
0
57.344
0
0
0
0
16.384
0
0
0
0
16.384
0
0
0
0
16.384
0
12345.3
0
0
86.016
0
0
0
0
28.672
0
0
0
0
20.48
0
0
0
0
20.48
0
16633.9
0
0
90.112
0
0
0
0
61.44
0
0
0
0
20.48
0
0
0
0
57.344
0
12410.9
0
0
57.344
0
0
0
0
24.576
0
0
0
0
16.384
0
0
0
0
20.48
0
24817.7
0
0
81.92
0
0
0
0
20.48
0
0
0
0
20.48
0
0
0
0
57.344
0
12185.6
0
0
69.632
0
0
0
0
24.576
0
16.384
0
0
24.576
0
10260.5
0
0
94.208
0
0
0
0
61.44
0
0
0
0
24.576
0
11321.3
0
0
61.44
0
0
0
0
65.536
0
0
0
57.344
0
0
10768.4
0
86.016
0
0
0
0
24.576
0
0
0
0
16.384
0
0
11591.7
0
49.152
0
0
0
0
20.48
0
0
0
0
