49.152
0
524.288
3358.72
1003.52
36.864
12.288
0
61.44
106.496
0
0
446.464
3399.68
1003.52
98.304
0
57.344
53.248
0
0
28.672
827.392
3014.66
1036.29
28.672
65.536
434.176
57.344
0
20.48
86.016
638.976
3342.34
851.968
94.208
53.248
0
40.96
20.48
81.92
32.768
593.92
3178.5
1024
118.784
16.384
4.096
196.608
73.728
49.152
45.056
606.208
3223.55
1003.52
77.824
36.864
20.48
77.824
8.192
8.192
8.192
540.672
3502.08
987.136
94.208
24.576
81.92
40.96
81.92
28.672
90.112
491.52
3399.68
958.464
69.632
77.824
12.288
0
8.192
94.208
90.112
528.384
3973.12
917.504
110.592
12.288
40.96
0
69.632
49.152
8.192
442.368
3477.5
1007.62
45.056
0
0
57.344
53.248
32.768
53.248
610.304
3489.79
1019.9
118.784
16.384
69.632
45.056
0
0
40.96
544.768
3436.54
1605.63
1101.82
57.344
106.496
0
20.48
20.48
77.824
614.4
3313.66
954.368
98.304
53.248
0
0
24.576
135.168
45.056
516.096
3756.03
1069.06
98.304
0
45.056
24.576
77.824
8.192
8.192
696.32
3227.65
1007.62
24.576
0
16.384
77.824
8.192
40.96
8.192
700.416
3203.07
958.464
57.344
8.192
86.016
12.288
0
32.768
57.344
585.728
3137.54
1122.3
45.056
86.016
8.192
139.264
8.192
69.632
45.056
684.032
3133.44
966.656
114.688
8.192
0
0
69.632
98.304
0
606.208
3198.98
1069.06
61.44
0
0
49.152
49.152
28.672
20.48
708.608
3194.88
925.696
24.576
0
53.248
126.976
4.096
0
0
0
3211.26
4423.68
225.28
266.24
0
253.952
483.328
0
0
0
3641.34
4030.46
0
12.288
212.992
434.176
0
0
0
466.944
3338.24
3825.66
0
589.824
499.712
0
0
0
483.328
167.936
3141.63
3891.2
221.184
487.424
0
8.192
0
430.08
315.392
20.48
3305.47
3829.76
434.176
180.224
20.48
0
450.56
196.608
45.056
32.768
3493.89
11259.9
11837.4
12.288
0
450.56
163.84
16.384
0
196.608
3604.48
3825.66
188.416
188.416
495.616
143.36
0
49.152
172.032
466.944
3162.11
3833.86
20.48
540.672
196.608
0
16.384
192.512
483.328
16.384
3125.25
3821.57
487.424
401.408
0
8.192
241.664
405.504
0
16.384
3158.02
4345.86
176.128
0
0
167.936
446.464
0
32.768
0
3698.69
3969.02
2699.26
16306.2
262.144
389.12
0
0
0
421.888
3313.66
3809.28
0
241.664
471.04
0
24.576
0
475.136
172.032
3125.25
3948.54
364.544
495.616
0
0
0
462.848
176.128
0
3141.63
4034.56
425.984
16.384
8.192
0
487.424
176.128
106.496
16.384
3350.53
4284.42
0
0
0
446.464
172.032
0
16.384
208.896
3506.18
3792.9
90.112
180.224
593.92
167.936
0
0
208.896
491.52
3133.44
3817.47
0
544.768
204.8
0
8.192
212.992
442.368
0
3321.86
3715.07
507.904
249.856
0
0
172.032
450.56
0
0
3129.34
4272.13
372.736
0
0
172.032
393.216
0
20.48
0
3571.71
3706.88
0
176.128
299.008
618.496
53.248
0
0
90.112
0
266.24
1843.2
794.624
16.384
16.384
0
311.296
61.44
49.152
0
311.296
1859.58
524.288
8.192
0
57.344
106.496
0
53.248
24.576
385.024
1810.43
499.712
0
53.248
65.536
0
0
118.784
86.016
339.968
1789.95
507.904
57.344
61.44
0
8.192
86.016
81.92
32.768
327.68
1761.28
585.728
65.536
8.192
12.288
16.384
77.824
299.008
28.672
266.24
1875.97
589.824
0
8.192
20.48
69.632
20.48
102.4
4.096
274.432
1957.89
688.128
77.824
24.576
73.728
16.384
28.672
69.632
73.728
651.264
1794.05
507.904
36.864
73.728
16.384
0
0
98.304
69.632
270.336
1884.16
552.96
77.824
20.48
8.192
0
53.248
86.016
16.384
651.264
1933.31
565.248
16.384
0
0
49.152
61.44
49.152
16.384
401.408
1871.87
536.576
28.672
16.384
90.112
45.056
0
45.056
16.384
380.928
1830.91
487.424
20.48
53.248
69.632
0
24.576
53.248
77.824
270.336
1896.45
524.288
221.184
61.44
0
0
20.48
106.496
24.576
258.048
1892.35
602.112
73.728
0
73.728
16.384
77.824
49.152
20.48
327.68
1908.74
495.616
0
0
16.384
81.92
12.288
40.96
0
897.024
2088.96
483.328
8.192
16.384
81.92
114.688
0
49.152
61.44
393.216
1769.47
516.096
20.48
86.016
16.384
8.192
0
159.744
57.344
311.296
1798.14
512
81.92
12.288
0
0
53.248
143.36
20.48
323.584
1294.34
1028.1
229.376
0
0
49.152
57.344
0
8.192
364.544
1896.45
462.848
0
0
53.248
90.112
8.192
106.496
12.288
0
1699.84
3039.23
339.968
0
8.192
81.92
102.4
8.192
0
0
1519.62
3235.84
61.44
4.096
16.384
122.88
12.288
0
0
53.248
1650.69
3092.48
466.944
24.576
86.016
16.384
61.44
4.096
49.152
61.44
1560.58
3133.44
106.496
77.824
16.384
8.192
0
73.728
61.44
0
1748.99
2908.16
200.704
655.36
0
0
49.152
53.248
49.152
4.096
1658.88
3055.62
81.92
61.44
0
45.056
53.248
110.592
0
32.768
1449.98
3284.99
155.648
0
143.36
61.44
0
8.192
24.576
86.016
1748.99
2957.31
45.056
49.152
57.344
81.92
4.096
16.384
94.208
8.192
1650.69
2994.18
131.072
61.44
0
4.096
16.384
143.36
16.384
4.096
1687.55
3026.94
442.368
0
0
12.288
77.824
49.152
8.192
0
1712.13
3031.04
327.68
8.192
102.4
73.728
8.192
8.192
0
86.016
1503.23
3223.55
40.96
20.48
143.36
12.288
0
184.32
49.152
86.016
1507.33
3194.88
122.88
90.112
94.208
0
0
49.152
61.44
8.192
1544.19
3178.5
237.568
12.288
4.096
0
49.152
102.4
8.192
0
1581.06
3112.96
229.376
0
0
53.248
49.152
36.864
12.288
28.672
1572.86
3194.88
237.568
65.536
49.152
53.248
0
184.32
20.48
126.976
1691.65
2990.08
32.768
57.344
102.4
0
8.192
102.4
73.728
24.576
1724.42
2953.22
98.304
49.152
0
40.96
16.384
90.112
20.48
0
1576.96
3125.25
204.8
4.096
0
12.288
114.688
12.288
12.288
0
1626.11
3088.38
36.864
0
94.208
77.824
16.384
32.768
0
0
0
0
983.04
393.216
24.576
16.384
24.576
40.96
40.96
0
0
0
946.176
286.72
28.672
53.248
24.576
0
40.96
0
8.192
36.864
917.504
319.488
61.44
270.336
69.632
0
0
0
0
28.672
946.176
327.68
61.44
36.864
24.576
413.696
0
0
0
114.688
950.272
348.16
53.248
8.192
159.744
45.056
0
0
0
180.224
950.272
258.048
61.44
90.112
303.104
0
0
0
0
163.84
991.232
290.816
286.72
8.192
77.824
0
0
278.528
8.192
266.24
1077.25
368.64
167.936
8.192
24.576
0
0
57.344
32.768
131.072
946.176
253.952
73.728
499.712
40.96
32.768
0
0
49.152
208.896
950.272
290.816
32.768
65.536
90.112
0
0
0
163.84
0
1179.65
311.296
151.552
69.632
32.768
69.632
0
0
45.056
45.056
946.176
282.624
28.672
167.936
110.592
0
163.84
0
0
12.288
860.16
409.6
94.208
8.192
24.576
36.864
0
77.824
40.96
0
946.176
286.72
262.144
36.864
57.344
0
0
16.384
8.192
0
987.136
327.68
28.672
36.864
24.576
0
0
0
32.768
0
946.176
282.624
102.4
36.864
24.576
225.28
0
0
0
36.864
888.832
380.928
32.768
8.192
86.016
0
32.768
0
0
0
962.56
286.72
28.672
36.864
24.576
0
36.864
32.768
12.288
0
970.752
327.68
487.424
8.192
24.576
0
0
45.056
16.384
0
921.6
348.16
32.768
36.864
24.576
176.128
0
0
