1372.16
1486.85
1425.41
1294.34
1449.98
3403.78
11137
48447.5
46559.2
50982.9
75923.5
45359.1
1458.18
1413.12
1409.02
3624.96
3993.6
1310.72
1372.16
1294.34
1421.31
1376.26
1540.1
1417.22
1400.83
3485.7
4206.59
1196.03
1458.18
1400.83
1466.37
1519.62
1118.21
1675.26
1536
3502.08
3866.62
1486.85
1294.34
7512.06
1310.72
1318.91
1269.76
1568.77
1302.53
3379.2
3911.68
1159.17
1331.2
1495.04
1417.22
1351.68
1458.18
1581.06
1335.3
3465.22
4190.21
1515.52
1454.08
1490.94
1519.62
1421.31
1347.58
1437.7
1368.06
3624.96
4055.04
1392.64
1388.54
749.568
1474.56
1122.3
1114.11
1159.17
1187.84
3137.54
3764.22
1032.19
1249.28
2027.52
11231.2
1126.4
1323.01
1347.58
1417.22
3584
4239.36
1425.41
1413.12
1351.68
1228.8
1363.97
1642.5
1257.47
1331.2
3325.95
4333.57
1548.29
1589.25
1527.81
1646.59
1597.44
1503.23
1490.94
1220.61
3436.54
3981.31
1417.22
1359.87
1466.37
1560.58
1458.18
1302.53
1355.78
1490.94
3330.05
4091.9
1368.06
1277.95
1478.66
1384.45
1351.68
1490.94
1454.08
1286.14
3440.64
4046.85
1646.59
1613.82
1400.83
1544.19
1486.85
1474.56
1449.98
1515.52
3387.39
3993.6
1449.98
1417.22
1085.44
1015.81
1118.21
1077.25
1409.02
1396.74
3448.83
3919.87
1363.97
1306.62
1347.58
1429.5
1290.24
1413.12
1396.74
1507.33
4210.69
33112.1
65781.8
23900.2
91533.3
63758.3
68599.8
1699.84
1478.66
1540.1
3567.62
4104.19
1474.56
1642.5
1351.68
1376.26
1437.7
1441.79
1073.15
1048.58
3301.38
3805.18
1167.36
983.04
1003.52
999.424
1073.15
1142.78
1138.69
1347.58
3502.08
4096
1511.42
1413.12
1462.27
1253.38
1429.5
1404.93
1470.46
1208.32
3592.19
4087.81
1470.46
921.6
1523.71
1298.43
0
65.536
331.776
364.544
0
364.544
5357.57
1888.26
143.36
8.192
53.248
319.488
335.872
20.48
8.192
438.272
5406.72
1912.83
0
16.384
323.584
385.024
0
0
69.632
876.544
5365.76
1593.34
0
311.296
360.448
36.864
8.192
77.824
503.808
450.56
4976.64
1761.28
335.872
397.312
0
24.576
94.208
557.056
90.112
356.352
4902.91
2056.19
339.968
0
28.672
86.016
446.464
77.824
0
352.256
5591.04
1802.24
16.384
0
122.88
536.576
118.784
98.304
0
634.88
5693.44
1437.7
8.192
135.168
434.176
163.84
0
0
270.336
782.336
5099.52
1601.54
94.208
548.864
77.824
8.192
8.192
303.104
409.6
356.352
5312.51
1683.46
487.424
94.208
0
0
344.064
372.736
0
376.832
5160.96
2945.02
69.632
8.192
0
270.336
393.216
0
8.192
442.368
5677.06
1732.61
12.288
0
323.584
331.776
0
16.384
73.728
913.408
5378.05
1425.41
0
360.448
344.064
8.192
8.192
94.208
507.904
499.712
5337.09
2109.44
9543.68
360.448
0
0
69.632
471.04
73.728
368.64
5304.32
1765.38
348.16
0
0
258.048
499.712
73.728
0
356.352
5840.9
1757.18
0
8.192
73.728
532.48
73.728
0
0
663.552
5640.19
1433.6
0
98.304
471.04
98.304
69.632
20.48
352.256
679.936
5083.14
1613.82
90.112
479.232
73.728
57.344
0
315.392
376.832
360.448
4939.78
1847.3
540.672
73.728
12.288
0
348.16
413.696
0
389.12
5386.24
1945.6
73.728
28.672
0
294.912
360.448
0
0
434.176
5652.48
1679.36
0
0
303.104
0
65.536
126.976
0
8.192
1335.3
1937.41
36.864
0
32.768
36.864
139.264
98.304
28.672
0
1536
1261.57
0
16.384
36.864
98.304
0
32.768
90.112
94.208
1720.32
1101.82
0
57.344
90.112
16.384
45.056
0
139.264
32.768
1454.08
1118.21
61.44
118.784
0
0
16.384
143.36
77.824
0
1449.98
1179.65
77.824
0
8.192
0
110.592
36.864
0
0
1388.54
1363.97
0
0
16.384
122.88
69.632
28.672
28.672
28.672
1372.16
1351.68
28.672
16.384
122.88
36.864
32.768
0
49.152
102.4
1396.74
1249.28
0
135.168
8.192
28.672
49.152
49.152
110.592
0
1523.71
1220.61
110.592
45.056
8.192
0
114.688
102.4
0
0
1204.22
1437.7
28.672
0
8.192
32.768
192.512
0
8.192
0
1294.34
1421.31
0
8.192
36.864
86.016
86.016
16.384
0
94.208
1253.38
1351.68
0
61.44
90.112
0
81.92
0
81.92
65.536
1220.61
1306.62
81.92
94.208
0
0
28.672
81.92
73.728
0
1347.58
1290.24
90.112
0
0
8.192
126.976
32.768
49.152
0
1220.61
1683.46
0
8.192
0
86.016
36.864
28.672
0
24.576
1376.26
1372.16
0
0
110.592
49.152
8.192
28.672
36.864
102.4
1064.96
1536
0
102.4
40.96
61.44
0
57.344
106.496
0
978.944
1585.15
102.4
49.152
0
28.672
77.824
98.304
0
32.768
1179.65
1531.9
49.152
20.48
8.192
69.632
122.88
0
0
0
1286.14
1404.93
0
0
73.728
122.88
3817.47
4022.27
4161.54
4050.94
4227.07
3969.02
7479.3
4812.8
4087.81
4227.07
4030.46
3948.54
4108.29
4128.77
3842.05
4542.46
7192.58
4870.14
3796.99
4431.87
3829.76
4190.21
3895.3
4227.07
3637.25
4276.22
7262.21
5038.08
28725.2
55947.3
41902.1
56062
62083.1
45355
47370.2
4608
7368.7
4759.55
3833.86
3788.8
4018.18
4067.33
3833.86
4022.27
4116.48
4354.05
6696.96
4751.36
3866.62
3989.5
4259.84
10530.8
40562.7
49659.9
28495.9
46645.2
49123.3
47878.1
42676.2
41566.2
34861.1
4026.37
3670.02
4104.19
3915.78
4411.39
7421.95
4988.93
4132.86
3805.18
3854.34
4005.89
3952.64
4055.04
3981.31
4018.18
6881.28
4448.26
3985.41
4194.3
3203.07
3272.7
3874.82
4444.16
4182.02
4583.42
7266.3
4943.87
3940.35
4251.65
3989.5
3977.22
4079.62
4091.9
4091.9
4493.31
37306.4
41979.9
34934.8
37294.1
48910.3
55529.5
49713.2
46178.3
21647.4
4423.68
7159.81
4587.52
3956.74
3821.57
4399.1
4182.02
4063.23
3682.3
4169.73
4186.11
6897.66
5083.14
3674.11
4268.03
4239.36
4374.53
4108.29
4165.63
4067.33
4091.9
6991.87
30515.2
40255.5
37048.3
33673.2
48791.6
50503.7
42192.9
47890.4
16072.7
7032.83
4534.27
4108.29
4050.94
3702.78
3842.05
3567.62
4014.08
3665.92
4243.46
7159.81
4857.86
3817.47
4227.07
4141.06
3690.5
4153.34
3907.58
4141.06
4435.97
7553.02
4915.2
3743.74
4247.55
4190.21
4292.61
43245.6
43769.9
36233.2
48529.4
58953.7
52846.6
37421.1
4042.75
3964.93
4243.46
18559
45391.9
39923.7
57311.2
50540.5
10919.9
3620.86
3731.46
3616.77
3624.96
3973.12
3653.63
3960.83
3534.85
7237.63
4558.85
4206.59
3694.59
4206.59
3993.6
3805.18
4108.29
4206.59
3948.54
7094.27
4591.62
2289.66
3956.74
4194.3
1634.3
1826.82
1654.78
1691.65
1773.57
2129.92
2285.57
1622.02
1638.4
1695.74
1626.11
1626.11
1777.66
1888.26
1765.38
2244.61
2289.66
1523.71
1880.06
1568.77
1736.7
1744.9
1708.03
1777.66
1622.02
2179.07
2543.62
1773.57
1605.63
1507.33
1712.13
1646.59
1585.15
1732.61
1671.17
2285.57
2260.99
1593.34
1687.55
1544.19
1585.15
1835.01
1589.25
1683.46
1564.67
2125.82
2215.94
1720.32
1744.9
1748.99
1785.86
1527.81
1544.19
1691.65
1617.92
2031.62
2199.55
1576.96
1728.51
1773.57
2052.1
1601.54
1748.99
1716.22
1863.68
2486.27
2379.78
1843.2
2048
18034.7
18579.5
23515.1
27443.2
18952.2
19255.3
29351.9
34775
37236.7
29634.6
30453.8
23003.1
25018.4
13144.1
1728.51
1814.53
2404.35
2514.94
1687.55
1761.28
1818.62
1609.73
1626.11
1638.4
1826.82
1695.74
2076.67
2248.7
1667.07
1642.5
1662.98
1683.46
1572.86
1658.88
1781.76
1617.92
2183.17
2191.36
1683.46
1757.18
1703.94
1871.87
1675.26
1675.26
1589.25
1732.61
2076.67
2293.76
1650.69
1646.59
1691.65
1720.32
1740.8
1851.39
1630.21
1646.59
2142.21
2301.95
1798.14
1789.95
1519.62
1585.15
1703.94
1560.58
1585.15
1540.1
2203.65
2183.17
1671.17
1822.72
27787.3
31178.8
32153.6
40235
1708.03
1609.73
2142.21
2174.98
1740.8
1712.13
1679.36
1642.5
1572.86
1699.84
1679.36
1880.06
2326.53
2535.42
1564.67
1773.57
1814.53
1482.75
1728.51
1683.46
1642.5
1667.07
2105.34
2260.99
1724.42
1777.66
1687.55
1744.9
1683.46
3612.67
25866.2
25395.2
27455.5
26505.2
24166.4
30777.3
32026.6
34971.6
23248.9
30806
26718.2
12107.8
2191.36
2306.05
1630.21
1888.26
1785.86
1646.59
1667.07
1585.15
1830.91
1597.44
2228.22
2207.74
1658.88
1355.78
1699.84
1544.19
