57.344
4698.11
3788.8
0
122.88
61.44
1327.1
352.256
192.512
65.536
540.672
4964.35
21811.2
0
118.784
28.672
376.832
1208.32
192.512
0
565.248
65.536
0
0
28.672
28.672
1130.5
950.272
880.64
0
0
999.424
0
0
40.96
24.576
991.232
950.272
942.08
0
0
1138.69
0
0
40.96
24.576
1101.82
2920.45
102.4
0
0
438.272
782.336
0
81.92
24.576
1073.15
925.696
933.888
0
0
1056.77
0
0
45.056
16.384
1077.25
925.696
1384.45
0
0
1110.02
0
0
45.056
28.672
1003.52
2379.78
143.36
0
0
438.272
114.688
0
49.152
45.056
1003.52
1077.25
933.888
0
86.016
958.464
28.672
0
53.248
24.576
1191.94
1146.88
1044.48
0
0
1363.97
16.384
0
53.248
28.672
1323.01
2850.82
262.144
0
0
483.328
0
0
45.056
24.576
1101.82
139.264
2125.82
0
0
1241.09
204.8
0
61.44
24.576
1282.05
5574.66
2068.48
0
0
1232.9
24.576
0
57.344
16.384
1282.05
2629.63
258.048
0
0
503.808
0
0
249.856
24.576
1196.03
61.44
2035.71
135.168
0
1277.95
73.728
0
61.44
28.672
1146.88
2424.83
155.648
180.224
0
471.04
704.512
0
73.728
16.384
364.544
0
733.184
729.088
0
933.888
1896.45
0
118.784
24.576
24.576
573.44
638.976
675.84
0
1138.69
0
0
155.648
20.48
20.48
2506.75
1953.79
172.032
0
425.984
0
442.368
28.672
24.576
28.672
1077.25
0
950.272
0
35336.2
14426.1
12234.8
6799.36
15306.8
19935.2
10362.9
10952.7
3883.01
0
1777.66
53.248
0
286.72
28.672
323.584
5783.55
19808.3
0
73.728
20828.2
0
155.648
380.928
45.056
2170.88
0
778.24
0
0
1269.76
0
102.4
385.024
28.672
1761.28
0
458.752
12496.9
8998.91
0
0
57.344
860.16
40.96
1011.71
0
1679.36
0
0
0
0
61.44
1064.96
53.248
991.232
0
1888.26
0
0
0
0
36.864
1003.52
45.056
2527.23
0
466.944
0
0
110.592
0
69.632
802.816
40.96
1118.21
0
761.856
1110.02
0
1703.94
172.032
0
299.008
49.152
385.024
0
720.896
299.008
0
327.68
1740.8
102.4
401.408
45.056
630.784
1363.97
4.096
479.232
0
0
0
0
1077.25
32.768
1138.69
0
0
2064.38
212.992
53.248
0
0
1232.9
28.672
53.248
1036.29
0
962.56
131.072
1613.82
0
0
49.152
40.96
61.44
1912.83
0
208.896
0
2068.48
237.568
0
81.92
32.768
61.44
1216.51
0
1007.62
0
2109.44
114.688
135.168
65.536
32.768
57.344
3235.84
0
245.76
0
872.448
0
0
65.536
28.672
65.536
2965.5
0
229.376
12.288
839.68
0
8101.89
53.248
32.768
53.248
2490.37
0
188.416
0
688.128
0
0
61.44
28.672
57.344
3264.51
0
217.088
0
835.584
0
0
53.248
28.672
53.248
3506.18
0
217.088
0
823.296
0
0
45.056
28.672
61.44
2981.89
81.92
212.992
0
782.336
0
364.544
28962.8
14463
151.552
61.44
36.864
491.52
897.024
0
0
36.864
1880.06
0
176.128
0
86.016
385.024
798.72
0
0
40.96
2211.84
0
278.528
0
40.96
487.424
950.272
0
0
40.96
974.848
851.968
454.656
0
24.576
0
524.288
638.976
0
45.056
40.96
2379.78
163.84
0
32.768
0
1699.84
94.208
0
32.768
61.44
561.152
11808.8
81.92
11542.5
20443.1
9707.52
16130
13070.3
25677.8
11939.8
25018.4
25669.6
16797.7
29974.5
10305.5
13983.7
4628.48
8855.55
20766.7
10555.4
4603.9
1413.12
8613.89
23236.6
41025.5
23486.5
1544.19
15147
9506.82
15167.5
28696.6
5619.71
0
23089.2
24186.9
0
0
0
2084.86
23535.6
14975
2666.5
0
1667.07
0
0
0
8032.26
442.368
368.64
745.472
1822.72
0
1130.5
0
0
544.768
0
4.096
122.88
1011.71
24821.8
0
983.04
0
0
0
0
552.96
65.536
954.368
2211.84
0
1208.32
0
0
0
24.576
7507.97
73.728
704.512
1777.66
0
1265.66
0
0
0
0
4.096
102.4
0
3190.78
0
28.672
1056.77
0
0
0
425.984
131.072
0
2949.12
2134.02
2879.49
569.344
0
0
0
3420.16
163.84
0
1269.76
0
167.936
438.272
0
0
0
2039.81
188.416
4.096
1048.58
4.096
0
655.36
0
0
0
1912.83
978.944
20.48
618.496
393.216
0
626.688
0
0
0
0
2785.28
24.576
462.848
520.192
0
569.344
0
5029.89
4231.17
2301.95
35749.9
0
0
86.016
5849.09
13672.4
24854.5
110.592
18571.3
7028.74
14843.9
15446
20402.2
12271.6
20926.5
12505.1
6545.41
3108.86
22540.3
9916.42
33341.4
10252.3
30412.8
27758.6
20238.3
36122.6
31309.8
11702.3
10330.1
7135.23
2007.04
6373.38
33554.4
25894.9
1425.41
1933.31
23605.2
19390.5
15888.4
18964.5
14008.3
24318
0
274.432
1425.41
8728.58
27951.1
0
741.376
12386.3
3645.44
0
577.536
0
2433.02
339.968
0
0
12754.9
40.96
897.024
5484.54
13467.6
6184.96
1880.06
61.44
303.104
0
1150.98
12656.6
983.04
311.296
14147.6
0
1167.36
167.936
86.016
761.856
7319.55
33460.2
864.256
86.016
0
135.168
774.144
827.392
16.384
0
966.656
122.88
782.336
0
0
118.784
937.984
958.464
0
393.216
3403.78
901.12
1355.78
0
499.712
0
823.296
880.64
0
32.768
0
925.696
1093.63
0
274.432
0
966.656
1015.81
0
12.288
0
1269.76
917.504
0
0
0
0
2027.52
73.728
274.432
0
1290.24
1081.34
0
364.544
159.744
0
1757.18
0
90.112
0
921.6
1056.77
0
237.568
0
0
1974.27
0
32.768
0
1294.34
921.6
0
8.192
0
0
1814.53
0
335.872
0
1150.98
966.656
0
249.856
0
0
1257.47
0
0
0
655.36
819.2
0
196.608
0
0
1896.45
0
172.032
0
1310.72
987.136
0
20.48
0
0
2072.58
0
327.68
0
1359.87
1040.38
0
253.952
0
0
1556.48
0
1839.1
0
393.216
0
7380.99
0
905.216
0
0
450.56
708.608
40.96
577.536
40.96
1675.26
0
159.744
0
0
503.808
446.464
45.056
561.152
40.96
1515.52
0
315.392
0
0
1720.32
110.592
20.48
643.072
36.864
0
0
983.04
0
0
860.16
1130.5
8.192
86.016
929.792
0
0
1118.21
0
0
892.928
1060.86
0
69.632
901.12
0
1499.14
233.472
0
0
0
1605.63
0
69.632
679.936
0
180.224
1069.06
0
0
0
897.024
1122.3
98.304
921.6
0
65.536
1048.58
0
0
0
884.736
1757.18
77.824
32.768
0
1105.92
245.76
0
0
0
3010.56
319.488
90.112
28.672
0
0
761.856
0
0
10674.2
1032.19
2097.15
110.592
32.768
0
0
393.216
946.176
0
0
1101.82
2236.42
81.92
32.768
0
0
0
1212.42
0
0
3796.99
327.68
102.4
32.768
0
57.344
0
880.64
0
0
1040.38
2260.99
118.784
32.768
0
0
0
1236.99
0
0
1105.92
2232.32
94.208
32.768
0
0
0
1228.8
0
0
3563.52
376.832
94.208
32.768
0
28.672
0
749.568
0
0
1036.29
2236.42
98.304
32.768
0
0
0
983.04
204.8
0
819.2
1568.77
102.4
32.768
0
8.192
0
0
1138.69
0
2936.83
385.024
90.112
32.768
0
135.168
0
0
1298.43
0
1101.82
2420.74
90.112
28.672
0
73.728
0
0
1200.13
0
1310.72
2056.19
90.112
32.768
