0
0
0
4.096
0
4.096
0
0
20.48
0
0
0
0
0
0
0
0
0
0
0
0
2236.42
12.288
1978.37
0
57.344
0
0
0
0
0
0
0
0
0
0
0
0
0
0
0
0
0
0
0
0
0
0
0
12.288
696.32
0
12.288
0
0
65.536
0
0
0
221.184
225.28
0
0
0
0
0
372.736
0
0
12.288
0
0
0
0
0
16.384
0
0
0
0
0
0
0
0
0
0
0
0
0
0
61.44
0
12.288
0
0
0
0
0
0
0
28.672
0
32.768
0
0
8.192
0
0
0
12.288
0
0
0
0
0
12.288
0
0
0
8.192
4.096
0
4.096
0
0
36.864
2183.17
0
0
16.384
1826.82
147.456
57.344
0
0
0
0
0
0
0
0
0
0
0
0
0
0
0
0
0
49.152
0
12.288
0
0
0
0
0
0
12.288
0
0
303.104
0
0
0
0
0
0
0
364.544
0
12.288
0
0
0
0
0
0
0
0
0
4.096
0
0
4.096
0
0
0
12.288
0
0
0
0
0
0
0
0
0
12.288
0
0
16.384
233.472
0
4.096
0
0
90.112
364.544
0
0
12.288
0
0
0
0
0
0
0
0
0
0
0
0
0
0
0
8.192
0
0
28.672
0
0
0
0
0
0
0
0
0
0
0
69.632
0
20.48
0
0
0
0
0
0
0
0
0
0
0
0
8.192
0
0
0
24.576
0
0
0
0
0
0
0
0
0
0
0
0
12.288
0
0
28.672
0
0
0
0
0
0
0
0
0
0
0
0
0
0
0
0
0
0
0
0
0
0
0
0
0
0
0
0
0
4.096
0
0
0
4.096
0
0
0
0
0
0
0
0
0
12.288
0
0
0
0
0
0
0
0
0
0
0
0
0
0
0
0
0
0
0
12.288
221.184
0
0
0
0
0
0
8.192
0
24.576
0
0
20.48
0
0
0
0
0
0
12.288
0
0
0
0
225.28
0
0
0
0
0
0
0
0
0
2437.12
0
0
1982.46
0
53.248
0
0
0
0
0
0
0
0
0
0
0
0
0
0
0
0
0
0
0
16.384
8.192
225.28
0
0
0
102.4
0
0
372.736
0
12.288
0
0
0
0
0
0
0
0
0
0
0
0
0
0
0
0
0
0
0
0
0
0
0
0
0
0
0
0
0
57.344
24.576
0
0
0
0
0
0
0
0
0
0
0
0
0
0
0
0
0
0
12.288
0
0
12.288
4.096
0
0
0
0
12.288
8.192
2265.09
0
16.384
0
2023.42
622.592
0
0
0
69.632
0
0
0
0
0
221.184
0
0
0
0
0
0
0
0
0
0
0
0
0
0
0
0
0
0
0
0
262.144
32.768
0
0
0
0
0
147.456
241.664
0
0
73.728
0
24.576
0
0
0
0
16.384
0
0
0
0
0
0
0
0
0
0
0
0
0
0
0
0
0
0
0
0
0
0
0
0
0
0
0
0
0
0
0
0
0
0
12.288
8.192
0
4.096
0
0
0
0
0
0
12.288
0
0
0
8.192
0
0
0
4.096
12.288
0
0
0
0
4.096
0
0
0
0
0
0
0
0
0
0
0
0
0
0
0
0
0
0
0
0
0
0
0
0
0
0
0
0
0
0
0
65.536
0
0
0
0
4.096
0
0
0
0
4.096
0
0
0
0
0
0
0
0
0
12.288
0
0
0
225.28
0
0
0
0
0
0
0
0
0
0
0
0
0
0
0
0
0
0
0
0
0
0
0
0
0
0
0
0
0
12.288
0
0
0
0
0
0
0
0
0
0
0
0
0
0
0
0
0
0
0
0
0
0
0
0
0
0
0
0
0
0
0
0
0
0
0
12.288
200.704
0
20.48
0
0
0
0
0
0
12.288
0
0
0
0
0
0
0
0
0
0
0
0
0
0
0
0
0
0
0
0
0
0
16.384
0
0
0
0
8.192
0
24.576
0
0
0
0
0
0
0
0
0
0
0
0
0
0
0
0
0
0
0
16.384
0
0
0
0
0
0
0
0
0
24.576
0
0
12.288
0
0
0
0
0
0
0
0
0
0
0
4.096
0
0
0
0
12.288
0
0
24.576
0
28.672
0
0
0
0
28.672
0
0
0
0
0
24.576
0
12.288
0
0
28.672
0
0
0
0
24.576
0
0
0
0
16.384
0
0
0
221.184
0
0
12.288
0
0
0
0
0
0
0
0
0
0
0
0
0
0
0
0
0
0
0
0
0
0
0
0
0
0
0
0
0
12.288
4.096
4.096
0
4.096
0
0
0
0
0
0
0
0
0
0
0
0
0
0
0
0
0
0
0
0
0
0
0
0
0
0
0
0
0
0
0
0
0
0
0
0
0
0
0
0
0
0
0
0
0
0
0
12.288
0
0
0
0
8.192
0
0
4.096
0
0
0
0
0
0
0
0
0
0
0
0
0
0
0
0
0
0
0
0
0
0
0
0
0
0
0
0
0
0
0
0
0
0
0
0
0
0
0
0
0
0
0
0
0
0
0
0
0
0
0
0
0
0
0
0
0
0
0
0
0
0
0
0
0
0
0
0
0
12.288
0
0
0
204.8
0
20.48
0
