0
917.504
1208.32
15630.3
22798.3
0
909.312
0
49.152
761.856
2043.9
114.688
176.128
11358.2
77.824
516.096
626.688
0
65.536
688.128
2248.7
155.648
0
229.376
61.44
0
557.056
0
57.344
692.224
0
1171.46
0
770.048
32.768
806.912
1630.21
0
118.784
0
0
552.96
0
532.48
53.248
0
2551.81
0
40.96
0
0
589.824
0
598.016
57.344
0
1798.14
0
49.152
0
0
2572.29
0
225.28
57.344
921.6
1048.58
0
36.864
0
0
2736.13
0
200.704
40.96
0
1466.37
0
40.96
0
0
1789.95
176.128
204.8
36.864
0
970.752
0
36.864
0
0
2822.14
135.168
196.608
57.344
0
958.464
0
36.864
0
0
2543.62
200.704
155.648
53.248
0
913.408
0
24.576
20.48
0
2613.25
143.36
167.936
32.768
0
897.024
0
0
368.64
0
2338.82
172.032
131.072
40.96
0
409.6
712.704
0
765.952
0
0
974.848
532.48
126.976
0
847.872
0
0
782.336
0
0
2846.72
143.36
36.864
0
409.6
0
0
749.568
0
0
1036.29
790.528
53.248
0
868.352
0
0
995.328
0
0
2543.62
151.552
49.152
0
376.832
311.296
0
733.184
0
0
2297.86
147.456
53.248
0
380.928
1531.9
0
376.832
0
0
536.576
483.328
53.248
0
716.8
110.592
0
61.44
929.792
0
1056.77
827.392
49.152
0
806.912
188.416
0
49.152
921.6
0
0
1155.07
491.52
106.496
659.456
0
61.44
0
0
0
0
970.752
2183.17
102.4
970.752
0
61.44
2154.5
0
0
0
536.576
1069.06
118.784
675.84
0
49.152
2031.62
0
0
0
499.712
602.112
577.536
651.264
0
0
69.632
0
0
0
0
2211.84
888.832
888.832
0
0
57.344
0
0
0
0
2347.01
958.464
1007.62
49.152
0
1863.68
0
0
0
0
1499.14
638.976
671.744
0
0
69.632
0
0
0
0
2412.54
950.272
1105.92
0
0
667.648
0
0
0
0
905.216
884.736
1028.1
0
0
2588.67
0
0
0
0
1196.03
1900.54
212.992
0
6246.4
733.184
0
0
0
0
942.08
925.696
991.232
0
0
1384.45
0
0
0
0
999.424
909.312
1015.81
0
0
1368.06
0
0
0
0
991.232
2613.25
270.336
0
0
684.032
135.168
0
0
0
950.272
929.792
983.04
0
0
1413.12
8.192
0
0
0
1052.67
3223.55
143.36
0
0
450.56
237.568
0
0
0
909.312
954.368
983.04
0
45.056
1396.74
319.488
0
0
0
1036.29
65.536
1032.19
0
0
860.16
1277.95
0
0
0
950.272
1892.35
172.032
0
0
884.736
946.176
0
0
0
0
3301.38
163.84
0
0
397.312
622.592
0
0
0
0
3350.53
151.552
0
0
376.832
630.784
0
929.792
8.192
0
1822.72
0
286.72
0
36.864
57.344
892.928
1015.81
8.192
0
819.2
0
655.36
475.136
53.248
49.152
1101.82
1085.44
741.376
0
241.664
73.728
0
1253.38
49.152
49.152
688.128
1024
270.336
0
524.288
315.392
0
2637.82
8.192
118.784
274.432
454.656
176.128
0
536.576
102.4
327.68
16007.2
0
102.4
876.544
1073.15
0
0
0
1220.61
0
1069.06
0
118.784
876.544
0
2084.86
0
0
765.952
0
1212.42
4.096
90.112
32.768
0
0
0
0
1957.89
0
1810.43
0
102.4
36.864
0
2228.22
0
0
688.128
0
1077.25
0
118.784
32.768
0
2400.26
167.936
0
630.784
0
565.248
512
102.4
36.864
0
2457.6
0
0
749.568
0
548.864
462.848
102.4
28.672
0
2404.35
0
0
684.032
0
589.824
495.616
98.304
40.96
0
2338.82
0
0
565.248
0
499.712
434.176
98.304
32.768
0
1662.98
753.664
0
729.088
0
569.344
512
98.304
36.864
0
0
2535.42
0
327.68
0
540.672
1093.63
110.592
32.768
0
0
417.792
0
1032.19
0
1138.69
876.544
102.4
32.768
0
0
851.968
0
1110.02
0
1138.69
876.544
98.304
36.864
0
0
2506.75
0
286.72
77.824
544.768
1216.51
126.976
28.672
0
0
491.52
0
1003.52
61.44
1150.98
884.736
102.4
28.672
0
0
831.488
0
0
1048.58
1105.92
872.448
98.304
28.672
0
57.344
933.888
0
2445.31
438.272
184.32
0
0
0
540.672
0
815.104
0
2125.82
266.24
159.744
0
0
0
618.496
0
839.68
0
49.152
897.024
790.528
0
0
0
942.08
0
999.424
0
2269.18
270.336
155.648
0
0
0
569.344
0
778.24
0
1949.7
262.144
163.84
0
0
901.12
872.448
12.288
364.544
0
57.344
778.24
548.864
0
0
0
2297.86
94.208
307.2
0
36.864
1605.63
151.552
0
0
0
1691.65
188.416
0
348.16
49.152
552.96
5947.39
0
0
0
2019.33
192.512
0
335.872
57.344
1687.55
184.32
0
0
0
1728.51
180.224
0
323.584
49.152
1708.03
159.744
122.88
1114.11
0
1769.47
159.744
0
299.008
61.44
1699.84
167.936
0
0
0
1712.13
155.648
0
286.72
53.248
40.96
1859.58
0
0
0
0
1892.35
0
258.048
53.248
40.96
868.352
0
0
0
0
2600.96
0
274.432
49.152
32.768
1847.3
237.568
0
0
57.344
610.304
0
761.856
49.152
49.152
2600.96
143.36
0
0
0
1728.51
0
258.048
45.056
40.96
491.52
581.632
0
0
0
995.328
598.016
1024
49.152
53.248
1966.08
249.856
0
0
0
454.656
483.328
663.552
49.152
61.44
1880.06
282.624
0
0
0
708.608
536.576
700.416
53.248
53.248
0
909.312
0
0
0
3084.29
184.32
262.144
57.344
40.96
0
602.112
0
0
0
2916.35
40.96
36.864
2162.69
0
0
1007.62
45.056
520.192
0
0
36.864
32.768
2252.8
0
0
753.664
307.2
1544.19
0
0
32.768
28.672
1695.74
0
0
356.352
630.784
229.376
565.248
0
49.152
36.864
2301.95
0
0
417.792
0
14114.8
14639.1
0
376.832
28.672
782.336
0
0
888.832
0
966.656
1581.06
0
151.552
389.12
409.6
0
0
741.376
0
856.064
0
0
69.632
978.944
856.064
0
0
946.176
0
933.888
0
0
40.96
1003.52
929.792
0
0
901.12
0
856.064
1269.76
0
102.4
348.16
421.888
217.088
0
782.336
0
946.176
16.384
0
65.536
1044.48
946.176
16.384
0
1024
0
962.56
106.496
0
65.536
1007.62
868.352
0
0
995.328
0
835.584
1359.87
0
90.112
389.12
421.888
122.88
0
774.144
0
942.08
139.264
0
77.824
983.04
905.216
18255.9
9830.4
49.152
0
868.352
1568.77
0
131.072
360.448
425.984
0
581.632
73.728
0
856.064
0
0
57.344
1069.06
933.888
0
958.464
69.632
0
946.176
0
0
40.96
999.424
901.12
0
925.696
81.92
0
933.888
1597.44
0
94.208
372.736
421.888
229.376
614.4
69.632
0
839.68
0
0
57.344
958.464
831.488
0
860.16
73.728
0
925.696
0
0
45.056
1040.38
892.928
0
880.64
69.632
0
929.792
1519.62
0
81.92
380.928
417.792
94.208
589.824
53.248
0
856.064
225.28
0
77.824
