24.576
0
90.112
167.936
0
0
53.248
81.92
0
159.744
20.48
0
0
114.688
0
0
98.304
94.208
0
139.264
20.48
0
0
90.112
0
0
94.208
40.96
0
188.416
16.384
0
61.44
151.552
0
0
61.44
28.672
0
90.112
106.496
0
28.672
110.592
0
0
102.4
94.208
0
86.016
69.632
0
8.192
307.2
0
0
98.304
24.576
0
98.304
110.592
0
65.536
151.552
0
0
61.44
36.864
0
73.728
94.208
0
0
122.88
0
0
90.112
139.264
0
102.4
57.344
0
0
24.576
73.728
0
98.304
24.576
0
90.112
102.4
0
57.344
45.056
98.304
0
61.44
24.576
0
73.728
286.72
0
8.192
40.96
94.208
0
98.304
73.728
0
102.4
61.44
0
90.112
36.864
40.96
0
98.304
32.768
0
94.208
98.304
0
61.44
49.152
94.208
0
0
81.92
0
77.824
94.208
0
0
24.576
90.112
0
0
159.744
0
90.112
57.344
0
0
24.576
102.4
0
0
188.416
0
0
200.704
0
61.44
49.152
73.728
0
0
81.92
0
0
176.128
0
4.096
24.576
102.4
0
0
172.032
0
0
155.648
0
0
24.576
98.304
0
0
139.264
0
0
204.8
0
77.824
49.152
73.728
0
0
81.92
0
0
172.032
0
0
28.672
106.496
0
0
131.072
49.152
0
159.744
0
380.928
0
0
40.96
49.152
114.688
0
0
53.248
0
135.168
0
0
77.824
81.92
0
0
0
16.384
0
204.8
0
0
90.112
90.112
0
0
0
16.384
0
405.504
0
0
77.824
86.016
106.496
0
0
45.056
0
155.648
0
0
65.536
81.92
8.192
0
0
36.864
0
204.8
0
0
86.016
299.008
0
0
0
20.48
0
208.896
0
0
73.728
94.208
77.824
0
0
61.44
0
122.88
61.44
0
61.44
86.016
45.056
0
0
36.864
0
143.36
86.016
0
86.016
94.208
0
0
0
16.384
0
114.688
90.112
0
81.92
86.016
65.536
0
102.4
20.48
0
139.264
61.44
0
266.24
77.824
0
0
0
20.48
0
233.472
81.92
0
73.728
86.016
0
0
0
20.48
0
0
196.608
0
81.92
94.208
53.248
0
0
45.056
0
122.88
61.44
0
69.632
81.92
0
0
0
20.48
0
0
217.088
0
77.824
110.592
36.864
0
0
32.768
0
0
221.184
0
77.824
94.208
57.344
0
0
65.536
0
77.824
106.496
0
0
163.84
12.288
0
0
28.672
0
16.384
241.664
0
0
188.416
0
0
0
28.672
0
40.96
221.184
0
0
81.92
397.312
0
0
61.44
0
147.456
114.688
0
0
49.152
53.248
0
0
20.48
0
20.48
49.152
24.576
81.92
0
188.416
98.304
0
20.48
0
24.576
45.056
32.768
90.112
0
139.264
147.456
0
32.768
0
20.48
0
20.48
69.632
0
192.512
8.192
94.208
20.48
0
24.576
4.096
20.48
86.016
0
176.128
28.672
86.016
20.48
0
24.576
49.152
40.96
77.824
0
135.168
81.92
49.152
20.48
0
20.48
8.192
36.864
69.632
0
172.032
0
94.208
20.48
0
24.576
0
28.672
94.208
0
184.32
0
81.92
20.48
0
20.48
77.824
32.768
90.112
0
143.36
126.976
69.632
20.48
0
24.576
0
20.48
73.728
0
167.936
131.072
57.344
20.48
0
20.48
0
24.576
0
65.536
86.016
86.016
86.016
20.48
0
20.48
0
20.48
0
94.208
94.208
90.112
90.112
20.48
0
20.48
0
24.576
0
81.92
98.304
172.032
61.44
20.48
0
20.48
380.928
77.824
0
40.96
53.248
49.152
57.344
20.48
0
20.48
0
20.48
0
86.016
94.208
102.4
81.92
20.48
0
20.48
0
20.48
0
81.92
0
184.32
208.896
20.48
0
20.48
65.536
24.576
0
77.824
0
167.936
86.016
24.576
0
24.576
0
20.48
0
90.112
0
217.088
98.304
36.864
0
20.48
0
20.48
0
86.016
0
188.416
147.456
20.48
0
24.576
0
122.88
0
65.536
0
188.416
110.592
20.48
0
20.48
0
20.48
0
282.624
0
192.512
86.016
20.48
0
24.576
0
258.048
0
126.976
0
0
0
28.672
28.672
0
0
184.32
77.824
114.688
0
0
0
20.48
86.016
0
0
192.512
57.344
147.456
0
0
0
20.48
32.768
0
0
147.456
81.92
98.304
0
0
0
20.48
49.152
0
0
204.8
86.016
106.496
0
0
0
20.48
69.632
0
0
184.32
40.96
139.264
0
0
0
20.48
81.92
0
0
147.456
90.112
98.304
0
0
0
24.576
20.48
0
0
192.512
86.016
122.88
0
0
81.92
12.288
57.344
0
0
0
163.84
208.896
0
0
94.208
12.288
36.864
0
0
0
176.128
102.4
77.824
0
0
110.592
32.768
0
0
0
192.512
20.48
86.016
0
0
102.4
36.864
0
0
0
184.32
81.92
81.92
0
0
98.304
20.48
0
0
0
167.936
0
102.4
0
0
94.208
73.728
0
0
0
172.032
0
106.496
0
0
303.104
32.768
0
0
0
176.128
28.672
135.168
0
0
94.208
258.048
0
0
0
176.128
0
77.824
0
0
110.592
20.48
0
0
0
172.032
24.576
106.496
0
0
118.784
28.672
0
0
0
196.608
20.48
135.168
0
0
98.304
45.056
0
0
0
172.032
0
81.92
0
0
118.784
49.152
0
0
0
180.224
8.192
126.976
0
0
118.784
65.536
0
0
315.392
20.48
94.208
28.672
61.44
163.84
0
0
0
0
20.48
20.48
81.92
90.112
102.4
98.304
0
0
0
0
20.48
16.384
0
196.608
90.112
90.112
0
0
0
0
24.576
24.576
0
200.704
94.208
147.456
0
0
0
0
45.056
20.48
0
155.648
81.92
86.016
0
0
0
0
20.48
20.48
0
196.608
94.208
77.824
0
0
0
0
28.672
16.384
0
180.224
90.112
159.744
0
0
0
0
45.056
16.384
0
172.032
86.016
126.976
61.44
0
0
0
0
24.576
0
192.512
94.208
282.624
0
0
0
0
45.056
16.384
0
192.512
94.208
147.456
0
0
0
0
28.672
12.288
0
180.224
94.208
90.112
0
0
0
0
94.208
12.288
0
184.32
0
176.128
0
0
0
0
24.576
24.576
0
180.224
0
237.568
0
0
0
0
45.056
0
0
155.648
0
172.032
0
0
0
0
20.48
0
0
217.088
0
204.8
0
0
0
0
24.576
16.384
0
180.224
0
249.856
0
0
0
0
0
20.48
0
176.128
0
176.128
0
0
0
0
0
20.48
0
405.504
0
106.496
90.112
0
0
0
28.672
24.576
0
192.512
0
176.128
40.96
0
0
0
40.96
45.056
0
344.064
0
98.304
90.112
0
0
0
0
