1552.38
1617.92
1691.65
2211.84
4825.09
2400.26
1564.67
1662.98
1523.71
1499.14
1671.17
1433.6
1511.42
2322.43
4587.52
2519.04
1523.71
1581.06
1667.07
1556.48
1658.88
1622.02
1523.71
2101.25
4947.97
2723.84
1568.77
1634.3
1568.77
1830.91
1683.46
1536
1318.91
1687.55
4542.46
2260.99
1204.22
1232.9
1404.93
1318.91
1474.56
1765.38
1695.74
37232.6
57434.1
41046
77688.8
73441.3
5087.23
1716.22
1458.18
1732.61
1712.13
2146.3
4759.55
2465.79
1617.92
1703.94
1671.17
1634.3
1851.39
1626.11
1470.46
2076.67
4706.3
2592.77
1654.78
1638.4
1425.41
1540.1
1703.94
1581.06
1560.58
2113.54
4898.82
2658.3
1617.92
1163.26
1658.88
1691.65
1683.46
1527.81
1376.26
2174.98
4767.74
2572.29
1347.58
1216.51
1142.78
1179.65
1572.86
1515.52
1622.02
2105.34
4812.8
2510.85
1474.56
1622.02
1597.44
1486.85
1449.98
1556.48
1540.1
2236.42
4669.44
2547.71
1638.4
1753.09
1564.67
1675.26
1392.64
1609.73
1589.25
2158.59
4812.8
2473.98
1638.4
1576.96
2060.29
3710.98
3829.76
11141.1
1482.75
2170.88
45183
60055.6
1605.63
1630.21
1499.14
1552.38
1613.82
1658.88
1515.52
2158.59
4681.73
2621.44
1617.92
1708.03
1507.33
1576.96
1568.77
1622.02
1675.26
2002.94
4808.7
2613.25
1507.33
1417.22
1216.51
1179.65
1142.78
1331.2
1327.1
1552.38
4485.12
2375.68
1261.57
1482.75
1605.63
1568.77
1511.42
1519.62
1564.67
2162.69
4780.03
2707.46
1413.12
1630.21
1536
1732.61
1617.92
1613.82
1658.88
2232.32
4718.59
2629.63
1589.25
1519.62
1593.34
1445.89
1794.05
1548.29
1761.28
2113.54
4784.13
2433.02
1458.18
1581.06
1474.56
1699.84
1544.19
1667.07
1626.11
2150.4
4837.38
2727.94
1777.66
1536
1708.03
1613.82
1732.61
8.192
286.72
430.08
1896.45
4915.2
438.272
479.232
122.88
20.48
0
266.24
442.368
0
1798.14
5074.94
864.256
8785.92
0
45.056
315.392
409.6
0
155.648
1851.39
5402.62
479.232
0
8.192
319.488
409.6
69.632
36.864
73.728
2297.86
5050.37
348.16
0
307.2
544.768
0
16.384
53.248
503.808
1937.41
4775.94
552.96
286.72
335.872
12.288
98.304
53.248
483.328
147.456
1794.05
4685.82
827.392
471.04
0
12.288
49.152
462.848
122.88
0
1794.05
5214.21
786.432
0
0
49.152
475.136
122.88
0
73.728
2154.5
5312.51
368.64
8.192
53.248
491.52
122.88
0
8.192
323.584
2318.34
4923.39
352.256
69.632
499.712
114.688
0
0
294.912
434.176
1798.14
4714.5
593.92
491.52
122.88
24.576
8.192
335.872
385.024
0
1814.53
4976.64
851.968
122.88
0
77.824
327.68
385.024
0
0
1847.3
5447.68
471.04
0
8.192
278.528
413.696
0
12.288
49.152
2285.57
5046.27
368.64
8.192
299.008
413.696
0
0
53.248
491.52
1912.83
4956.16
368.64
274.432
405.504
12.288
0
49.152
512
122.88
1925.12
4997.12
643.072
409.6
16.384
12.288
49.152
475.136
126.976
0
1646.59
5255.17
958.464
0
16.384
73.728
487.424
126.976
0
8.192
2052.1
5316.61
1126.4
0
69.632
466.944
143.36
69.632
0
270.336
2215.94
4837.38
483.328
65.536
491.52
253.952
49.152
8.192
270.336
385.024
1798.14
4911.1
421.888
532.48
192.512
0
20.48
319.488
372.736
20.48
1785.86
4808.7
10231.8
147.456
0
36.864
286.72
409.6
0
106.496
90.112
1146.88
1384.45
81.92
90.112
12.288
20.48
53.248
57.344
126.976
0
983.04
1626.11
151.552
12.288
0
45.056
106.496
69.632
0
167.936
1138.69
1544.19
45.056
8.192
0
73.728
114.688
28.672
36.864
24.576
1228.8
1482.75
32.768
0
106.496
135.168
32.768
0
20.48
102.4
1167.36
1515.52
24.576
57.344
57.344
0
106.496
24.576
77.824
20.48
978.944
1515.52
126.976
106.496
0
0
57.344
131.072
16.384
0
1093.63
1593.34
81.92
0
0
24.576
122.88
61.44
0
8.192
1216.51
1409.02
61.44
8.192
81.92
81.92
45.056
24.576
0
286.72
1122.3
1462.27
32.768
49.152
94.208
12.288
32.768
0
65.536
143.36
1073.15
1536
24.576
86.016
53.248
8.192
61.44
65.536
61.44
45.056
1081.34
1523.71
86.016
12.288
0
28.672
114.688
77.824
0
0
1159.17
1560.58
16.384
81.92
0
57.344
69.632
0
32.768
20.48
1310.72
1413.12
40.96
20.48
90.112
65.536
32.768
0
40.96
90.112
1142.78
1466.37
53.248
86.016
69.632
0
32.768
24.576
86.016
86.016
1261.57
1490.94
90.112
69.632
16.384
8.192
53.248
86.016
12.288
0
1150.98
1478.66
122.88
0
20.48
65.536
143.36
12.288
8.192
0
1208.32
1445.89
32.768
0
49.152
94.208
81.92
8.192
0
77.824
1142.78
1540.1
32.768
49.152
98.304
36.864
40.96
0
57.344
65.536
1081.34
1392.64
143.36
110.592
61.44
20.48
102.4
77.824
77.824
16.384
946.176
1572.86
143.36
16.384
8.192
20.48
139.264
90.112
4345.86
4337.66
4198.4
4980.74
6942.72
4218.88
4042.75
4313.09
4149.25
4173.82
4169.73
3993.6
4075.52
5050.37
6660.1
4476.93
4132.86
4153.34
4435.97
4059.14
20676.6
53248
35356.7
43806.7
61567
50077.7
48996.4
23425
3887.1
4255.74
4308.99
4096
3915.78
4395.01
6955.01
4415.49
3485.7
3981.31
4009.98
4022.27
4116.48
4460.54
4087.81
5005.31
7045.12
4915.2
4546.56
4100.1
4526.08
4169.73
4354.05
4182.02
4308.99
33857.5
51646.5
46039
54452.2
71000.1
46088.2
49623
4382.72
4055.04
4427.78
5033.98
6918.14
4517.89
4300.8
4190.21
4284.42
4214.78
4009.98
4546.56
4059.14
4870.14
6848.51
4571.14
4317.18
4513.79
3956.74
4083.71
4366.34
4169.73
4272.13
5156.86
6721.54
4624.38
4116.48
4186.11
3977.22
3944.45
4493.31
4268.03
4124.67
5001.22
6709.25
4595.71
4345.86
4550.66
3887.1
4165.63
3948.54
4448.26
4374.53
24596.5
44748.8
43155.5
43421.7
59301.9
50724.9
49209.3
48889.9
4157.44
3919.87
5177.34
6762.5
4694.02
4157.44
4583.42
4038.66
4202.5
4173.82
4276.22
4382.72
5222.4
6873.09
43315.2
50642.9
40030.2
63070.2
66306
61911
31428.6
3895.3
5148.67
6684.67
4558.85
4354.05
4153.34
4300.8
4005.89
4083.71
4481.02
4087.81
5062.66
7000.06
4657.15
4349.95
4153.34
3821.57
4210.69
3760.13
3985.41
4243.46
4046.85
6414.34
4550.66
4464.64
4476.93
4280.32
3940.35
4136.96
4214.78
4222.98
5017.6
6922.24
4603.9
13197.3
4005.89
3993.6
4272.13
4022.27
4243.46
4415.49
5251.07
6615.04
4612.1
4104.19
4423.68
17895.4
54325.2
49684.5
58757.1
33312.8
5021.7
6746.11
4743.17
3813.38
4055.04
13545.5
43204.6
50823.2
29814.8
59134
57872.4
44560.4
44294.1
22929.4
4415.49
4251.65
4288.51
39518.2
1810.43
1982.46
1900.54
2031.62
2727.94
1937.41
1900.54
1921.02
1826.82
1941.5
1847.3
1871.87
1814.53
1941.5
2519.04
2195.46
1830.91
1835.01
2039.81
1990.66
1912.83
1847.3
1765.38
1843.2
2678.78
2138.11
1888.26
1826.82
1953.79
2048
2007.04
2027.52
13635.6
27037.7
30208
21876.7
32477.2
41287.7
36458.5
23806
1900.54
1953.79
1949.7
1957.89
3182.59
2629.63
2035.71
1814.53
2043.9
2007.04
2052.1
1843.2
1978.37
1810.43
2605.06
2351.1
1806.34
1994.75
1765.38
1826.82
1851.39
1753.09
1822.72
1761.28
2596.86
2351.1
1904.64
2027.52
1777.66
1826.82
1847.3
1896.45
1867.78
1744.9
2785.28
2166.78
1900.54
2019.33
1851.39
1990.66
1957.89
2027.52
1617.92
1929.22
2727.94
2248.7
9367.55
28303.4
42852.4
43872.3
3801.09
1806.34
1908.74
1835.01
2576.38
2326.53
1863.68
1847.3
1802.24
1847.3
1773.57
1757.18
1953.79
1974.27
2527.23
2011.14
1765.38
1908.74
1699.84
1798.14
1646.59
1810.43
1966.08
1896.45
2834.43
2187.26
1769.47
1966.08
1896.45
1675.26
1953.79
2027.52
1847.3
1896.45
2818.05
2150.4
1732.61
1900.54
1609.73
1724.42
1699.84
1736.7
1818.62
1810.43
2666.5
2142.21
2052.1
1871.87
1839.1
1933.31
1810.43
1953.79
1912.83
1835.01
2842.62
2240.51
1949.7
3416.06
24551.4
31473.7
23822.3
16605.2
25948.2
38826
46268.4
32477.2
29081.6
2048
2224.13
1765.38
1863.68
1789.95
1818.62
1798.14
2756.61
2256.9
1814.53
1839.1
1843.2
1863.68
1916.93
1888.26
1925.12
2109.44
2801.66
2289.66
1961.98
1794.05
1884.16
1740.8
1875.97
1839.1
1753.09
1863.68
2551.81
2121.73
1990.66
2142.21
1961.98
1929.22
1740.8
1867.78
1855.49
1896.45
2678.78
2129.92
1929.22
1945.6
1949.7
2076.67
1839.1
