2945.02
3575.81
3534.85
7532.54
6991.87
16699.4
3493.89
3661.82
2916.35
2867.2
2555.9
2707.46
4399.1
7770.11
4902.91
2146.3
4104.19
4251.65
3338.24
3727.36
3350.53
3862.53
4562.94
7036.93
5140.48
3428.35
4116.48
3780.61
3977.22
3796.99
3883.01
4534.27
3444.74
8036.35
5513.22
4059.14
18505.7
60874.8
46907.4
110264
74448.9
3821.57
3899.39
7421.95
4247.55
3948.54
2953.22
3268.61
3362.82
2703.36
2854.91
4120.58
2691.07
7827.46
5459.97
3948.54
4038.66
4444.16
3784.7
3715.07
4108.29
3887.1
4407.3
7565.31
2977.79
3792.9
3796.99
4567.04
17383.4
4100.1
4763.65
3448.83
4878.34
8380.42
5689.34
4567.04
4468.74
2977.79
4202.5
3948.54
3399.68
3506.18
4362.24
6823.94
2740.22
2027.52
2404.35
2428.93
2244.61
4468.74
3801.09
4030.46
5058.56
7901.18
4669.44
4128.77
4214.78
4034.56
3899.39
25952.3
72044.5
52432.9
101954
91078.7
58196
4288.51
4640.77
3723.26
3784.7
2613.25
3174.4
4341.76
4997.12
8310.78
5005.31
3518.46
2576.38
2768.9
2154.5
2748.42
3293.18
3653.63
4501.5
7925.76
3813.38
1572.86
2387.97
1761.28
2461.7
1994.75
1478.66
2965.5
4612.1
7426.05
16863.2
4198.4
3608.58
4268.03
4222.98
3973.12
3559.42
3510.27
4493.31
7196.67
3719.17
3899.39
4022.27
4485.12
4612.1
4317.18
3940.35
4091.9
4890.62
8396.8
5410.82
3936.26
4145.15
4378.62
3575.81
4251.65
4321.28
2994.18
4853.76
8208.38
45396
65646.6
67969
86143
97959.9
34742.3
3289.09
1323.01
4014.08
7925.76
5001.22
3829.76
3014.66
2760.7
3538.94
3158.02
2797.57
4055.04
4210.69
8368.13
5152.77
4386.82
4038.66
3764.22
4128.77
4272.13
4157.44
4108.29
4100.1
6344.7
5062.66
4108.29
16986.1
4108.29
3928.06
3006.46
4321.28
192.512
135.168
708.608
4882.43
1470.46
172.032
8.192
0
49.152
139.264
131.072
0
729.088
4997.12
5963.78
8.192
0
0
147.456
167.936
61.44
0
770.048
5050.37
1433.6
8.192
20.48
356.352
114.688
28.672
0
49.152
942.08
4911.1
1404.93
0
151.552
122.88
49.152
0
94.208
196.608
761.856
4931.58
1441.79
126.976
139.264
0
57.344
94.208
176.128
28.672
712.704
4915.2
1638.4
159.744
16.384
0
106.496
176.128
12.288
16.384
708.608
5013.5
1314.82
90.112
0
139.264
266.24
28.672
12.288
0
851.968
5029.89
1519.62
0
69.632
192.512
57.344
0
0
131.072
831.488
4845.57
1425.41
49.152
180.224
221.184
0
102.4
159.744
114.688
708.608
4874.24
1470.46
176.128
12.288
8.192
0
208.896
122.88
0
708.608
4939.78
1593.34
24.576
0
0
188.416
139.264
0
12.288
761.856
5058.56
1536
12.288
0
147.456
172.032
0
8.192
57.344
876.544
4894.72
1454.08
0
139.264
122.88
65.536
0
49.152
172.032
724.992
4882.43
1409.02
143.36
122.88
0
0
86.016
172.032
8.192
737.28
4907.01
1548.29
139.264
0
196.608
49.152
172.032
8.192
16.384
712.704
5017.6
1540.1
0
0
57.344
221.184
102.4
0
0
860.16
4980.74
1404.93
12.288
77.824
172.032
8.192
36.864
16.384
155.648
823.296
4915.2
2277.38
57.344
167.936
32.768
8.192
0
221.184
106.496
729.088
4886.53
1527.81
4825.09
8.192
28.672
0
159.744
192.512
0
712.704
4931.58
1650.69
65.536
24.576
0
200.704
147.456
36.864
237.568
253.952
94.208
1044.48
278.528
335.872
57.344
0
0
221.184
376.832
0
122.88
1097.73
606.208
114.688
0
0
221.184
274.432
0
0
204.8
1372.16
258.048
8.192
16.384
393.216
339.968
16.384
0
61.44
471.04
1085.44
225.28
0
241.664
278.528
57.344
8.192
98.304
360.448
208.896
1060.86
200.704
225.28
294.912
0
8.192
163.84
364.544
81.92
94.208
1036.29
565.248
335.872
0
0
61.44
360.448
57.344
20.48
126.976
1261.57
446.464
36.864
0
53.248
360.448
143.36
12.288
0
339.968
1339.39
196.608
0
69.632
372.736
49.152
0
0
221.184
364.544
962.56
233.472
77.824
352.256
212.992
0
0
237.568
274.432
102.4
1011.71
299.008
344.064
49.152
8.192
0
225.28
270.336
0
131.072
1040.38
630.784
147.456
8.192
0
249.856
303.104
0
12.288
184.32
1404.93
258.048
8.192
0
237.568
278.528
0
81.92
53.248
442.368
1691.65
225.28
8.192
417.792
274.432
0
0
49.152
372.736
180.224
1015.81
200.704
225.28
327.68
0
61.44
53.248
344.064
49.152
139.264
1069.06
475.136
262.144
0
167.936
106.496
344.064
49.152
32.768
102.4
1290.24
524.288
0
0
73.728
401.408
86.016
0
0
339.968
1277.95
229.376
8.192
69.632
360.448
110.592
0
20.48
225.28
380.928
1024
266.24
118.784
360.448
73.728
8.192
0
225.28
290.816
114.688
1019.9
294.912
368.64
86.016
24.576
0
262.144
290.816
0
122.88
1069.06
602.112
122.88
28.672
49.152
258.048
282.624
36.864
53801
71995.4
80052.2
36900.9
7053.31
7839.74
7950.34
38953
67924
72118.3
82759.7
54902.8
9469.95
9302.02
4849.66
6557.7
8044.54
7573.5
7475.2
6021.12
7147.52
7794.69
7860.22
9490.43
7618.56
6434.82
7667.71
7356.42
8093.7
6373.38
8810.5
7008.26
8884.22
10235.9
8032.26
8347.65
8437.76
7491.58
5398.53
8822.78
35586
65679.4
52482
79671.3
60772.4
71839.7
82022.4
63197.2
83898.4
77430.8
69275.6
5922.82
8278.02
9748.48
8392.7
7020.54
7909.38
7643.14
7036.93
7733.25
7970.82
8138.75
9703.42
5726.21
7598.08
7450.62
7880.7
8478.72
7368.7
8007.68
7315.46
7200.77
9887.74
9908.22
8814.59
8019.97
6082.56
7290.88
8175.62
24621.1
63234
48283.6
76902.4
98672.6
72937.5
81383.4
93286.4
75042.8
45785.1
7393.28
7372.8
8269.82
9158.66
9068.54
7421.95
7696.38
8142.85
6586.37
8404.99
6262.78
53084.2
66875.4
69484.5
16875.5
8077.31
7909.38
7663.62
7172.1
7081.98
4546.56
6909.95
8249.34
9326.59
10321.9
7725.06
6012.93
5849.09
4710.4
4493.31
7217.15
6451.2
7446.53
9166.85
64520.2
96227.3
82243.6
107393
113037
96817.2
52666.4
71028.7
7008.26
9121.79
8220.67
8376.32
7471.1
7573.5
8097.79
8085.5
5660.67
6971.39
7589.89
8339.46
8626.18
6627.33
7180.29
8192
8531.97
8552.45
7323.65
8060.93
7671.81
10137.6
9646.08
7675.9
7622.66
8290.3
7254.02
7196.67
7770.11
6631.42
8036.35
10027
54173.7
53878.8
73445.4
78184.4
80355.3
56504.3
56762.4
84795.4
67301.4
71315.5
9658.37
8364.03
10305.5
6168.58
7266.3
7741.44
5406.72
7913.47
6840.32
9744.38
10174.5
8056.83
7749.63
6467.58
7884.8
8196.1
7573.5
7368.7
7172.1
6426.62
8683.52
7901.18
8073.22
7782.4
7761.92
6074.37
7393.28
7610.37
2543.62
2756.61
2682.88
3743.74
2588.67
18882.6
53452.8
47890.4
70950.9
75055.1
69460
18759.7
3514.37
3715.07
2760.7
1720.32
3457.02
3280.9
2351.1
2416.64
2793.47
3170.3
2957.31
3215.36
3526.66
2490.37
2981.89
3174.4
3244.03
2744.32
3084.29
2953.22
2547.71
3964.93
3526.66
3063.81
3260.42
2924.54
2506.75
2641.92
3309.57
3039.23
3047.42
3723.26
2805.76
2985.98
2523.14
2805.76
2543.62
2265.09
2236.42
2953.22
1601.54
4161.54
3571.71
3207.17
3133.44
3194.88
3031.04
2502.66
3317.76
44429.3
49602.6
51957.8
85950.5
29962.2
2998.27
3411.97
2793.47
3235.84
3702.78
2670.59
3469.31
4153.34
3661.82
3420.16
3301.38
2170.88
3182.59
2834.43
3063.81
2715.65
3117.06
2928.64
1568.77
1744.9
2220.03
1843.2
2097.15
3465.22
3022.85
3018.75
3469.31
3796.99
3108.86
3047.42
3244.03
2920.45
3047.42
3264.51
2330.62
2596.86
2560
3543.04
3489.79
3358.72
3391.49
2789.38
3010.56
1683.46
2502.66
3227.65
3624.96
4096
31907.8
59138
58789.9
89423.9
80597
8040.45
2424.83
2854.91
3203.07
3985.41
2097.15
1077.25
1957.89
1523.71
2105.34
1798.14
1273.86
2170.88
3670.02
3047.42
3006.46
3239.94
2658.3
3260.42
3215.36
2510.85
3047.42
2707.46
2945.02
3166.21
2334.72
2686.98
3506.18
3366.91
3231.74
3108.86
3084.29
3076.1
3522.56
3915.78
3334.14
3014.66
3309.57
3346.43
2461.7
3567.62
3182.59
2334.72
3391.49
3813.38
2916.35
2846.72
1970.18
1794.05
2007.04
3178.5
2043.9
1372.16
3182.59
4038.66
3366.91
31711.2
65974.3
50499.6
68055
62066.7
56541.2
11620.4
3448.83
4157.44
3047.42
3350.53
3031.04
2916.35
3018.75
3219.46
3239.94
3100.67
2949.12
2641.92
3350.53
3305.47
3305.47
3223.55
2908.16
2441.22
3166.21
