1294.34
0
16.384
1376.26
1363.97
36.864
28.672
0
0
1646.59
1290.24
0
290.816
1306.62
1613.82
32.768
32.768
622.592
0
1482.75
933.888
0
348.16
737.28
53.248
1589.25
32.768
0
0
1478.66
1138.69
0
471.04
1191.94
49.152
1527.81
28.672
364.544
880.64
1134.59
1454.08
0
307.2
500.34
53.248
1220.61
32.768
565.248
0
1630.21
970.752
0
262.144
778.24
45.056
1630.21
24.576
192.512
0
1716.22
1306.62
0
4.096
1331.2
53.248
1650.69
36.864
1667.07
0
380.928
1294.34
0
294.912
1302.53
49.152
1236.99
28.672
524.288
20.48
1605.63
999.424
0
0
950.272
49.152
1626.11
28.672
0
135.168
1638.4
1179.65
0
0
417.792
1273.86
1429.5
32.768
0
1646.59
356.352
500.9
0
24.576
294.912
1384.45
1253.38
24.576
0
466.944
1544.19
1044.48
0
0
40.96
3407.87
1671.17
28.672
0
208.896
0
2940.93
0
0
176.128
1576.96
1658.88
28.672
0
1908.74
0
1593.34
0
0
335.872
1331.2
1200.13
28.672
0
516.096
0
500.26
0
0
8.192
884.736
1716.22
24.576
0
135.168
0
2949.12
0
0
0
1208.32
1429.5
32.768
0
1593.34
0
778.24
692.224
0
393.216
1310.72
1187.84
32.768
0
462.848
0
2510.85
0
0
0
1000.5
1466.37
69.632
94.208
0
610.304
2670.59
57.344
0
212.992
69.632
1835.01
65.536
0
1822.72
1318.91
327.68
1302.53
0
421.888
49.152
1142.78
81.92
0
188.416
1306.62
1654.78
2732.03
0
57.344
36.864
53.248
0
4173.82
0
0
0
1110.02
20.48
53.248
28.672
61.44
0
2686.98
0
0
0
2461.7
0
57.344
28.672
57.344
0
4022.27
0
0
0
978.944
0
57.344
28.672
57.344
0
2203.65
57.344
0
0
500.96
0
40.96
24.576
49.152
0
1298.43
1216.51
0
0
2576.38
0
49.152
24.576
61.44
0
4067.33
110.592
0
0
1155.07
237.568
69.632
32.768
106.496
24.576
1306.62
1228.8
0
0
2662.4
0
49.152
24.576
49.152
0
1343.49
1212.42
0
20.48
2891.78
0
45.056
24.576
53.248
0
4038.66
397.312
0
0
393.216
0
45.056
24.576
65.536
0
249.856
3452.93
0
0
1097.73
0
53.248
28.672
53.248
0
4206.59
491.52
0
0
487.424
126.976
65.536
20.48
61.44
77.824
4296.7
466.944
0
0
503.808
0
49.152
24.576
61.44
0
2326.53
2621.44
0
0
434.176
0
786.432
32.768
53.248
0
0
3325.95
184.32
0
471.04
0
1540.1
24.576
53.248
0
32.768
2547.71
1200.13
0
0
0
1228.8
32.768
73.728
0
0
3661.82
294.912
0
0
0
745.472
32.768
65.536
0
0
4153.34
266.24
0
0
0
782.336
53.248
69.632
0
0
1159.17
2478.08
0
0
0
1318.91
49.152
65.536
0
0
2596.86
1499.14
0
0
0
2035.71
32.768
65.536
0
0
1224.7
2322.43
0
0
151.552
0
466.944
1335.3
45.056
0
917.504
0
0
2420.74
122.88
0
651.264
1249.28
49.152
827.392
8.192
0
0
2232.32
139.264
0
454.656
1265.66
40.96
0
823.296
0
0
1966.08
102.4
0
131.072
1716.22
208.896
0
778.24
0
0
0
81.92
0
0
3702.78
4.096
53.248
1245.18
0
0
0
73.728
0
0
2392.06
1351.68
49.152
1224.7
0
0
2654.21
32.768
2633.73
0
495.616
913.408
61.44
843.776
0
647.168
1462.27
53.248
0
0
1134.59
24.576
57.344
1261.57
0
1384.45
1347.58
81.92
0
0
1138.69
0
53.248
1245.18
0
1327.1
2027.52
49.152
24.576
0
393.216
0
53.248
794.624
0
1269.76
1372.16
53.248
4849.66
0
1257.47
102.4
49.152
1228.8
0
1249.28
1691.65
49.152
20.48
0
1105.92
28.672
53.248
0
0
1339.39
2510.85
45.056
28.672
0
1134.59
16.384
57.344
0
0
1314.82
2899.97
57.344
28.672
0
1073.15
188.416
73.728
0
0
1241.09
2691.07
401.408
20.48
0
1007.62
24.576
57.344
0
0
1413.12
2486.27
49.152
24.576
0
1007.62
0
32.768
0
0
1118.21
2289.66
61.44
28.672
0
1081.34
184.32
53.248
0
0
1167.36
2498.56
0
65.536
0
921.6
94.208
57.344
0
0
1290.24
2375.68
0
90.112
0
1118.21
0
49.152
0
0
1339.39
1724.42
880.64
77.824
0
1150.98
135.168
49.152
0
0
1232.9
2170.88
516.096
1200.13
1314.82
1728.51
0
0
86.016
1183.74
0
0
53.248
1171.46
2011.14
876.544
0
69.632
94.208
1142.78
1445.89
0
73.728
1069.06
512
970.752
0
0
94.208
970.752
249.856
0
73.728
843.776
1212.42
1470.46
0
0
1024
0
0
0
28.672
1122.3
0
5066.75
7892.99
0
1241.09
0
1441.79
0
69.632
1138.69
0
1556.48
0
0
1208.32
0
4.096
0
53.248
991.232
0
3215.36
0
0
1728.51
0
249.856
0
65.536
1146.88
0
1589.25
0
0
2347.01
0
798.72
0
73.728
1150.98
0
1015.81
0
0
2547.71
0
0
32.768
53.248
872.448
0
1523.71
0
0
2150.4
8.192
602.112
0
69.632
1077.25
0
1478.66
0
0
2048
0
811.008
0
61.44
1155.07
0
929.792
0
0
1310.72
1167.36
16.384
0
65.536
954.368
0
1634.3
0
0
1359.87
1179.65
552.96
0
69.632
0
1216.51
1597.44
0
0
1060.86
1204.22
839.68
0
49.152
0
1863.68
233.472
0
0
1384.45
1286.14
32.768
0
57.344
0
950.272
1572.86
1675.26
0
385.024
450.56
0
667.648
94.208
0
385.024
1634.3
0
0
1314.82
1179.65
5656.58
0
40.96
0
1134.59
1507.33
0
0
1273.86
1093.63
0
0
53.248
4.096
1097.73
786.432
2564.1
0
421.888
434.176
0
823.296
0
73.728
393.216
1531.9
32.768
0
0
2617.34
0
0
0
61.44
286.72
0
0
2494.46
0
1642.5
0
0
106.496
1220.61
0
0
0
2727.94
0
1523.71
0
0
98.304
1118.21
0
0
0
2662.4
12.288
2719.74
0
0
102.4
421.888
0
0
0
1122.3
1060.86
1683.46
4.096
0
98.304
1179.65
16.384
0
0
1544.19
1187.84
1527.81
0
0
102.4
1220.61
0
0
0
1544.19
1236.99
2654.21
0
0
90.112
516.096
20.48
0
0
1351.68
1171.46
1560.58
0
0
69.632
1200.13
290.816
0
0
1638.4
1253.38
1609.73
0
0
81.92
1208.32
0
0
0
1585.15
1269.76
2666.5
0
0
98.304
438.272
0
0
0
1101.82
1282.05
1323.01
0
0
90.112
1122.3
0
0
0
1552.38
1228.8
1744.9
110.592
0
81.92
1204.22
32.768
0
11182.1
1531.9
1212.42
2482.18
413.696
0
57.344
36.864
12.288
0
0
1372.16
1159.17
8.192
1585.15
1220.61
86.016
36.864
16.384
0
0
1568.77
1236.99
90.112
2719.74
0
77.824
110.592
245.76
0
0
655.36
2293.76
380.928
1613.82
1216.51
98.304
36.864
937.984
0
0
0
2166.78
0
770.048
610.304
811.008
32.768
0
0
49.152
0
1216.51
3899.39
319.488
204.8
491.52
61.44
0
0
0
0
1101.82
0
1441.79
1097.73
1540.1
49.152
0
0
0
0
1232.9
0
0
2723.84
1650.69
49.152
0
0
0
0
1302.53
3518.46
188.416
299.008
516.096
53.248
270.336
