0
0
0
57.344
0
0
0
0
1822.72
16.384
0
0
0
57.344
0
0
0
0
24.576
1785.86
0
0
0
57.344
0
0
0
0
20.48
1953.79
0
0
0
57.344
0
0
0
0
20.48
1994.75
0
0
0
57.344
0
0
0
0
24.576
2342.91
0
0
0
69.632
1114.11
0
0
0
61.44
4059.14
0
0
0
61.44
0
0
0
0
24.576
1896.45
0
0
0
61.44
4251.65
0
0
0
61.44
0
0
0
0
20.48
1892.35
0
0
0
61.44
0
0
0
0
28.672
2048
0
0
0
61.44
0
0
0
0
20.48
2117.63
0
0
0
61.44
0
0
0
0
24.576
2043.9
0
0
0
61.44
0
0
0
0
24.576
2072.58
0
0
0
0
65.536
0
0
0
0
2121.73
0
0
0
0
73.728
0
0
0
0
2236.42
0
0
0
0
1146.88
0
0
0
0
1183.74
0
0
0
0
4374.53
0
0
0
0
65.536
0
0
0
0
57.344
0
0
0
0
8257.54
0
0
0
0
32.768
0
0
0
0
28.672
0
0
0
0
2928.64
0
0
0
0
57.344
0
0
0
0
2203.65
0
0
0
0
0
20.48
0
4472.83
0
0
61.44
0
0
0
0
20.48
0
4087.81
0
0
53.248
0
0
0
0
20.48
0
4034.56
0
0
53.248
0
0
0
0
16.384
0
4366.34
0
0
53.248
0
0
0
0
16.384
0
0
0
0
16.384
0
7061.5
0
0
53.248
0
0
0
0
24.576
0
0
0
0
57.344
0
11259.9
0
0
65.536
0
0
0
0
57.344
0
0
0
0
20.48
0
6770.69
0
0
65.536
0
0
0
0
24.576
0
0
0
0
20.48
0
6590.46
0
0
61.44
0
0
0
0
28.672
0
0
0
0
20.48
0
6799.36
0
0
73.728
0
0
0
0
28.672
0
0
0
0
20.48
0
6246.4
0
0
90.112
0
0
0
0
69.632
0
0
0
0
20.48
0
5222.4
2084.86
0
86.016
0
0
0
0
20.48
0
0
0
0
16.384
0
1040.38
5648.38
0
57.344
0
0
0
0
28.672
0
0
0
0
16.384
0
0
12967.9
0
57.344
0
0
0
0
20.48
0
0
0
0
16.384
0
0
0
0
16.384
0
0
8437.76
0
77.824
0
0
0
0
20.48
0
0
69.632
0
0
0
0
65.536
0
0
0
0
5955.58
0
0
0
0
28.672
0
0
0
0
24.576
0
0
0
0
5271.55
0
0
0
0
28.672
0
0
0
0
20.48
0
0
0
0
6045.7
0
0
0
0
28.672
0
0
0
0
20.48
0
0
0
0
6139.9
0
0
0
0
32.768
0
0
0
0
20.48
0
0
0
0
11669.5
0
0
0
0
57.344
0
0
0
0
20.48
0
0
0
0
4718.59
0
0
0
0
24.576
0
0
0
0
20.48
0
0
0
0
6176.77
0
0
0
0
24.576
0
0
0
0
20.48
0
0
0
0
5713.92
0
0
0
0
53.248
0
0
0
0
20.48
0
0
0
0
5804.03
0
0
0
0
49.152
0
0
0
0
20.48
0
0
0
0
4063.23
2416.64
0
0
0
73.728
0
0
0
0
20.48
0
0
0
0
24.576
13103.1
0
0
0
81.92
0
0
0
0
20.48
0
0
0
0
20.48
6852.61
0
0
98.304
0
0
0
0
28.672
0
0
0
0
20.48
0
5554.18
0
0
49.152
0
0
0
0
20.48
0
2097.15
0
0
0
0
45.056
0
0
0
0
2015.23
0
0
0
0
45.056
0
0
0
0
1933.31
0
0
0
0
1122.3
0
0
0
0
45.056
0
0
0
0
2199.55
0
0
0
0
45.056
0
0
0
0
2433.02
0
0
0
0
45.056
0
0
0
0
2322.43
0
0
0
0
53.248
0
0
0
0
8163.33
0
0
0
0
53.248
0
0
0
0
16.384
0
0
0
0
3338.24
0
0
0
0
45.056
0
0
0
0
12.288
0
0
0
0
3268.61
0
0
0
0
45.056
0
0
0
0
2375.68
0
0
0
0
45.056
0
0
0
0
2134.02
0
0
0
0
53.248
0
0
0
0
2150.4
0
0
0
0
57.344
0
0
0
0
2306.05
0
0
0
0
57.344
0
0
0
0
167.936
2666.5
0
0
0
98.304
0
0
0
0
16.384
3399.68
0
0
0
73.728
0
0
0
0
16.384
0
0
0
0
53.248
11227.1
0
0
0
57.344
0
57.344
0
0
0
0
20.48
0
0
0
3354.62
49.152
0
0
0
0
24.576
0
0
0
0
16.384
0
0
1134.59
0
0
0
90.112
0
0
0
0
16.384
3620.86
0
0
0
57.344
0
0
0
0
16.384
2572.29
0
0
0
53.248
0
0
0
0
16.384
3100.67
0
0
0
53.248
0
0
0
0
16.384
3153.92
0
0
0
53.248
0
0
0
0
16.384
3387.39
0
0
0
53.248
0
0
0
0
24.576
0
0
0
0
16.384
10530.8
0
0
0
57.344
0
0
0
0
16.384
0
0
0
0
49.152
3485.7
0
0
0
0
28.672
0
0
0
0
16.384
0
0
0
0
4694.02
0
0
0
0
20.48
0
0
0
0
20.48
0
0
0
0
4833.28
0
0
0
0
24.576
0
0
0
0
20.48
0
0
0
0
4587.52
0
0
0
0
24.576
0
0
0
0
57.344
0
0
0
0
5341.18
0
0
0
0
24.576
0
0
0
0
24.576
0
0
0
0
4448.26
0
0
0
0
69.632
0
0
0
0
24.576
0
0
0
0
12288
0
0
0
0
28.672
0
0
0
0
24.576
0
0
0
0
4698.11
0
0
0
0
28.672
0
0
0
0
20.48
0
0
0
0
4677.63
