4423.68
4415.49
9068.54
5840.9
4468.74
3768.32
3895.3
3739.65
4366.34
4096
3731.46
3858.43
7028.74
5201.92
2035.71
2490.37
3121.15
4161.54
3588.1
3870.72
4378.62
5251.07
22933.5
5791.74
4009.98
3739.65
3526.66
4055.04
3883.01
4247.55
3231.74
3182.59
7639.04
4132.86
3362.82
3117.06
4116.48
4300.8
4186.11
3510.27
4468.74
3780.61
9162.75
5963.78
3596.29
4251.65
3919.87
3866.62
4755.46
3739.65
4284.42
3125.25
20488.2
64143.4
42246.1
109806
87892
74219.5
2899.97
3448.83
3923.97
4419.58
9089.02
6049.79
4546.56
4620.29
4681.73
2412.54
4599.81
4100.1
3895.3
4624.38
7475.2
5832.7
4280.32
4145.15
3891.2
4096
3104.77
4263.94
4734.98
4714.5
22151.2
5619.71
3395.58
2949.12
2801.66
2203.65
2539.52
3153.92
1892.35
3219.46
8556.54
5160.96
3637.25
3735.55
3133.44
2863.1
3215.36
2772.99
2785.28
4481.02
9084.93
6115.33
4476.93
4173.82
4247.55
2363.39
3964.93
4067.33
4390.91
4792.32
9129.98
18362.4
56930.3
48484.4
103731
93110.3
90120.2
4431.87
4120.58
4657.15
9265.15
5468.16
3940.35
4194.3
3133.44
2998.27
2412.54
4321.28
4427.78
4333.57
8876.03
5050.37
4464.64
4243.46
3465.22
3756.03
2949.12
3457.02
3137.54
3387.39
8196.1
5292.03
3653.63
16515.1
3829.76
3973.12
3235.84
3538.94
3694.59
2166.78
7917.57
5431.3
4423.68
3952.64
3375.1
4206.59
4038.66
4059.14
4186.11
4481.02
8613.89
4792.32
3538.94
2449.41
2330.62
3317.76
4448.26
4571.14
4272.13
4608
8265.73
5926.91
4640.77
29933.6
78913.5
39415.8
97079.3
82780.2
15056.9
2875.39
8253.44
5853.18
3268.61
3989.5
3973.12
4632.58
4657.15
4419.58
3702.78
4153.34
8892.42
5259.26
3538.94
3747.84
3248.13
3604.48
4362.24
3522.56
3444.74
65.536
1486.85
4743.17
1093.63
0
196.608
69.632
73.728
0
69.632
192.512
1282.05
4718.59
1060.86
188.416
53.248
36.864
102.4
69.632
245.76
0
1282.05
4734.98
1486.85
110.592
163.84
8.192
73.728
249.856
0
12.288
1110.02
5099.52
1105.92
81.92
28.672
90.112
188.416
0
618.496
0
1290.24
4952.06
1060.86
8.192
61.44
196.608
45.056
16.384
0
217.088
1314.82
4751.36
1052.67
65.536
184.32
0
36.864
0
188.416
49.152
1089.54
5062.66
1785.86
2990.08
36.864
0
0
225.28
122.88
0
1265.66
4792.32
1339.39
3305.47
0
0
180.224
49.152
0
65.536
1331.2
4898.82
1298.43
0
184.32
184.32
167.936
0
57.344
69.632
1290.24
5009.41
1056.77
90.112
188.416
57.344
581.632
8.192
94.208
180.224
1089.54
4911.1
1077.25
200.704
53.248
0
45.056
73.728
172.032
0
1114.11
4894.72
1265.66
57.344
0
8.192
131.072
172.032
0
0
1126.4
5156.86
1130.5
0
0
73.728
217.088
0
8.192
0
1286.14
4943.87
1064.96
36.864
69.632
196.608
65.536
0
0
200.704
1232.9
4829.18
1253.38
131.072
360.448
36.864
24.576
0
253.952
49.152
1130.5
5038.08
1126.4
307.2
0
0
155.648
782.336
69.632
16.384
1114.11
5148.67
1261.57
32.768
36.864
28.672
258.048
65.536
0
53.248
1163.26
5337.09
1056.77
0
20.48
208.896
114.688
0
0
98.304
1273.86
4902.91
1077.25
0
196.608
53.248
53.248
8.192
73.728
188.416
1257.47
4923.39
1064.96
196.608
69.632
20.48
61.44
69.632
184.32
0
40.96
344.064
1196.03
294.912
8.192
233.472
294.912
131.072
16.384
65.536
331.776
110.592
1003.52
401.408
176.128
299.008
20.48
36.864
98.304
368.64
139.264
0
1036.29
688.128
413.696
184.32
8.192
40.96
458.752
176.128
0
12.288
1167.36
688.128
86.016
28.672
40.96
360.448
180.224
651.264
106.496
172.032
1372.16
290.816
65.536
73.728
327.68
102.4
0
40.96
221.184
323.584
954.368
376.832
53.248
446.464
69.632
0
0
176.128
352.256
0
1044.48
339.968
344.064
172.032
49.152
0
192.512
323.584
0
32.768
1081.34
684.032
102.4
0
0
241.664
278.528
0
8.192
40.96
1433.6
614.4
81.92
188.416
184.32
368.64
0
94.208
36.864
323.584
1122.3
356.352
110.592
163.84
311.296
245.76
458.752
24.576
344.064
102.4
1040.38
344.064
233.472
303.104
0
61.44
53.248
344.064
110.592
0
1060.86
524.288
294.912
0
12.288
40.96
417.792
110.592
0
0
1228.8
638.976
32.768
0
45.056
339.968
163.84
0
12.288
196.608
1343.49
290.816
20.48
237.568
372.736
102.4
0
0
258.048
315.392
1077.25
450.56
196.608
421.888
270.336
20.48
20.48
253.952
327.68
16.384
1052.67
344.064
430.08
180.224
0
24.576
741.376
417.792
0
20.48
1146.88
724.992
110.592
57.344
45.056
237.568
294.912
16.384
16.384
77.824
1388.54
495.616
0
0
180.224
401.408
0
0
61.44
360.448
1130.5
356.352
8.192
192.512
311.296
53.248
8.192
40.96
356.352
102.4
1056.77
299.008
192.512
311.296
0
45.056
114.688
344.064
102.4
8024.06
9523.2
9945.09
8019.97
8265.73
6799.36
6955.01
7843.84
8343.55
23498.8
66183.2
64708.6
86405.1
97693.7
99049.5
73363.5
82370.6
72458.2
47222.8
7151.62
7802.88
8835.07
10141.7
6275.07
7041.02
6656
6578.18
7090.18
7700.48
7565.31
6463.49
8568.83
7737.34
6660.1
6795.26
7180.29
7565.31
8237.06
7073.79
7249.92
7806.98
8572.93
10584.1
6287.36
8228.86
7024.64
7229.44
7954.43
39927.8
67715.1
60239.9
84709.4
64860.2
25374.7
34205.7
67002.4
61739
88326.1
70803.5
32657.4
7974.91
9773.06
10117.1
8552.45
8220.67
8626.18
4423.68
8101.89
7868.42
7086.08
8077.31
8916.99
9773.06
7655.42
8212.48
6467.58
7839.74
8134.66
7766.02
7942.14
9347.07
9269.25
10080.3
7155.71
9453.57
64716.8
54407.2
79044.6
74485.8
92667.9
65716.2
52957.2
9936.9
7151.62
7389.18
60698.6
56438.8
78290.9
75919.4
42446.8
7766.02
9728
10625
7872.51
8134.66
7913.47
4943.87
6770.69
7421.95
7946.24
8261.63
9711.62
9871.36
7770.11
4894.72
7225.34
6905.86
7168
8605.7
7299.07
8364.03
9965.57
9404.42
23109.6
67657.7
57712.6
96759.8
78348.3
46985.2
7761.92
7933.95
9445.38
9224.19
7479.3
8437.76
60481.5
62644.2
75034.6
76398.6
79061
27529.2
8208.38
9723.9
6332.42
6467.58
6590.46
7200.77
7065.6
5877.76
6877.18
4567.04
8781.82
9854.98
7847.94
7966.72
7434.24
7266.3
8081.41
7286.78
7725.06
7897.09
10027
52314.1
57606.1
75546.6
59293.7
69042.2
37806.1
8122.37
7884.8
8392.7
9183.23
9756.67
8339.46
7950.34
26427.4
57815
63438.8
87425
70070.3
76054.5
8798.21
10235.9
6979.58
7282.69
7745.54
7991.3
8589.31
7593.98
6893.57
8052.74
9076.74
10031.1
7663.62
7696.38
6938.62
7487.49
7823.36
22982.7
56135.7
55660.5
3461.12
3629.06
4411.39
3301.38
3547.14
2678.78
3035.14
3313.66
3321.86
3047.42
3010.56
2748.42
3383.3
2592.77
1626.11
2408.45
3149.82
3477.5
2703.36
3334.14
3436.54
3567.62
4026.37
2969.6
3252.22
2977.79
2613.25
3047.42
2781.18
19304.4
49102.8
49631.2
70438.9
64745.5
56594.4
40038.4
3149.82
3256.32
3076.1
3395.58
3334.14
3256.32
4370.43
2830.34
3371.01
3072
3239.94
3129.34
3502.08
3112.96
3309.57
2510.85
2965.5
3268.61
3727.36
2879.49
2502.66
2224.13
2568.19
2924.54
3014.66
3870.72
4222.98
3751.94
3387.39
3448.83
2953.22
2899.97
3534.85
2887.68
3407.87
3203.07
3403.78
3182.59
3620.86
2465.79
3612.67
3330.05
3223.55
3530.75
3600.38
3633.15
40583.2
58540
42991.6
73916.4
67133.4
31318
2699.26
1536
2203.65
2813.95
3874.82
2596.86
2510.85
2756.61
1888.26
3375.1
2498.56
1503.23
2920.45
3502.08
4452.35
3563.52
3317.76
3239.94
2822.14
2244.61
2887.68
3137.54
3657.73
3784.7
3952.64
3334.14
2973.7
2158.59
3313.66
2879.49
3637.25
2809.86
3510.27
3690.5
4116.48
3317.76
3022.85
3330.05
2318.34
2162.69
2555.9
3428.35
3362.82
3629.06
3674.11
3100.67
3510.27
3051.52
2990.08
2752.51
2965.5
58175.5
52109.3
68579.3
68796.4
75776
17485.8
2600.96
2867.2
3198.98
2088.96
2400.26
2301.95
2609.15
3530.75
3141.63
3084.29
2658.3
2826.24
3276.8
3522.56
3244.03
3391.49
3710.98
4075.52
2965.5
2506.75
1826.82
2674.69
3092.48
3780.61
3452.93
3551.23
3825.66
4370.43
3653.63
3530.75
2510.85
3346.43
3006.46
3055.62
2932.74
2514.94
2752.51
4132.86
3141.63
2646.02
3174.4
3059.71
3547.14
3403.78
3039.23
3350.53
3514.37
13561.9
52613.1
49807.4
71118.8
66555.9
64155.6
3538.94
2482.18
3002.37
