17788.9
0
0
0
0
90.112
0
0
0
0
16.384
0
0
0
0
16.384
0
0
0
0
17461.2
0
0
0
0
65.536
0
0
0
0
81.92
0
0
0
0
20.48
0
0
0
0
15499.3
0
0
0
0
57.344
0
0
0
0
20.48
0
0
0
0
20.48
0
0
0
0
12443.6
0
0
0
0
86.016
0
0
0
0
20.48
0
0
0
0
14172.2
0
0
0
0
57.344
0
0
0
0
81.92
0
0
123863
24268.8
16.384
21889
135135
112603
0
0
173273
120009
0
0
0
0
139.264
0
0
4644.86
0
36.864
0
0
212.992
65.536
0
0
0
17764.4
53.248
0
0
0
4472.83
73.728
0
0
0
5955.58
45.056
0
0
0
0
73.728
0
0
0
49.152
28.672
0
0
0
6635.52
14811.1
0
0
0
0
69.632
0
0
0
0
20.48
0
0
0
0
14364.7
0
0
0
0
24.576
0
0
0
0
77.824
0
0
0
0
13553.7
0
0
0
0
57.344
0
0
0
0
24.576
0
0
0
0
13955.1
0
0
0
0
77.824
0
0
0
0
20.48
0
0
0
0
0
0
53.248
0
0
0
0
16453.6
0
0
0
0
2748.42
0
0
0
0
16.384
0
94.208
0
0
0
0
20.48
0
0
11018.2
0
81.92
0
0
0
0
16.384
0
0
16.384
0
16.384
0
0
0
0
57.344
0
0
17539.1
0
49.152
0
0
0
0
57.344
0
0
0
0
53.248
0
0
0
0
40.96
0
0
15527.9
0
49.152
0
0
0
0
57.344
0
0
0
0
16.384
0
0
0
0
16.384
0
0
34422.8
100483
34254.8
0
34865.2
144163
92414
0
0
111538
158077
30609.4
0
0
0
0
114.688
0
0
0
0
16.384
0
0
0
0
53.248
0
0
0
0
13922.3
0
0
0
0
237.568
0
0
0
0
925.696
0
0
0
0
20.48
0
0
0
0
18047
0
0
0
0
24.576
0
0
0
0
61.44
0
0
0
0
15441.9
0
0
0
0
65.536
0
0
0
0
65.536
0
0
0
0
12161
0
0
0
0
24.576
0
0
0
0
65.536
0
0
0
0
14331.9
0
0
0
0
45.056
0
0
0
0
77.824
0
0
0
0
45.056
0
0
0
16.384
0
0
0
0
17141.8
0
0
0
0
57.344
0
0
0
0
16.384
0
0
0
0
16.384
0
0
0
0
13398
0
0
0
0
81.92
0
0
0
0
16.384
0
0
0
0
16.384
0
0
0
0
15188
0
0
0
0
77.824
0
0
0
0
16.384
0
0
0
0
16.384
0
0
0
0
14676
0
0
0
0
61.44
0
0
0
0
61.44
0
0
0
0
16.384
0
0
0
0
4038.66
2134.02
0
142103
5730.3
0
4399.1
156234
113345
0
0
157020
128958
10735.6
0
0
0
0
94.208
0
0
0
0
16.384
0
0
0
0
16.384
0
0
8404.99
0
73.728
0
0
16093.2
0
65.536
0
0
0
0
24.576
0
0
0
0
20.48
0
0
12423.2
0
57.344
0
0
0
0
65.536
0
0
0
0
77.824
0
0
11042.8
0
57.344
0
0
0
0
24.576
0
0
0
0
20.48
0
0
9564.16
0
49.152
0
0
0
0
24.576
61.44
0
0
0
0
28.672
0
9879.55
0
0
81.92
0
0
0
0
24.576
0
0
0
0
24.576
0
23285.8
0
0
90.112
0
0
0
61.44
0
0
0
0
17649.7
0
0
0
0
28.672
0
0
0
0
24.576
0
0
0
0
73.728
0
0
0
0
16252.9
0
0
0
0
61.44
0
0
0
0
20.48
0
0
0
0
20.48
0
0
0
0
18980.9
0
0
0
0
45.056
0
0
0
0
98.304
0
0
0
0
53.248
0
0
0
0
14716.9
0
0
0
0
61.44
0
0
0
0
20.48
0
0
0
0
20.48
0
0
0
0
57061.4
111620
0
24772.6
116912
132887
0
0
0
74313.7
157794
63688.7
0
0
0
0
77.824
0
0
0
0
20.48
0
0
0
0
20.48
0
0
0
4395.01
36.864
0
0
0
11796.5
4456.45
0
0
0
9695.23
921.6
0
0
0
0
65.536
0
0
0
0
24.576
0
0
0
8515.58
2007.04
0
0
0
0
11075.6
0
0
0
0
1601.54
0
0
0
0
65.536
0
0
0
0
24.576
0
0
0
0
11124.7
0
0
0
0
32.768
0
0
0
0
28.672
0
0
0
0
13991.9
0
0
0
0
139.264
0
0
0
0
28.672
0
0
0
0
24834
0
0
14635
0
0
0
0
61.44
0
0
0
0
28.672
0
0
0
0
65.536
0
0
0
0
11268.1
0
0
0
0
65.536
0
0
0
0
73.728
0
0
0
0
20.48
0
0
0
0
13266.9
0
0
0
0
53.248
0
0
0
0
24.576
0
0
0
0
61.44
0
0
0
0
12562.4
0
0
0
0
53.248
0
0
0
0
20.48
0
0
0
0
65.536
0
0
0
0
10494
0
0
0
0
53.248
21495.8
108970
17707
0
74895.4
164225
30482.4
67448.8
94240.8
133763
0
0
0
0
106.496
0
0
0
0
57.344
0
0
0
0
8724.48
4603.9
0
0
0
2904.06
0
0
0
0
2265.09
0
0
0
0
69.632
0
0
0
0
20.48
0
0
0
0
20.48
16732.2
0
0
0
77.824
0
0
0
0
24.576
0
0
0
0
20.48
0
0
0
0
20.48
14737.4
0
0
0
53.248
0
0
0
0
24.576
0
0
61.44
0
0
9613.31
0
53.248
0
0
0
0
24.576
0
0
0
0
61.44
0
0
14270.5
0
61.44
0
0
0
0
65.536
0
0
0
0
24.576
0
