0
1609.73
0
0
49.152
0
0
0
0
20.48
0
3047.42
0
0
49.152
0
1789.95
0
0
49.152
0
0
0
0
20.48
0
3997.7
0
0
77.824
0
0
0
0
20.48
0
8413.18
0
0
73.728
0
0
0
0
20.48
0
3416.06
0
0
57.344
0
0
0
0
20.48
0
3244.03
0
0
90.112
0
0
0
0
20.48
0
4149.25
0
0
69.632
0
0
0
0
24.576
0
3448.83
0
0
57.344
0
0
0
0
20.48
0
3174.4
0
0
57.344
0
0
0
0
20.48
0
3235.84
0
0
61.44
0
0
0
0
20.48
0
3211.26
0
0
57.344
0
0
0
0
20.48
0
3170.3
0
0
57.344
0
1691.65
0
0
86.016
0
0
0
0
77.824
0
11853.8
0
0
69.632
0
0
0
0
20.48
0
0
0
0
73.728
0
5230.59
0
0
53.248
0
0
0
0
16.384
0
3526.66
0
0
45.056
0
0
0
0
20.48
0
3371.01
0
0
69.632
0
0
0
0
57.344
0
4411.39
0
0
53.248
0
0
0
0
20.48
0
2875.39
0
0
77.824
0
0
0
69.632
0
0
3633.15
0
73.728
0
0
0
0
0
73.728
0
0
0
0
12.288
0
0
0
6332.42
49.152
0
0
0
0
16.384
0
0
0
0
12.288
0
0
0
11124.7
49.152
0
0
0
0
16.384
0
0
0
0
16.384
0
0
0
0
12.288
0
0
0
8077.31
45.056
0
0
0
0
16.384
0
0
0
0
12.288
0
0
0
0
12.288
0
0
0
0
12.288
0
0
0
0
45.056
0
0
0
3170.3
61.44
0
0
0
45.056
16.384
0
0
0
0
16.384
0
0
0
0
16.384
0
0
0
0
20.48
0
0
0
5324.8
32.768
0
57.344
0
8163.33
0
0
53.248
0
0
0
0
16.384
0
57.344
0
0
16.384
0
0
0
0
20.48
0
8.192
0
0
32.768
0
4218.88
0
0
28.672
0
7200.77
0
0
40.96
0
0
0
0
49.152
0
0
0
0
16.384
0
0
0
0
61.44
0
13631.5
0
0
57.344
0
0
0
0
57.344
0
0
0
0
16.384
0
0
0
0
16.384
0
8597.5
0
0
49.152
0
0
0
0
16.384
0
0
0
0
16.384
0
6328.32
0
0
40.96
0
0
0
0
16.384
0
49.152
0
0
0
0
2039.81
0
0
0
0
1355.78
0
0
0
0
49.152
0
0
0
0
2498.56
0
0
0
0
6455.3
0
0
0
0
65.536
0
0
0
0
16.384
0
0
0
0
3649.54
0
0
0
0
69.632
0
0
0
0
2232.32
0
0
0
0
65.536
0
0
0
0
2461.7
0
0
0
0
1351.68
0
0
0
0
65.536
0
0
0
0
2256.9
0
0
0
0
65.536
0
0
0
0
2310.14
0
0
0
0
65.536
0
0
0
0
2351.1
0
0
0
0
65.536
0
0
0
0
2158.59
0
0
0
0
1347.58
0
0
0
0
65.536
0
0
0
0
2121.73
0
0
0
0
8318.98
0
0
0
0
98.304
0
0
61.44
0
0
0
0
20.48
0
5648.38
0
0
61.44
0
0
0
0
20.48
0
2412.54
0
0
57.344
0
2093.06
0
0
94.208
0
1257.47
0
0
77.824
0
2244.61
0
0
53.248
0
0
0
0
20.48
0
2387.97
0
0
49.152
0
0
0
0
24.576
0
2506.75
0
0
49.152
0
0
0
0
24.576
0
2502.66
0
0
49.152
0
0
0
0
4169.73
0
0
0
0
61.44
0
0
0
0
20.48
0
0
0
0
5865.47
0
0
0
0
53.248
0
0
0
0
24.576
0
0
0
0
11059.2
0
0
0
0
57.344
0
0
0
0
20.48
0
0
0
0
5922.82
0
0
0
0
53.248
0
0
0
0
16.384
0
0
0
0
5804.03
0
0
0
0
69.632
0
0
0
0
16.384
0
0
0
0
6049.79
0
0
0
0
77.824
0
0
0
0
20.48
0
0
0
0
6164.48
0
0
0
0
61.44
0
0
0
0
20.48
0
0
0
0
5373.95
0
0
0
0
53.248
0
0
0
0
20.48
0
0
0
0
5554.18
0
0
0
0
57.344
0
0
0
0
20.48
0
0
0
0
11575.3
0
0
0
0
65.536
0
0
0
0
20.48
0
0
0
0
6041.6
0
0
0
0
49.152
0
0
0
0
65.536
0
0
0
0
6356.99
0
0
0
0
81.92
0
0
0
0
20.48
69.632
0
0
0
6123.52
53.248
0
0
0
0
24.576
0
0
0
0
20.48
0
0
0
6127.62
49.152
0
0
20.48
2129.92
0
0
0
45.056
0
0
0
0
16.384
2093.06
0
0
0
45.056
1196.03
0
0
0
45.056
1245.18
0
0
0
49.152
0
0
0
0
24.576
7294.98
0
0
0
65.536
0
0
0
0
16.384
0
0
0
0
16.384
3371.01
0
0
0
61.44
0
0
0
0
20.48
2248.7
0
0
0
57.344
0
0
0
0
16.384
2166.78
0
0
0
57.344
0
0
0
0
20.48
2146.3
0
0
0
57.344
0
0
0
0
16.384
2125.82
0
0
0
57.344
0
0
0
0
20.48
2244.61
0
0
0
57.344
0
0
0
0
20.48
2002.94
0
0
0
57.344
0
0
0
0
20.48
688.128
1511.42
0
0
65.536
0
0
0
0
20.48
0
9097.22
0
0
69.632
0
0
0
0
20.48
0
0
0
0
16.384
0
3706.88
0
0
102.4
0
0
0
0
24.576
0
0
0
0
20.48
0
3710.98
0
0
81.92
0
0
0
0
20.48
0
0
0
0
36.864
0
3661.82
0
0
73.728
0
0
0
0
24.576
0
0
0
0
24.576
0
3547.14
0
0
49.152
0
0
0
0
24.576
0
2322.43
0
0
