163.84
69.632
24.576
61.44
0
0
126.976
0
0
24.576
0
73.728
24.576
77.824
0
0
151.552
0
0
24.576
8.192
86.016
24.576
65.536
0
16.384
159.744
0
0
24.576
102.4
49.152
24.576
40.96
0
61.44
118.784
0
0
24.576
0
77.824
24.576
69.632
0
0
81.92
61.44
0
24.576
0
86.016
24.576
69.632
0
0
77.824
73.728
0
40.96
122.88
61.44
24.576
49.152
0
81.92
77.824
32.768
0
28.672
299.008
77.824
24.576
45.056
0
290.816
81.92
32.768
0
24.576
81.92
53.248
24.576
45.056
0
0
53.248
45.056
0
24.576
0
81.92
24.576
77.824
0
0
94.208
61.44
0
24.576
0
65.536
24.576
69.632
0
0
86.016
61.44
0
28.672
86.016
49.152
24.576
45.056
0
36.864
90.112
28.672
0
24.576
0
77.824
20.48
73.728
0
0
86.016
110.592
0
32.768
0
73.728
20.48
0
77.824
8.192
40.96
118.784
0
24.576
86.016
65.536
24.576
0
49.152
32.768
40.96
90.112
0
28.672
57.344
77.824
20.48
0
69.632
0
24.576
118.784
0
24.576
0
73.728
20.48
0
73.728
0
28.672
118.784
0
24.576
106.496
65.536
24.576
0
53.248
32.768
36.864
86.016
0
24.576
8.192
286.72
24.576
0
73.728
36.864
24.576
147.456
0
45.056
0
77.824
24.576
0
69.632
8.192
40.96
122.88
0
24.576
24.576
24.576
81.92
94.208
0
0
0
57.344
90.112
98.304
0
20.48
90.112
0
0
0
0
0
348.16
102.4
0
16.384
77.824
0
0
0
0
0
16.384
151.552
0
16.384
65.536
65.536
0
0
0
0
20.48
155.648
0
16.384
65.536
77.824
0
0
0
0
147.456
110.592
0
28.672
36.864
114.688
0
0
0
0
20.48
155.648
0
16.384
61.44
69.632
0
0
0
0
20.48
159.744
0
16.384
61.44
69.632
0
0
0
0
163.84
90.112
0
16.384
36.864
69.632
0
0
0
0
32.768
163.84
0
16.384
69.632
98.304
0
0
0
0
24.576
155.648
0
16.384
65.536
65.536
0
0
0
0
147.456
135.168
0
16.384
40.96
167.936
0
0
0
0
49.152
135.168
0
16.384
65.536
69.632
0
0
0
0
20.48
151.552
0
16.384
57.344
65.536
0
0
0
0
20.48
77.824
61.44
16.384
61.44
135.168
0
0
0
0
20.48
69.632
61.44
16.384
61.44
98.304
0
0
0
0
409.6
49.152
32.768
16.384
45.056
45.056
0
0
0
0
20.48
90.112
69.632
24.576
65.536
69.632
0
0
0
0
28.672
86.016
65.536
16.384
65.536
270.336
0
0
0
0
86.016
90.112
28.672
20.48
73.728
126.976
0
0
0
0
4.096
102.4
65.536
16.384
65.536
12.288
589.824
0
0
0
0
94.208
49.152
16.384
49.152
20.48
135.168
0
0
0
0
24.576
57.344
16.384
262.144
20.48
131.072
0
0
0
0
24.576
69.632
12.288
65.536
20.48
143.36
32.768
0
0
0
36.864
122.88
20.48
61.44
16.384
122.88
0
0
0
0
20.48
77.824
16.384
65.536
20.48
135.168
0
0
0
0
24.576
77.824
12.288
61.44
20.48
139.264
28.672
0
0
0
36.864
94.208
16.384
36.864
16.384
139.264
32.768
0
0
0
20.48
0
77.824
61.44
16.384
139.264
0
0
0
0
32.768
184.32
110.592
40.96
20.48
94.208
0
0
0
0
20.48
0
65.536
57.344
16.384
143.36
0
0
0
0
24.576
368.64
81.92
36.864
12.288
98.304
0
0
0
0
20.48
0
81.92
65.536
20.48
151.552
0
0
0
0
20.48
0
81.92
69.632
16.384
352.256
0
0
0
0
24.576
110.592
81.92
36.864
12.288
49.152
73.728
0
0
0
20.48
0
86.016
0
90.112
73.728
65.536
0
0
0
24.576
0
90.112
0
81.92
73.728
69.632
0
0
0
20.48
110.592
81.92
0
53.248
49.152
45.056
0
0
0
24.576
16.384
81.92
0
86.016
77.824
73.728
0
0
0
20.48
8.192
118.784
0
73.728
0
159.744
0
0
0
20.48
69.632
106.496
0
65.536
0
20.48
0
0
20.48
28.672
0
204.8
0
65.536
0
24.576
0
0
20.48
110.592
0
163.84
0
49.152
24.576
36.864
0
0
20.48
73.728
0
176.128
0
65.536
8.192
36.864
0
0
20.48
28.672
0
143.36
65.536
69.632
8.192
32.768
0
0
24.576
114.688
0
110.592
57.344
49.152
28.672
45.056
0
0
20.48
65.536
0
323.584
45.056
65.536
40.96
20.48
0
0
20.48
20.48
0
139.264
61.44
73.728
8.192
36.864
0
0
20.48
139.264
0
110.592
61.44
45.056
16.384
32.768
0
0
20.48
77.824
0
118.784
45.056
77.824
8.192
20.48
0
0
20.48
69.632
0
135.168
65.536
61.44
0
28.672
0
0
20.48
106.496
0
110.592
65.536
49.152
20.48
45.056
0
0
20.48
81.92
0
126.976
237.568
69.632
8.192
36.864
0
0
20.48
20.48
0
69.632
135.168
65.536
49.152
20.48
0
0
20.48
69.632
0
90.112
90.112
65.536
20.48
32.768
0
0
28.672
53.248
0
69.632
98.304
0
65.536
20.48
0
0
20.48
16.384
0
69.632
122.88
0
61.44
20.48
0
0
20.48
61.44
0
69.632
126.976
0
81.92
32.768
0
0
20.48
143.36
0
0
167.936
0
61.44
20.48
0
0
20.48
32.768
0
0
208.896
0
65.536
20.48
0
0
20.48
24.576
0
0
200.704
0
0
65.536
77.824
0
0
0
0
20.48
0
155.648
0
73.728
86.016
0
65.536
0
0
49.152
0
348.16
0
49.152
77.824
0
8.192
0
0
36.864
0
143.36
0
139.264
98.304
0
8.192
0
0
49.152
0
20.48
126.976
73.728
86.016
0
45.056
0
0
53.248
0
81.92
45.056
249.856
77.824
0
77.824
0
0
20.48
0
20.48
131.072
73.728
77.824
0
36.864
0
0
57.344
0
253.952
40.96
40.96
61.44
0
106.496
0
0
53.248
0
20.48
90.112
53.248
65.536
0
0
0
0
24.576
0
20.48
135.168
77.824
81.92
0
86.016
0
0
57.344
0
77.824
90.112
36.864
49.152
0
69.632
0
0
49.152
0
0
114.688
57.344
61.44
0
0
0
0
20.48
0
0
176.128
73.728
94.208
0
0
0
0
20.48
0
0
147.456
65.536
102.4
0
106.496
0
0
61.44
0
0
163.84
0
114.688
0
0
0
0
20.48
0
0
147.456
0
159.744
0
0
0
0
20.48
0
0
147.456
0
159.744
0
0
0
0
20.48
0
0
237.568
0
81.92
0
0
16.384
0
0
20.48
0
167.936
0
163.84
0
0
0
0
0
20.48
0
143.36
0
147.456
0
0
0
0
0
20.48
0
155.648
