0
0
32.768
159.744
16.384
40.96
147.456
303.104
0
139.264
0
0
28.672
167.936
303.104
86.016
53.248
135.168
0
32.768
0
0
24.576
143.36
24.576
73.728
139.264
282.624
0
32.768
0
0
32.768
172.032
0
28.672
147.456
303.104
0
28.672
0
0
32.768
159.744
360.448
61.44
57.344
118.784
0
61.44
0
0
69.632
143.36
352.256
77.824
57.344
106.496
0
28.672
0
0
24.576
143.36
0
40.96
151.552
311.296
0
28.672
0
0
28.672
155.648
0
28.672
151.552
307.2
0
32.768
0
0
28.672
167.936
282.624
57.344
53.248
147.456
0
114.688
0
0
45.056
143.36
0
40.96
143.36
294.912
0
57.344
0
0
45.056
151.552
0
618.496
0
122.88
57.344
24.576
0
0
28.672
147.456
0
45.056
0
151.552
323.584
28.672
0
0
36.864
159.744
0
28.672
0
151.552
299.008
49.152
0
0
28.672
0
172.032
327.68
0
65.536
155.648
45.056
86.016
0
36.864
0
147.456
49.152
0
159.744
512
28.672
0
0
36.864
0
176.128
65.536
0
147.456
299.008
36.864
4.096
0
32.768
0
163.84
356.352
0
53.248
143.36
32.768
0
0
32.768
0
147.456
266.24
0
151.552
339.968
28.672
12.288
0
40.96
0
172.032
24.576
0
147.456
290.816
24.576
0
0
28.672
0
172.032
319.488
0
69.632
147.456
28.672
4.096
159.744
172.032
0
20.48
0
0
0
208.896
159.744
0
147.456
176.128
0
40.96
0
0
0
208.896
167.936
282.624
73.728
61.44
0
20.48
139.264
0
0
229.376
139.264
0
139.264
176.128
0
28.672
0
0
0
200.704
167.936
0
163.84
180.224
0
36.864
4.096
0
0
212.992
167.936
0
294.912
131.072
0
0
24.576
0
0
0
303.104
0
143.36
344.064
0
151.552
24.576
0
0
0
372.736
0
8.192
360.448
0
0
20.48
8.192
0
0
475.136
106.496
512
180.224
0
0
28.672
290.816
0
0
118.784
86.016
0
237.568
0
0
16.384
0
0
0
200.704
163.84
0
516.096
0
0
24.576
0
0
0
196.608
155.648
0
335.872
0
0
28.672
278.528
0
0
114.688
77.824
73.728
139.264
110.592
0
20.48
12.288
0
0
200.704
155.648
0
172.032
176.128
0
24.576
8.192
0
0
208.896
172.032
0
184.32
172.032
0
24.576
311.296
0
0
122.88
86.016
0
319.488
122.88
0
28.672
77.824
0
0
217.088
172.032
12.288
200.704
167.936
0
20.48
0
0
0
204.8
147.456
0
172.032
151.552
0
24.576
274.432
0
0
126.976
81.92
0
126.976
126.976
0
20.48
8.192
0
0
204.8
167.936
65.536
176.128
155.648
0
32.768
319.488
0
0
163.84
86.016
0
163.84
180.224
245.76
24.576
0
0
0
106.496
0
24.576
147.456
184.32
167.936
24.576
0
0
0
348.16
0
24.576
184.32
114.688
196.608
24.576
0
0
0
4.096
155.648
24.576
167.936
188.416
434.176
20.48
0
0
0
0
110.592
32.768
155.648
188.416
159.744
45.056
0
0
0
327.68
196.608
24.576
167.936
122.88
229.376
36.864
0
0
0
36.864
151.552
32.768
184.32
20.48
409.6
24.576
0
0
0
0
98.304
32.768
143.36
28.672
344.064
24.576
0
0
0
118.784
163.84
20.48
188.416
28.672
184.32
28.672
98.304
0
0
81.92
180.224
32.768
184.32
32.768
106.496
200.704
0
335.872
0
401.408
114.688
32.768
98.304
24.576
0
143.36
0
147.456
0
0
167.936
32.768
135.168
69.632
372.736
122.88
0
81.92
0
0
118.784
28.672
0
159.744
0
188.416
0
167.936
0
0
151.552
28.672
0
200.704
0
196.608
0
2170.88
0
1142.78
536.576
28.672
0
118.784
1400.83
131.072
0
73.728
0
0
122.88
28.672
0
163.84
0
196.608
0
172.032
0
0
155.648
36.864
0
192.512
344.064
126.976
0
81.92
0
0
98.304
28.672
0
352.256
0
172.032
0
172.032
0
0
0
217.088
0
204.8
0
180.224
0
180.224
0
0
0
139.264
32.768
200.704
266.24
98.304
0
81.92
0
102.4
0
143.36
28.672
159.744
0
0
167.936
0
147.456
24.576
167.936
0
28.672
163.84
28.672
0
245.76
0
147.456
20.48
167.936
0
24.576
167.936
249.856
0
69.632
0
69.632
28.672
0
118.784
24.576
172.032
98.304
0
180.224
0
155.648
28.672
0
192.512
28.672
180.224
20.48
0
184.32
0
356.352
53.248
0
180.224
24.576
163.84
225.28
0
69.632
0
69.632
20.48
0
114.688
28.672
167.936
4.096
0
167.936
0
143.36
98.304
0
217.088
24.576
24.576
167.936
0
172.032
0
151.552
20.48
0
163.84
20.48
24.576
376.832
0
77.824
0
81.92
20.48
0
126.976
28.672
20.48
151.552
0
172.032
0
147.456
20.48
0
172.032
24.576
20.48
262.144
0
188.416
0
147.456
36.864
0
180.224
24.576
24.576
364.544
0
86.016
0
49.152
45.056
0
126.976
20.48
20.48
147.456
0
167.936
0
0
176.128
0
172.032
20.48
24.576
163.84
0
0
180.224
0
462.848
0
118.784
20.48
24.576
77.824
0
0
126.976
0
139.264
0
167.936
24.576
20.48
163.84
0
0
167.936
0
438.272
49.152
106.496
20.48
20.48
90.112
204.8
0
102.4
0
94.208
0
143.36
24.576
20.48
143.36
0
0
163.84
0
159.744
0
180.224
20.48
24.576
147.456
0
0
176.128
0
184.32
0
0
188.416
36.864
143.36
405.504
0
90.112
0
106.496
40.96
0
159.744
20.48
0
147.456
0
28.672
0
20.48
167.936
0
0
319.488
0
0
163.84
24.576
0
24.576
172.032
0
319.488
135.168
4.096
0
77.824
86.016
0
24.576
147.456
0
8.192
163.84
147.456
0
159.744
49.152
0
20.48
155.648
0
0
176.128
159.744
0
155.648
45.056
0
24.576
167.936
0
397.312
0
114.688
0
86.016
20.48
0
24.576
126.976
0
102.4
0
311.296
0
176.128
24.576
0
24.576
163.84
0
0
0
307.2
0
163.84
28.672
0
28.672
176.128
0
323.584
0
163.84
0
73.728
24.576
0
20.48
143.36
0
0
0
323.584
0
159.744
114.688
0
24.576
151.552
0
0
0
315.392
0
155.648
20.48
0
32.768
0
163.84
294.912
0
155.648
0
77.824
20.48
0
106.496
0
139.264
0
0
299.008
0
0
430.08
0
86.016
0
90.112
0
0
241.664
0
0
557.056
0
86.016
0
81.92
0
0
249.856
0
0
32.768
0
163.84
0
176.128
0
0
204.8
159.744
0
28.672
0
172.032
0
167.936
0
0
163.84
155.648
0
311.296
0
81.92
0
86.016
90.112
0
147.456
118.784
0
385.024
0
126.976
0
98.304
0
0
126.976
131.072
0
32.768
0
167.936
0
172.032
0
0
155.648
155.648
0
28.672
0
163.84
0
159.744
307.2
0
36.864
