0
0
0
0
73.728
0
0
0
0
7950.34
0
0
0
0
57.344
0
0
0
0
20.48
0
0
0
0
7323.65
0
0
0
0
45.056
0
0
0
0
24.576
0
0
0
0
13795.3
0
0
0
0
81.92
0
0
0
0
20.48
0
0
0
0
7778.3
0
0
0
0
57.344
0
0
0
0
20.48
0
0
0
0
7106.56
0
0
0
0
45.056
0
0
0
0
20.48
0
0
0
0
6000.64
0
0
0
0
45.056
0
0
0
0
65.536
0
0
0
0
5525.5
0
0
0
0
57.344
0
0
0
0
2596.86
2998.27
0
0
0
57.344
0
0
0
0
20.48
5189.63
0
0
0
45.056
0
0
0
0
20.48
5193.73
0
0
0
77.824
0
0
0
0
57.344
12881.9
0
0
0
77.824
0
0
0
0
20.48
0
0
0
0
20.48
0
0
0
0
20.48
9801.73
0
0
0
45.056
0
0
0
0
20.48
0
0
0
0
20.48
7380.99
0
0
0
49.152
0
0
0
0
20.48
0
0
0
0
65.536
5050.37
0
0
0
77.824
0
0
61.44
0
0
5558.27
0
7884.8
49.152
0
0
0
0
16.384
0
0
0
0
16.384
0
0
0
8364.03
49.152
0
0
0
0
49.152
0
0
0
0
16.384
0
0
0
8740.86
53.248
0
0
0
0
73.728
0
0
0
0
12.288
0
0
0
14413.8
73.728
0
0
0
0
16.384
0
0
0
0
16.384
0
0
0
7905.28
40.96
0
0
0
0
16.384
0
0
0
0
16.384
0
0
0
7544.83
40.96
0
0
0
0
16.384
0
0
0
0
16.384
0
0
0
5660.67
69.632
0
0
0
0
16.384
0
0
0
0
16.384
0
0
0
6471.68
69.632
0
0
0
0
16.384
0
0
0
0
16.384
0
0
0
8179.71
40.96
0
0
0
0
16.384
0
0
0
0
12.288
0
0
0
16855
45.056
0
0
0
0
16.384
0
0
0
0
57.344
0
0
57.344
7811.07
0
0
0
49.152
0
0
0
0
69.632
0
0
0
0
16.384
8028.16
0
0
0
53.248
0
0
0
0
49.152
0
0
0
0
16.384
8355.84
0
0
0
45.056
4.096
0
0
0
16.384
0
0
0
0
16.384
7741.44
0
0
0
69.632
0
0
24.576
0
3559.42
0
0
57.344
0
0
0
0
24.576
0
3526.66
0
0
57.344
0
0
0
0
53.248
0
3993.6
0
0
57.344
0
0
0
0
57.344
0
11468.8
0
0
61.44
0
0
0
0
16.384
0
0
0
0
16.384
0
4923.39
0
0
49.152
0
0
0
0
20.48
0
3153.92
0
0
49.152
0
0
0
0
16.384
0
3215.36
0
0
49.152
0
0
0
0
24.576
0
3022.85
0
0
49.152
0
0
0
0
16.384
0
2998.27
0
0
49.152
0
0
0
0
20.48
0
3231.74
0
0
69.632
0
0
0
0
57.344
0
4947.97
0
0
57.344
0
0
0
0
24.576
0
3653.63
0
0
49.152
0
0
0
0
24.576
0
3690.5
0
0
49.152
0
0
0
0
24.576
0
8527.87
3391.49
0
53.248
0
0
0
0
20.48
0
0
0
0
16.384
0
4984.83
32.768
0
57.344
0
0
0
0
49.152
0
1769.47
2662.4
0
61.44
0
0
0
0
24.576
0
0
0
0
57.344
0
0
5509.12
0
57.344
0
0
0
0
24.576
0
0
0
0
20.48
0
0
4542.46
0
53.248
0
0
0
0
7901.18
0
57.344
0
0
0
0
61.44
0
0
0
0
20.48
0
0
8331.26
0
61.44
0
0
0
0
57.344
0
0
0
0
53.248
0
0
7888.9
0
61.44
0
0
0
0
20.48
0
0
0
0
57.344
0
0
15765.5
0
57.344
0
0
0
0
16.384
0
0
0
0
16.384
0
0
0
0
16.384
0
0
7782.4
0
77.824
0
0
0
0
20.48
0
0
0
0
49.152
0
0
6676.48
0
57.344
0
0
0
0
20.48
0
0
4993.02
0
49.152
0
0
0
0
20.48
0
0
0
0
20.48
0
0
8019.97
0
49.152
0
0
0
0
20.48
0
0
0
0
20.48
0
0
8171.52
0
49.152
0
0
0
0
73.728
0
0
0
0
24.576
0
0
16535.6
0
61.44
0
0
0
0
20.48
0
0
0
0
20.48
0
0
0
0
20.48
0
0
10760.2
0
49.152
0
0
0
0
20.48
0
0
0
0
53.248
0
0
0
0
20.48
0
0
11243.5
0
77.824
0
0
0
0
16.384
0
0
0
0
61.44
0
0
7716.86
0
81.92
0
0
0
0
20.48
0
0
0
3248.13
0
53.248
0
0
0
0
73.728
0
0
4739.07
0
53.248
0
0
0
0
16.384
0
0
0
0
77.824
0
0
5001.22
0
69.632
0
0
0
0
32.768
0
0
0
0
28.672
0
0
11956.2
0
57.344
0
0
0
0
49.152
0
0
0
0
16.384
0
0
5468.16
0
53.248
0
0
0
0
16.384
0
0
0
0
20.48
0
0
4517.89
0
45.056
0
0
0
0
20.48
0
0
0
0
16.384
0
0
4313.09
0
45.056
0
0
0
0
20.48
0
0
2936.83
0
45.056
0
0
0
0
20.48
0
0
3366.91
0
45.056
0
0
0
0
20.48
0
0
3178.5
0
45.056
0
0
0
0
20.48
0
0
3248.13
0
45.056
0
0
0
0
61.44
0
0
12701.7
0
81.92
0
0
0
0
24.576
0
0
0
0
20.48
0
0
5025.79
0
49.152
0
0
0
0
24.576
0
0
0
0
53.248
0
0
4956.16
0
53.248
0
0
0
0
16.384
0
0
3121.15
0
45.056
0
0
0
0
20.48
0
0
2945.02
0
45.056
0
0
0
0
20.48
0
0
3100.67
0
65.536
0
0
