36.864
0
0
24.576
0
20.48
20.48
0
0
0
0
0
0
0
0
16.384
28.672
0
0
0
0
0
0
0
0
0
0
0
0
0
0
0
0
0
0
0
32.768
0
0
0
0
0
0
0
0
0
0
0
0
0
0
0
0
0
0
0
0
0
0
0
0
0
0
0
0
0
0
0
0
0
0
0
0
0
0
0
0
0
0
0
0
0
0
12.288
0
0
12.288
0
0
0
0
0
0
0
0
0
12.288
0
0
0
12.288
0
0
0
0
0
0
0
0
0
12.288
57.344
0
12.288
221.184
0
299.008
0
0
0
24.576
28.672
0
24.576
0
0
0
0
16.384
0
0
0
0
0
0
0
0
0
0
0
0
0
0
0
0
0
0
0
0
0
0
0
0
12.288
0
0
8.192
0
0
0
4.096
0
0
0
0
0
0
0
0
0
0
0
0
0
4.096
0
12.288
0
0
4.096
0
0
0
0
0
0
0
0
0
0
0
0
0
0
0
0
0
0
0
0
0
0
0
0
0
0
0
0
0
0
0
32.768
0
4.096
0
0
16.384
0
0
0
0
0
0
0
0
0
0
0
0
0
0
0
0
0
0
0
0
0
0
0
0
0
0
0
0
0
0
0
0
0
0
0
0
0
0
0
0
0
0
0
0
0
245.76
4.096
0
0
0
24.576
0
0
0
0
0
12.288
0
0
16.384
0
24.576
0
0
0
0
24.576
0
0
0
0
16.384
0
0
0
0
0
0
0
0
0
0
0
0
0
0
0
0
0
0
0
0
0
0
0
0
12.288
0
0
32.768
0
0
0
0
16.384
0
0
0
0
12.288
0
8.192
0
0
0
0
4.096
0
0
12.288
0
0
0
0
8.192
0
4.096
0
0
0
0
0
0
0
0
0
0
0
0
0
0
0
0
0
0
0
0
0
0
0
0
0
0
0
0
0
20.48
0
0
24.576
0
0
0
0
20.48
0
12.288
0
0
8.192
0
0
0
0
0
12.288
12.288
0
0
0
8.192
0
0
49.152
0
0
0
0
0
0
12.288
0
0
0
0
0
0
0
0
0
0
0
0
0
0
4.096
0
4.096
0
0
0
0
0
0
0
0
0
0
0
0
8.192
0
0
0
0
24.576
0
0
0
0
12.288
0
0
0
0
0
0
12.288
0
0
0
0
0
0
0
0
0
12.288
0
0
0
241.664
0
28.672
0
0
0
12.288
0
0
0
0
0
0
0
0
0
0
0
0
0
0
0
0
0
0
0
0
0
0
0
0
0
24.576
0
0
0
0
4.096
0
4.096
0
0
0
0
0
0
0
0
0
0
0
0
0
0
0
0
0
0
0
12.288
0
0
0
0
0
4.096
12.288
0
0
0
0
0
0
4.096
0
0
12.288
0
0
0
0
0
0
0
0
0
12.288
221.184
0
0
0
0
24.576
0
0
0
0
0
0
0
0
0
204.8
0
0
24.576
0
0
0
24.576
0
0
0
0
0
0
0
0
0
16.384
0
0
16.384
0
0
0
36.864
0
0
0
0
28.672
0
0
0
0
0
0
0
0
0
0
12.288
0
0
0
221.184
12.288
0
0
0
0
225.28
32.768
0
0
0
0
24.576
0
0
0
0
0
0
0
0
0
0
0
0
0
0
0
0
0
0
0
0
0
0
0
0
0
0
12.288
0
0
8.192
0
0
0
12.288
0
0
0
8.192
0
0
0
0
12.288
0
0
8.192
4.096
12.288
0
0
0
0
8.192
24.576
0
0
0
0
16.384
0
0
0
0
0
0
0
0
0
0
0
0
0
0
233.472
0
0
12.288
0
0
0
0
0
0
0
0
0
0
0
0
0
0
0
0
0
0
0
0
0
0
0
0
0
0
0
0
0
0
0
0
0
0
0
0
12.288
0
0
8.192
4.096
0
0
0
0
0
0
0
0
0
0
0
0
0
0
0
0
0
0
0
0
0
0
0
221.184
0
0
0
0
12.288
0
0
0
0
0
0
0
0
0
0
0
0
0
0
0
0
0
0
0
0
0
0
0
0
0
0
0
16.384
0
12.288
0
0
0
0
0
0
0
0
0
0
0
0
0
0
0
0
0
0
0
0
0
0
0
0
0
0
0
0
0
0
0
0
0
0
0
0
0
0
0
0
0
0
0
0
12.288
0
0
204.8
0
20.48
0
0
0
0
12.288
0
0
0
0
221.184
0
0
0
0
12.288
0
0
0
0
0
0
0
0
0
0
0
12.288
0
0
8.192
0
0
0
0
28.672
0
0
0
24.576
0
0
0
0
16.384
237.568
0
0
0
0
0
0
0
0
0
12.288
0
0
0
0
0
0
0
393.216
491.52
0
0
0
0
0
0
0
0
0
0
40.96
0
0
0
0
0
4.096
0
0
0
8.192
0
4.096
0
0
0
0
0
0
0
0
0
0
0
0
0
0
0
0
0
0
0
0
0
0
0
0
0
0
0
0
0
0
0
0
0
0
0
0
0
0
0
12.288
0
0
0
0
0
0
0
0
0
0
0
0
0
0
0
0
0
0
0
12.288
0
0
0
0
