212.992
2154.5
122.88
0
0
36.864
0
151.552
0
331.776
188.416
0
32.768
0
0
36.864
540.672
110.592
0
184.32
110.592
0
32.768
0
0
32.768
0
200.704
0
409.6
385.024
0
110.592
0
0
28.672
376.832
196.608
0
421.888
196.608
315.392
12.288
81.92
0
0
36.864
143.36
4.096
348.16
176.128
0
0
32.768
0
0
32.768
0
200.704
176.128
425.984
0
0
32.768
0
0
610.304
0
114.688
73.728
212.992
0
0
32.768
0
0
36.864
0
196.608
176.128
385.024
0
0
32.768
0
0
28.672
0
200.704
167.936
409.6
217.088
0
98.304
0
0
356.352
0
114.688
86.016
212.992
0
0
32.768
0
0
32.768
0
184.32
167.936
405.504
0
0
32.768
0
0
45.056
0
196.608
180.224
401.408
0
0
32.768
0
0
458.752
0
106.496
90.112
225.28
118.784
0
69.632
0
0
65.536
0
192.512
163.84
368.64
8.192
0
45.056
0
0
536.576
0
106.496
81.92
212.992
0
0
28.672
0
0
61.44
0
200.704
172.032
389.12
0
0
32.768
0
0
49.152
0
200.704
159.744
417.792
0
0
28.672
0
0
868.352
0
106.496
90.112
241.664
229.376
0
81.92
0
0
372.736
0
98.304
77.824
233.472
0
0
28.672
0
0
61.44
0
196.608
163.84
237.568
233.472
0
176.128
217.088
0
0
0
0
32.768
274.432
491.52
0
77.824
86.016
0
245.76
0
0
81.92
229.376
241.664
0
180.224
229.376
0
8.192
0
0
36.864
249.856
843.776
0
90.112
110.592
0
0
0
0
32.768
241.664
225.28
0
167.936
249.856
0
0
0
0
36.864
249.856
221.184
0
172.032
212.992
0
0
0
0
28.672
266.24
507.904
0
81.92
98.304
0
221.184
0
0
69.632
249.856
618.496
0
77.824
98.304
0
0
0
0
32.768
237.568
212.992
0
196.608
204.8
0
0
0
0
36.864
258.048
225.28
0
184.32
212.992
0
0
0
0
28.672
253.952
561.152
0
73.728
118.784
0
98.304
0
0
53.248
241.664
253.952
0
172.032
192.512
0
0
0
0
32.768
0
1089.54
0
65.536
98.304
0
0
0
0
32.768
0
471.04
0
176.128
225.28
0
360.448
0
0
114.688
0
266.24
0
0
311.296
0
356.352
0
0
86.016
0
249.856
32.768
0
323.584
0
0
0
0
45.056
0
815.104
45.056
0
180.224
0
0
0
0
32.768
0
376.832
184.32
1208.32
385.024
0
417.792
0
0
94.208
0
151.552
114.688
0
303.104
0
0
0
0
49.152
0
749.568
90.112
0
167.936
0
0
0
0
28.672
0
749.568
208.896
24.576
479.232
114.688
53.248
81.92
0
126.976
0
0
184.32
32.768
458.752
110.592
36.864
81.92
0
122.88
0
0
32.768
200.704
0
221.184
28.672
184.32
0
212.992
0
0
32.768
208.896
536.576
94.208
28.672
77.824
0
135.168
0
0
40.96
212.992
0
233.472
32.768
188.416
0
212.992
0
0
32.768
208.896
0
417.792
28.672
192.512
0
212.992
0
0
53.248
217.088
409.6
86.016
32.768
81.92
0
303.104
0
0
65.536
188.416
12.288
249.856
32.768
184.32
0
479.232
0
0
98.304
110.592
290.816
90.112
32.768
90.112
0
368.64
0
0
86.016
114.688
0
147.456
28.672
143.36
0
196.608
0
0
32.768
217.088
0
221.184
32.768
180.224
0
204.8
0
0
36.864
192.512
0
610.304
32.768
77.824
0
118.784
237.568
0
102.4
319.488
0
167.936
32.768
143.36
0
225.28
299.008
0
86.016
110.592
0
405.504
32.768
69.632
0
126.976
0
0
36.864
188.416
86.016
614.4
32.768
77.824
0
122.88
0
0
32.768
176.128
0
225.28
28.672
188.416
0
212.992
0
0
36.864
212.992
0
237.568
28.672
192.512
0
217.088
352.256
0
94.208
102.4
0
1617.92
1232.9
90.112
0
118.784
2195.46
0
110.592
110.592
0
0
188.416
159.744
0
0
684.032
0
36.864
208.896
0
0
245.76
192.512
0
0
212.992
0
53.248
135.168
0
0
98.304
0
126.976
24.576
135.168
0
458.752
118.784
0
0
94.208
0
135.168
40.96
143.36
0
28.672
221.184
0
0
180.224
0
196.608
20.48
176.128
0
28.672
208.896
0
0
192.512
0
200.704
28.672
176.128
0
393.216
90.112
0
0
1884.16
917.504
155.648
28.672
139.264
0
2281.47
143.36
0
0
86.016
0
131.072
24.576
0
143.36
20.48
225.28
0
0
184.32
0
217.088
20.48
0
188.416
28.672
221.184
0
0
192.512
0
401.408
28.672
0
167.936
573.44
118.784
0
417.792
86.016
118.784
143.36
28.672
0
143.36
32.768
212.992
0
0
188.416
16.384
212.992
36.864
0
172.032
24.576
229.376
0
0
180.224
0
217.088
28.672
0
167.936
20.48
450.56
0
0
94.208
0
151.552
24.576
0
143.36
28.672
348.16
0
0
180.224
0
499.712
20.48
0
94.208
28.672
135.168
0
0
155.648
0
192.512
32.768
0
163.84
81.92
229.376
0
0
180.224
0
188.416
24.576
0
163.84
32.768
221.184
0
0
180.224
0
626.688
24.576
0
86.016
32.768
303.104
0
0
155.648
0
0
245.76
0
180.224
20.48
229.376
0
0
188.416
0
0
225.28
0
167.936
32.768
32.768
192.512
0
184.32
0
352.256
98.304
0
77.824
24.576
90.112
135.168
0
176.128
0
106.496
233.472
0
184.32
20.48
20.48
0
0
200.704
24.576
0
45.056
172.032
372.736
102.4
0
0
0
614.4
73.728
0
28.672
86.016
0
135.168
0
0
0
360.448
45.056
0
24.576
0
192.512
208.896
0
0
0
364.544
36.864
0
28.672
0
188.416
204.8
0
0
0
552.96
53.248
0
45.056
0
151.552
159.744
0
0
0
380.928
40.96
0
45.056
0
192.512
200.704
0
0
0
397.312
24.576
0
45.056
0
204.8
208.896
0
0
0
630.784
98.304
0
49.152
0
106.496
131.072
8.192
0
0
360.448
20.48
0
24.576
0
188.416
0
221.184
0
0
380.928
24.576
0
45.056
0
188.416
0
188.416
0
0
720.896
57.344
0
24.576
0
159.744
65.536
167.936
0
0
352.256
32.768
0
2080.77
413.696
192.512
2326.53
139.264
0
0
409.6
20.48
0
32.768
0
176.128
0
200.704
73.728
0
385.024
28.672
0
40.96
0
180.224
0
200.704
0
0
368.64
32.768
0
28.672
0
172.032
491.52
323.584
405.504
0
217.088
20.48
0
40.96
0
184.32
372.736
495.616
0
0
114.688
122.88
0
36.864
0
172.032
0
221.184
0
0
192.512
196.608
0
28.672
0
180.224
0
200.704
0
0
188.416
552.96
0
45.056
0
106.496
0
147.456
0
0
0
401.408
0
32.768
0
192.512
409.6
110.592
0
