0
0
0
24.576
0
0
0
16.384
77.824
0
0
0
16425
393.216
0
0
0
0
77.824
0
0
0
0
24.576
0
0
0
0
20.48
0
0
0
15593.5
2269.18
0
0
0
0
1216.51
0
0
0
0
73.728
0
0
0
0
73.728
0
0
0
0
13484
0
0
0
0
28.672
0
0
0
0
20.48
0
0
0
0
20.48
0
0
0
0
17240.1
0
0
0
0
102.4
0
0
0
0
24.576
0
0
0
0
24.576
0
0
0
0
16461.8
0
0
0
0
24.576
0
0
0
0
24.576
0
0
0
0
20.48
0
0
0
0
12484.6
0
0
0
0
28.672
0
0
0
0
49.152
0
0
0
0
24.576
0
0
0
0
17449
0
0
0
0
1585.15
0
0
0
0
2412.54
0
0
0
0
81.92
65.536
0
0
0
0
28.672
0
0
0
20099.1
69.632
0
0
0
0
32.768
0
0
0
0
28.672
0
0
0
0
69.632
0
0
0
13721.6
73.728
0
0
0
0
28.672
0
0
0
0
20.48
0
0
0
0
20.48
0
0
0
14450.7
106.496
0
0
32.768
0
13123.6
0
0
49.152
0
0
0
0
28.672
0
0
0
65.536
0
0
5435.39
0
49.152
0
0
4493.31
0
69.632
0
0
0
0
65.536
0
0
5132.29
0
36.864
0
0
0
0
61.44
0
0
0
0
20.48
0
0
8593.41
9453.57
65.536
0
0
0
0
20.48
0
0
0
0
20.48
0
0
0
0
61.44
0
0
6103.04
5607.42
61.44
0
0
0
0
28.672
0
0
0
0
24.576
0
0
0
0
24.576
0
0
0
13131.8
57.344
0
0
0
0
73.728
0
0
0
0
61.44
0
0
0
0
20.48
0
0
0
13791.2
57.344
0
0
0
0
20.48
0
0
0
0
32.768
0
0
0
0
20.48
0
0
0
13922.3
61.44
0
0
0
0
24.576
0
0
0
0
61.44
0
0
0
0
20.48
0
0
0
12972
57.344
0
0
0
0
61.44
0
0
0
0
57.344
0
0
0
0
61.44
0
0
0
11771.9
61.44
0
0
0
0
24.576
0
0
0
0
24.576
0
0
0
0
20.48
0
0
0
12914.7
57.344
0
0
0
0
24.576
0
0
0
16.384
24.576
0
86.016
0
0
0
0
73.728
0
0
0
0
16.384
0
0
0
0
15601.7
0
0
0
0
376.832
0
0
0
0
24.576
0
0
0
0
20.48
0
0
0
0
3117.06
9502.72
0
0
0
61.44
0
0
0
0
16.384
0
0
0
0
16.384
0
0
0
0
16.384
14897.2
0
0
0
77.824
0
0
0
0
20.48
0
0
0
0
73.728
0
0
0
0
20.48
0
0
0
0
20.48
16416.8
0
0
0
81.92
0
0
0
0
49.152
0
0
0
0
16.384
0
0
0
0
16.384
0
0
0
0
61.44
0
0
0
0
20.48
8970.24
0
0
0
36.864
5902.34
0
0
0
49.152
0
61.44
0
0
0
0
24.576
0
0
0
0
65.536
0
0
0
9912.32
69.632
0
0
0
65.536
61.44
0
0
0
5574.66
36.864
0
0
0
1073.15
24.576
0
0
0
4.096
65.536
0
0
0
0
20.48
0
0
0
12902.4
45.056
0
0
0
9912.32
40.96
0
0
0
0
61.44
0
0
0
0
16.384
0
0
0
6299.65
36.864
0
0
0
0
16.384
0
0
0
8585.22
69.632
0
0
90.112
0
0
0
0
28.672
0
0
0
0
24.576
0
0
0
14860.3
57.344
0
0
0
0
69.632
0
0
0
0
61.44
0
0
0
0
20.48
0
0
0
16961.5
65.536
0
0
0
0
28.672
0
0
0
0
20.48
0
0
0
0
20.48
0
0
0
8040.45
106.496
0
0
0
0
28.672
0
0
0
0
20.48
0
0
0
4182.02
10739.7
0
0
0
0
28.672
0
0
0
0
57.344
65.536
0
0
491.52
11378.7
81.92
0
0
0
0
32.768
0
0
0
0
24.576
0
0
0
0
24.576
0
0
0
10829.8
90.112
0
0
0
0
65.536
0
0
0
0
24.576
0
0
0
0
28.672
0
0
0
19972.1
69.632
0
0
0
0
28.672
0
0
0
0
57.344
0
0
0
0
16.384
0
0
0
16556
57.344
0
0
0
0
24.576
0
0
0
2088.96
61.44
0
0
0
0
69.632
0
0
0
0
61.44
0
0
0
14340.1
61.44
0
0
0
0
24.576
0
0
0
0
24.576
0
0
0
0
20.48
0
0
0
13176.8
77.824
0
0
0
0
24.576
0
0
0
0
0
0
57.344
12800
0
0
0
57.344
0
0
0
0
16.384
0
0
0
0
20.48
16.384
0
0
0
65.536
16154.6
0
0
0
69.632
0
0
0
0
20.48
0
0
0
0
57.344
0
0
0
0
65.536
15876.1
0
0
0
61.44
0
0
0
0
69.632
0
0
0
0
45.056
0
0
0
0
16.384
17793
0
0
0
77.824
0
86.016
0
0
0
32.768
32.768
0
0
0
0
24.576
0
0
0
14741.5
81.92
0
0
0
0
24.576
0
0
0
0
20.48
0
0
0
0
20.48
0
0
0
15253.5
81.92
0
0
0
0
69.632
0
0
0
0
69.632
0
0
0
0
53.248
0
0
0
19148.8
69.632
0
0
0
0
24.576
0
0
0
0
16.384
0
0
0
0
57.344
0
0
0
5697.54
6238.21
0
0
0
0
24.576
0
0
0
0
24.576
0
0
0
0
20.48
0
0
0
786.432
19578.9
0
0
0
0
61.44
0
0
0
0
53.248
0
0
0
0
77.824
0
0
0
0
16.384
0
0
0
0
19955.7
0
0
0
0
69.632
0
0
0
0
24.576
0
