356.352
24.576
0
0
0
32.768
360.448
397.312
32.768
417.792
385.024
24.576
0
0
0
1028.1
73.728
126.976
40.96
204.8
315.392
24.576
0
0
0
1196.03
86.016
122.88
24.576
225.28
221.184
24.576
0
0
0
1089.54
77.824
122.88
24.576
225.28
212.992
24.576
65.536
0
0
32.768
372.736
425.984
36.864
0
815.104
40.96
0
0
0
1097.73
81.92
110.592
28.672
0
425.984
24.576
0
0
0
36.864
352.256
376.832
24.576
0
1277.95
40.96
0
0
0
1314.82
77.824
131.072
24.576
0
430.08
49.152
0
0
0
32.768
356.352
397.312
24.576
0
782.336
28.672
0
0
0
32.768
368.64
405.504
28.672
0
778.24
24.576
0
0
0
1024
114.688
118.784
24.576
0
516.096
24.576
0
0
0
1060.86
122.88
135.168
24.576
0
442.368
28.672
0
0
0
1036.29
102.4
131.072
24.576
0
454.656
28.672
0
0
0
1019.9
118.784
122.88
40.96
0
446.464
24.576
0
0
0
28.672
348.16
417.792
24.576
0
749.568
28.672
0
0
0
970.752
118.784
0
172.032
0
757.76
24.576
0
0
0
225.28
241.664
0
344.064
0
430.08
28.672
0
0
0
405.504
368.64
0
434.176
0
417.792
24.576
0
0
0
1298.43
0
131.072
135.168
0
241.664
24.576
0
0
0
409.6
0
397.312
446.464
0
438.272
131.072
0
217.088
761.856
118.784
0
36.864
184.32
712.704
86.016
114.688
0
217.088
598.016
86.016
0
28.672
172.032
0
53.248
290.816
0
430.08
0
352.256
0
40.96
602.112
888.832
90.112
126.976
0
233.472
610.304
90.112
0
16.384
188.416
0
20.48
323.584
0
462.848
786.432
98.304
0
28.672
176.128
0
28.672
327.68
8.192
483.328
0
405.504
0
28.672
430.08
0
24.576
466.944
0
503.808
770.048
122.88
0
20.48
200.704
0
36.864
0
327.68
466.944
0
585.728
0
36.864
434.176
0
45.056
0
421.888
499.712
0
372.736
0
24.576
405.504
0
16.384
0
425.984
536.576
753.664
90.112
0
16.384
180.224
73.728
0
45.056
303.104
446.464
24.576
393.216
0
32.768
425.984
888.832
0
77.824
131.072
204.8
0
233.472
0
16.384
409.6
880.64
0
69.632
131.072
212.992
0
241.664
0
20.48
401.408
0
0
36.864
2056.19
557.056
0
372.736
0
16.384
446.464
831.488
0
73.728
135.168
200.704
0
217.088
0
24.576
372.736
12.288
823.296
77.824
114.688
196.608
0
208.896
0
20.48
352.256
0
835.584
69.632
131.072
442.368
0
225.28
0
16.384
0
397.312
860.16
86.016
147.456
237.568
0
221.184
0
24.576
0
385.024
0
20.48
430.08
532.48
0
0
372.736
16.384
0
450.56
888.832
81.92
126.976
0
241.664
0
245.76
20.48
0
397.312
0
36.864
65.536
294.912
0
2420.74
7344.13
0
159.744
28.672
196.608
4.096
45.056
290.816
0
0
466.944
0
438.272
24.576
425.984
0
53.248
356.352
0
0
409.6
0
385.024
24.576
409.6
684.032
81.92
131.072
0
0
274.432
0
348.16
32.768
389.12
0
32.768
393.216
0
0
1167.36
0
172.032
24.576
212.992
0
28.672
299.008
0
0
446.464
0
425.984
28.672
401.408
0
40.96
364.544
0
0
405.504
0
401.408
24.576
421.888
0
28.672
364.544
0
0
1073.15
0
45.056
163.84
196.608
45.056
45.056
290.816
0
0
462.848
0
36.864
401.408
417.792
49.152
61.44
0
385.024
0
643.072
0
49.152
401.408
438.272
0
28.672
0
368.64
0
1011.71
0
32.768
163.84
204.8
0
24.576
0
319.488
0
540.672
0
24.576
1740.8
425.984
602.112
73.728
0
131.072
0
274.432
0
28.672
331.776
417.792
0
24.576
0
380.928
0
1155.07
0
28.672
151.552
221.184
0
24.576
0
303.104
0
454.656
0
28.672
430.08
450.56
77.824
36.864
0
368.64
0
1093.63
0
40.96
176.128
217.088
0
24.576
0
303.104
0
0
458.752
24.576
442.368
0
430.08
28.672
0
581.632
0
962.56
114.688
28.672
180.224
0
225.28
24.576
0
315.392
0
1032.19
114.688
28.672
163.84
0
225.28
28.672
0
315.392
0
0
471.04
45.056
430.08
0
438.272
28.672
1142.78
106.496
0
0
208.896
20.48
0
299.008
0
0
1146.88
110.592
0
0
237.568
24.576
0
282.624
0
0
434.176
397.312
0
0
409.6
724.992
0
126.976
0
0
806.912
1335.3
0
0
237.568
20.48
0
299.008
0
0
1155.07
122.88
0
0
204.8
20.48
0
282.624
0
0
1150.98
114.688
0
0
225.28
24.576
0
266.24
0
0
409.6
385.024
0
0
417.792
24.576
0
356.352
0
0
1241.09
102.4
0
0
204.8
643.072
0
0
167.936
0
233.472
294.912
0
0
385.024
20.48
0
0
372.736
0
1134.59
114.688
0
0
237.568
20.48
0
0
278.528
0
1097.73
86.016
0
0
217.088
24.576
0
0
286.72
0
462.848
0
425.984
0
651.264
20.48
0
0
397.312
0
454.656
0
622.592
0
487.424
671.744
110.592
0
126.976
0
184.32
0
122.88
0
421.888
876.544
139.264
0
122.88
0
0
0
299.008
0
397.312
20.48
430.08
0
376.832
0
0
0
393.216
0
446.464
765.952
106.496
0
139.264
0
0
0
311.296
0
446.464
827.392
131.072
0
126.976
0
0
0
299.008
0
32.768
421.888
434.176
0
356.352
0
860.16
0
172.032
0
24.576
241.664
282.624
0
303.104
0
0
0
425.984
0
20.48
1257.47
110.592
0
143.36
0
860.16
32.768
380.928
397.312
524.288
0
0
0
200.704
303.104
0
49.152
319.488
376.832
602.112
0
0
0
192.512
225.28
536.576
32.768
303.104
344.064
0
0
0
0
376.832
438.272
0
24.576
380.928
425.984
0
0
0
0
438.272
446.464
0
20.48
385.024
413.696
548.864
0
0
0
217.088
745.472
0
94.208
155.648
0
200.704
0
0
0
544.768
397.312
0
24.576
368.64
0
368.64
0
0
0
393.216
434.176
0
20.48
393.216
0
409.6
0
0
0
409.6
950.272
0
24.576
147.456
4.096
266.24
0
0
0
397.312
983.04
0
20.48
0
151.552
200.704
0
0
0
372.736
450.56
0
24.576
0
389.12
393.216
0
0
0
401.408
430.08
0
24.576
0
405.504
417.792
0
0
0
479.232
1052.67
0
20.48
0
159.744
204.8
0
0
0
0
434.176
462.848
28.672
593.92
401.408
421.888
0
0
0
0
446.464
409.6
53.248
0
401.408
409.6
0
0
0
0
1466.37
65.536
32.768
0
143.36
204.8
0
0
0
0
380.928
417.792
20.48
0
401.408
626.688
0
0
0
0
466.944
438.272
24.576
0
405.504
421.888
0
0
0
0
1249.28
81.92
24.576
0
163.84
212.992
0
0
0
0
425.984
487.424
20.48
0
421.888
417.792
8.192
0
0
0
438.272
643.072
20.48
