0
0
0
0
3121.15
10629.1
0
0
0
53.248
0
0
0
0
61.44
0
0
0
0
65.536
0
0
0
0
20.48
14475.3
0
0
0
65.536
0
0
0
0
20.48
0
0
0
0
81.92
0
0
0
0
53.248
15994.9
0
0
0
86.016
0
0
0
0
24.576
0
0
0
0
20.48
0
0
0
0
20.48
18415.6
0
0
0
65.536
0
0
0
0
65.536
0
0
0
0
20.48
0
0
0
0
65.536
14364.7
0
0
0
90.112
0
0
0
0
65.536
0
0
0
0
53.248
0
0
0
0
20.48
18321.4
0
0
0
61.44
0
0
0
0
73.728
0
0
0
0
20.48
0
0
0
0
20.48
17821.7
0
0
0
65.536
0
0
0
0
69.632
0
0
0
0
69.632
0
0
0
0
73.728
12988.4
0
0
0
65.536
0
0
0
0
73.728
16.384
0
0
0
28.672
0
0
0
0
24.576
17780.7
0
0
0
65.536
0
0
0
0
61.44
1994.75
0
0
0
36.864
0
0
0
0
24.576
12673
843.776
0
0
0
86.016
2248.7
0
0
0
77.824
0
0
0
0
20.48
0
24.576
11657.2
0
0
0
86.016
823.296
0
0
0
53.248
749.568
0
0
0
40.96
0
0
0
0
24.576
0
0
0
0
24.576
21938.2
5009.41
0
0
65.536
806.912
0
0
0
61.44
0
0
0
0
57.344
0
0
0
0
20.48
0
0
0
0
20.48
0
0
0
0
20.48
65.536
0
0
0
77.824
0
0
0
0
65.536
1597.44
0
0
0
36.864
0
0
0
0
24.576
8122.37
13836.3
0
0
61.44
0
0
0
0
28.672
0
0
0
0
24.576
0
0
0
0
69.632
0
0
0
0
24.576
135.168
18481.2
0
0
61.44
0
0
0
0
73.728
0
0
0
0
24.576
0
0
0
0
57.344
0
17084.4
0
0
86.016
0
0
0
0
32.768
0
0
0
0
24.576
0
0
0
0
24.576
0
0
0
0
24.576
0
27910.1
0
0
81.92
0
16.384
0
0
65.536
0
0
0
0
24.576
0
0
0
0
73.728
0
0
0
0
28.672
0
0
0
0
24.576
0
49.152
0
0
61.44
0
851.968
0
0
57.344
0
778.24
0
0
40.96
0
14495.7
0
0
45.056
0
0
0
0
0
0
0
0
57.344
0
0
14946.3
0
77.824
0
0
0
0
24.576
0
0
16.384
0
24.576
0
0
0
0
57.344
0
0
14385.2
0
0
65.536
0
0
0
0
69.632
0
0
0
0
16.384
0
0
0
0
16.384
0
17043.5
0
0
53.248
0
0
0
0
61.44
0
0
0
0
20.48
0
0
0
0
57.344
0
8269.82
6803.46
0
77.824
0
0
0
0
20.48
0
0
0
0
20.48
0
0
0
0
57.344
0
0
12849.2
0
53.248
0
0
0
0
20.48
0
0
0
0
57.344
0
0
0
0
16.384
0
0
16674.8
0
53.248
0
0
0
0
20.48
0
0
0
0
57.344
0
0
0
0
57.344
0
0
13135.9
0
77.824
0
0
0
0
24.576
0
0
32.768
0
24.576
0
0
0
0
24.576
0
0
18059.3
0
77.824
0
0
0
0
20.48
0
0
0
0
16.384
0
0
0
0
57.344
0
0
15777.8
0
53.248
0
0
0
0
20.48
0
0
0
0
16.384
0
0
0
0
69.632
0
0
11530.2
0
69.632
0
0
0
0
69.632
0
0
16.384
0
24.576
0
0
15310.8
81.92
0
0
0
0
16.384
0
0
0
0
65.536
0
0
0
0
20.48
0
0
0
19611.6
61.44
0
0
0
0
28.672
0
0
0
16.384
61.44
0
0
0
0
20.48
0
0
0
16150.5
81.92
0
0
0
0
61.44
0
0
0
0
20.48
0
0
0
0
57.344
0
0
0
16638
77.824
0
0
0
0
20.48
0
0
0
0
16.384
0
0
0
0
16.384
0
0
0
19738.6
57.344
0
0
0
0
65.536
0
0
0
0
20.48
0
0
0
13152.3
90.112
0
0
0
0
28.672
0
0
0
61.44
0
0
0
0
10944.5
0
0
0
0
77.824
0
0
0
0
24.576
0
0
0
0
4431.87
10584.1
0
0
0
61.44
0
0
0
0
53.248
0
0
0
0
81.92
11038.7
0
0
0
81.92
28.672
0
0
0
65.536
0
0
0
0
20.48
15933.4
0
0
0
61.44
0
0
0
0
65.536
0
0
0
0
61.44
0
0
0
0
20.48
17559.6
0
0
0
61.44
0
0
0
0
28.672
16.384
0
0
0
65.536
9175.04
0
0
0
61.44
0
0
0
65.536
0
6238.21
0
0
28.672
0
65.536
0
0
20.48
0
0
0
0
12.288
0
4833.28
0
0
24.576
0
7340.03
0
0
28.672
0
7634.94
0
0
69.632
0
4648.96
0
0
28.672
0
65.536
0
0
57.344
0
0
0
0
20.48
0
0
0
0
69.632
0
0
0
0
16.384
0
86.016
0
0
16.384
0
6860.8
0
0
36.864
0
65.536
0
0
24.576
0
7004.16
0
0
32.768
0
14729.2
0
0
36.864
0
0
0
0
16.384
0
0
0
0
16.384
0
4784.13
0
0
57.344
0
65.536
0
0
65.536
0
0
0
0
65.536
0
0
0
0
16.384
0
0
0
0
16.384
0
8065.02
10248.2
0
57.344
0
0
0
0
20.48
0
0
0
0
16.384
0
0
0
0
16.384
0
0
0
57.344
0
0
0
0
20.48
0
0
0
20889.6
49.152
0
0
0
32.768
65.536
0
0
0
0
57.344
0
0
0
0
61.44
0
0
0
0
53.248
0
0
0
4.096
16.384
0
0
0
65.536
24.576
0
0
0
7331.84
40.96
0
0
0
73.728
24.576
0
0
0
13750.3
40.96
0
0
0
0
16.384
0
