0
0
5328.9
65.536
0
0
0
0
16.384
0
0
0
0
73.728
0
0
0
5349.38
57.344
0
0
0
0
16.384
0
0
0
0
16.384
0
0
0
5443.58
53.248
0
0
0
0
32.768
0
0
0
0
20.48
0
0
0
5955.58
57.344
0
0
0
0
24.576
0
0
0
0
16.384
0
0
0
3747.84
348.16
0
0
0
0
16.384
0
0
0
0
20.48
0
0
0
0
5414.91
0
0
0
0
20.48
0
0
0
0
16.384
0
0
0
0
5525.5
0
0
0
0
24.576
0
0
0
0
16.384
0
0
0
0
5238.78
0
0
0
0
61.44
0
0
0
0
4636.67
0
0
0
0
57.344
0
0
0
0
53.248
0
0
0
0
5943.3
0
0
0
0
32.768
0
0
0
0
24.576
0
0
0
0
6197.25
0
0
0
0
28.672
0
0
0
0
24.576
0
0
0
0
5263.36
0
0
0
0
28.672
0
0
0
0
3227.65
0
0
0
0
24.576
0
0
0
0
3739.65
0
0
0
0
28.672
0
0
0
0
2772.99
0
0
0
0
53.248
0
0
0
0
0
0
24.576
0
0
0
0
2437.12
0
0
0
0
28.672
0
0
0
0
2519.04
0
0
0
0
1433.6
0
0
0
0
28.672
0
0
0
0
2297.86
0
0
0
0
2203.65
0
0
0
0
1298.43
0
0
0
0
24.576
0
0
0
0
2490.37
0
0
0
0
1331.2
0
0
0
0
1282.05
0
0
0
0
24.576
0
0
0
0
2486.27
0
0
0
0
1368.06
0
0
0
0
28.672
0
0
0
0
2535.42
0
0
0
0
28.672
0
0
0
0
2461.7
0
0
0
0
28.672
0
0
0
0
2453.5
0
0
0
0
1445.89
0
0
0
0
1323.01
0
0
0
0
3076.1
0
0
0
0
20.48
0
0
0
0
2453.5
0
0
0
0
69.632
0
0
0
0
4341.76
0
0
0
0
65.536
0
0
0
0
3239.94
0
0
0
0
20.48
0
0
0
0
2506.75
0
0
0
0
1163.26
0
0
0
0
0
20.48
0
0
0
2265.09
49.152
0
0
0
1351.68
49.152
0
0
0
1200.13
49.152
0
0
0
0
53.248
0
0
0
2564.1
57.344
0
4538.37
0
0
0
0
57.344
0
0
0
0
24.576
0
0
0
0
4796.42
0
0
0
0
49.152
0
0
0
0
24.576
0
0
0
0
5001.22
0
0
0
0
53.248
0
0
0
0
24.576
0
0
0
0
1073.15
4399.1
0
0
0
53.248
0
0
0
0
24.576
0
0
0
0
24.576
4685.82
0
0
0
49.152
0
0
0
0
57.344
0
0
0
0
20.48
4763.65
0
0
0
57.344
0
0
0
0
20.48
0
0
0
0
20.48
4993.02
0
0
0
49.152
0
0
0
0
20.48
0
0
0
0
20.48
4734.98
0
0
0
49.152
0
0
0
0
20.48
0
0
0
0
20.48
4964.35
0
0
0
49.152
0
0
73.728
0
0
0
0
61.44
0
0
6205.44
0
86.016
0
0
0
0
20.48
0
0
0
0
61.44
0
0
5853.18
0
57.344
0
0
0
0
16.384
0
0
0
0
16.384
0
0
4665.34
0
40.96
0
0
0
0
16.384
0
0
0
0
16.384
0
0
4640.77
0
40.96
0
0
0
0
16.384
0
0
0
0
16.384
0
0
5038.08
0
69.632
0
5808.13
0
0
0
0
28.672
0
0
0
0
20.48
0
0
0
0
5668.86
0
0
0
0
28.672
0
0
0
0
20.48
0
0
0
0
5566.46
0
0
0
0
28.672
0
0
0
0
28.672
0
0
0
0
6246.4
0
0
0
0
77.824
0
0
0
0
24.576
0
0
0
0
5595.14
0
0
0
0
57.344
0
0
0
0
20.48
0
0
0
0
5582.85
0
0
0
0
53.248
0
0
0
0
24.576
0
0
0
0
5730.3
0
0
0
0
53.248
0
0
0
0
20.48
0
61.44
0
0
5443.58
0
61.44
0
0
0
0
53.248
0
0
0
0
61.44
0
0
6803.46
0
53.248
0
0
0
0
20.48
0
0
0
0
16.384
0
0
5439.49
0
57.344
0
0
0
0
53.248
0
0
0
0
20.48
0
0
7319.55
0
65.536
0
0
0
0
28.672
0
0
0
0
24.576
0
0
5398.53
0
53.248
0
0
0
0
49.152
0
0
0
0
20.48
0
0
5193.73
0
57.344
0
0
0
0
24.576
0
0
0
0
24.576
0
0
5890.05
0
81.92
0
0
0
0
0
0
7307.26
0
0
0
0
57.344
0
0
0
0
16.384
0
0
0
0
6615.04
0
0
0
0
49.152
0
0
0
0
16.384
0
0
0
0
6598.66
0
0
0
0
57.344
0
0
0
0
20.48
0
0
0
0
7200.77
0
0
0
0
57.344
0
0
0
0
49.152
0
0
0
0
4845.57
0
0
0
0
57.344
0
0
0
0
4546.56
0
0
0
0
53.248
0
0
0
0
20.48
0
0
0
0
6619.14
0
0
0
0
53.248
0
0
0
0
20.48
0
0
0
0
6561.79
0
0
0
0
53.248
0
61.44
0
0
0
0
24.576
0
0
5214.21
0
86.016
0
0
0
0
20.48
0
0
0
0
73.728
0
0
5705.73
0
69.632
0
0
0
0
32.768
0
0
0
0
53.248
0
0
7954.43
0
65.536
0
0
0
0
24.576
0
0
0
0
24.576
0
0
3903.49
2506.75
53.248
0
0
0
0
28.672
0
0
0
0
20.48
0
0
655.36
5529.6
53.248
0
0
0
0
53.248
0
0
0
4415.49
57.344
0
0
0
0
20.48
0
0
0
0
69.632
