0
94.208
81.92
0
753.664
3366.91
974.848
8.192
57.344
0
114.688
32.768
0
20.48
983.04
3358.72
700.416
8.192
0
86.016
45.056
8.192
77.824
36.864
831.488
3436.54
724.992
49.152
86.016
40.96
0
12.288
45.056
118.784
962.56
3158.02
716.8
90.112
24.576
0
36.864
90.112
57.344
8.192
987.136
3162.11
851.968
32.768
0
0
32.768
172.032
0
0
954.368
3272.7
749.568
0
32.768
36.864
73.728
20.48
57.344
0
1019.9
3194.88
679.936
0
36.864
118.784
0
0
0
131.072
937.984
3293.18
765.952
32.768
77.824
0
36.864
12.288
86.016
40.96
847.872
3272.7
786.432
77.824
0
0
0
163.84
36.864
28.672
937.984
3223.55
798.72
0
45.056
20.48
94.208
45.056
0
0
913.408
3371.01
745.472
0
0
135.168
24.576
49.152
0
32.768
1019.9
3166.21
786.432
0
77.824
32.768
0
0
98.304
69.632
856.064
3252.22
753.664
151.552
65.536
0
32.768
45.056
122.88
0
835.584
3272.7
856.064
49.152
0
0
32.768
73.728
24.576
57.344
897.024
3383.3
1445.89
0
69.632
36.864
81.92
8.192
0
0
1105.92
3223.55
720.896
0
61.44
131.072
0
0
0
94.208
1011.71
3141.63
794.624
36.864
106.496
0
20.48
40.96
163.84
36.864
847.872
3244.03
880.64
81.92
0
53.248
0
94.208
36.864
0
888.832
3252.22
888.832
0
8.192
0
98.304
36.864
0
36.864
966.656
3244.03
749.568
0
0
131.072
32.768
49.152
512
262.144
0
1433.6
5537.79
753.664
49.152
28.672
57.344
507.904
118.784
0
24.576
1683.46
5722.11
360.448
8.192
53.248
471.04
114.688
16.384
8.192
245.76
1839.1
5328.9
397.312
81.92
491.52
172.032
12.288
0
225.28
380.928
1437.7
5279.74
417.792
487.424
94.208
0
8.192
221.184
344.064
0
1466.37
5357.57
860.16
114.688
0
0
249.856
376.832
0
0
1556.48
5844.99
458.752
0
8.192
245.76
356.352
53.248
163.84
45.056
1933.31
5406.72
356.352
0
258.048
397.312
0
0
53.248
491.52
1556.48
5357.57
360.448
249.856
368.64
0
8.192
53.248
507.904
122.88
1454.08
5341.18
1265.66
368.64
0
0
49.152
544.768
151.552
28.672
1429.5
5541.89
802.816
0
8.192
73.728
512
110.592
0
0
1691.65
5652.48
356.352
0
53.248
532.48
98.304
0
0
217.088
1781.76
5316.61
368.64
81.92
454.656
98.304
0
16.384
475.136
344.064
1445.89
5292.03
409.6
585.728
200.704
0
40.96
290.816
352.256
0
1425.41
5402.62
3604.48
13660.2
0
0
278.528
335.872
16.384
28.672
1511.42
5828.61
495.616
0
65.536
266.24
372.736
16.384
0
61.44
1937.41
5427.2
352.256
0
303.104
405.504
0
4.096
49.152
536.576
1568.77
5279.74
274.432
348.16
528.384
0
20.48
155.648
544.768
118.784
1441.79
5304.32
491.52
430.08
0
110.592
57.344
536.576
118.784
151.552
1437.7
5369.86
1056.77
0
49.152
49.152
536.576
118.784
0
12.288
1662.98
5750.78
368.64
0
86.016
528.384
122.88
12.288
81.92
237.568
0
589.824
2310.14
589.824
8.192
126.976
0
151.552
40.96
94.208
94.208
655.36
2314.24
442.368
0
0
81.92
126.976
16.384
98.304
81.92
655.36
2371.58
479.232
0
126.976
45.056
0
0
57.344
139.264
589.824
2293.76
356.352
86.016
28.672
0
53.248
28.672
73.728
53.248
679.936
2199.55
528.384
40.96
0
45.056
24.576
139.264
0
0
598.016
2351.1
417.792
0
49.152
24.576
81.92
0
237.568
0
696.32
2207.74
425.984
0
28.672
151.552
65.536
0
0
131.072
602.112
2285.57
327.68
28.672
86.016
0
53.248
45.056
81.92
102.4
589.824
2248.7
442.368
81.92
0
0
0
151.552
45.056
159.744
565.248
2236.42
503.808
0
94.208
73.728
90.112
36.864
0
53.248
634.88
2347.01
425.984
0
0
180.224
36.864
0
0
28.672
659.456
2273.28
454.656
0
77.824
32.768
0
0
163.84
262.144
589.824
2203.65
430.08
221.184
131.072
0
69.632
28.672
126.976
0
544.768
2273.28
479.232
122.88
0
0
28.672
77.824
0
118.784
679.936
2498.56
438.272
0
57.344
49.152
90.112
0
0
0
884.736
2256.9
352.256
0
126.976
131.072
0
0
0
86.016
733.184
2215.94
479.232
24.576
200.704
0
77.824
90.112
139.264
36.864
503.808
2236.42
446.464
94.208
0
200.704
0
90.112
40.96
159.744
630.784
2174.98
565.248
0
8.192
0
90.112
40.96
28.672
32.768
618.496
2289.66
417.792
0
0
139.264
40.96
0
90.112
73.728
81.92
270.336
3514.37
1171.46
24.576
12.288
45.056
49.152
73.728
0
0
139.264
3657.73
1105.92
40.96
0
53.248
98.304
0
4.096
12.288
307.2
3780.61
1126.4
8.192
53.248
65.536
180.224
12.288
12.288
90.112
229.376
3469.31
1110.02
77.824
69.632
0
8.192
45.056
81.92
8.192
159.744
3584
1183.74
73.728
0
0
12.288
94.208
45.056
0
135.168
3608.58
1159.17
73.728
8.192
12.288
94.208
8.192
40.96
90.112
184.32
3706.88
1089.54
45.056
12.288
98.304
32.768
0
0
77.824
176.128
3600.38
1101.82
45.056
81.92
53.248
8.192
8.192
57.344
69.632
151.552
3653.63
1785.86
15949.8
12.288
0
0
61.44
86.016
65.536
126.976
3575.81
1167.36
45.056
20.48
0
184.32
73.728
0
0
143.36
3682.3
1097.73
4.096
0
53.248
163.84
0
0
12.288
200.704
3588.1
1093.63
32.768
49.152
65.536
69.632
0
16.384
172.032
151.552
3555.33
1118.21
106.496
77.824
8.192
12.288
12.288
102.4
16.384
122.88
3633.15
1142.78
98.304
57.344
0
12.288
81.92
24.576
8.192
122.88
3661.82
1146.88
4.096
8.192
24.576
131.072
24.576
0
0
225.28
3575.81
1114.11
32.768
24.576
98.304
12.288
32.768
0
57.344
286.72
3485.7
1101.82
16.384
135.168
12.288
57.344
0
69.632
90.112
217.088
3473.41
1097.73
126.976
12.288
49.152
0
53.248
77.824
81.92
229.376
3448.83
1228.8
49.152
0
8.192
94.208
77.824
0
8.192
192.512
3645.44
1105.92
4.096
0
49.152
118.784
131.072
0
73.728
0
229.376
913.408
286.72
24.576
180.224
0
167.936
0
0
139.264
352.256
860.16
196.608
65.536
32.768
0
86.016
139.264
163.84
0
217.088
1183.74
204.8
24.576
24.576
0
0
45.056
0
32.768
229.376
888.832
131.072
65.536
65.536
0
32.768
0
0
28.672
274.432
892.928
159.744
45.056
24.576
45.056
0
45.056
0
0
229.376
884.736
131.072
65.536
57.344
0
0
53.248
90.112
12.288
229.376
884.736
159.744
65.536
24.576
32.768
0
0
20.48
32.768
217.088
827.392
188.416
73.728
65.536
0
32.768
8.192
0
0
225.28
925.696
155.648
40.96
24.576
0
36.864
32.768
0
196.608
229.376
917.504
126.976
65.536
65.536
131.072
0
0
24.576
0
229.376
925.696
126.976
65.536
24.576
69.632
0
0
0
0
233.472
1032.19
176.128
53.248
24.576
49.152
0
0
139.264
81.92
229.376
888.832
155.648
249.856
155.648
0
131.072
0
65.536
0
225.28
884.736
176.128
192.512
53.248
0
0
0
0
184.32
229.376
1298.43
159.744
36.864
114.688
0
0
0
0
0
507.904
880.64
131.072
65.536
180.224
98.304
0
0
0
0
266.24
999.424
176.128
65.536
180.224
49.152
155.648
163.84
40.96
0
221.184
880.64
131.072
69.632
32.768
147.456
0
0
0
36.864
258.048
860.16
176.128
61.44
24.576
0
0
0
0
32.768
225.28
892.928
155.648
40.96
28.672
32.768
81.92
