0
0
0
0
10842.1
0
0
0
0
98.304
0
0
0
0
20.48
0
0
0
0
11460.6
0
0
0
0
69.632
0
0
0
0
20.48
0
0
0
0
36.864
0
0
0
0
14102.5
0
0
0
0
110.592
0
0
0
0
20.48
0
0
0
0
20.48
0
0
0
0
14733.3
0
0
0
0
69.632
0
0
0
0
20.48
0
0
0
61.44
0
0
0
0
73.728
9490.43
0
0
0
94.208
0
0
0
0
24.576
0
0
0
0
24.576
2572.29
8175.62
0
0
69.632
0
0
0
0
24.576
0
0
0
0
24.576
0
0
0
0
24.576
0
13131.8
0
0
94.208
0
0
0
0
20.48
0
0
0
0
20.48
0
0
0
0
81.92
0
11518
0
0
73.728
0
0
0
0
28.672
0
0
0
0
24.576
0
0
0
0
24.576
0
12959.7
0
0
94.208
0
0
0
0
73.728
0
0
0
0
20.48
0
0
0
0
20.48
0
14811.1
0
0
65.536
0
0
0
0
24.576
0
16.384
0
0
24.576
0
0
0
0
20.48
0
13553.7
0
0
94.208
0
0
8339.46
0
0
0
0
61.44
0
0
0
0
20.48
0
0
0
0
6279.17
0
0
0
0
57.344
0
0
0
0
24.576
0
0
0
0
7430.14
0
0
0
0
49.152
0
0
0
0
20.48
0
0
0
0
7032.83
0
0
0
0
57.344
0
0
0
0
24.576
0
0
0
0
8744.96
0
0
0
0
65.536
0
0
0
0
24.576
0
0
0
0
7421.95
0
0
0
0
53.248
0
0
0
0
53.248
0
0
0
0
7524.35
0
0
0
0
86.016
0
0
0
0
61.44
0
0
0
0
8208.38
0
0
0
0
57.344
0
0
0
0
20.48
0
0
0
0
20.48
0
0
0
0
9187.33
0
0
0
0
49.152
0
0
0
0
20.48
0
0
0
0
20.48
0
0
0
0
2981.89
6905.86
0
0
0
73.728
0
0
0
0
24.576
0
0
0
0
24.576
0
0
0
0
20.48
12488.7
0
0
0
126.976
0
0
0
0
24.576
0
0
0
0
61.44
0
0
0
0
69.632
7921.66
0
0
0
61.44
0
0
0
0
28.672
0
0
0
0
24.576
0
0
49.152
10203.1
0
0
94.208
0
0
0
0
24.576
0
0
0
0
20.48
0
0
0
0
20.48
0
12308.5
0
0
45.056
0
0
0
0
20.48
0
0
0
0
20.48
0
0
0
0
61.44
0
8052.74
0
0
77.824
0
0
0
0
20.48
0
0
0
0
65.536
0
10227.7
0
0
61.44
0
0
0
0
20.48
0
0
0
0
20.48
0
16.384
0
0
20.48
0
12116
286.72
0
73.728
0
0
0
0
57.344
0
16.384
0
0
16.384
0
0
0
0
16.384
0
11059.2
1695.74
0
53.248
0
0
0
0
16.384
0
0
0
0
16.384
0
0
0
0
16.384
0
0
11837.4
0
40.96
0
0
0
0
61.44
0
0
1204.22
0
57.344
0
0
0
0
20.48
0
0
10694.7
0
57.344
0
0
0
0
57.344
0
0
16.384
0
16.384
0
0
0
0
24.576
0
0
14307.3
0
61.44
0
0
0
0
20.48
0
0
1089.54
0
65.536
0
0
0
0
16.384
0
0
9633.79
0
49.152
0
0
0
0
57.344
0
0
16.384
0
20.48
0
0
9723.9
0
53.248
0
0
0
0
0
0
20.48
0
0
0
15609.9
57.344
65.536
0
0
0
0
28.672
0
0
0
0
20.48
0
0
0
0
61.44
0
0
0
0
20.48
0
0
14868.5
0
57.344
0
0
0
0
20.48
0
0
0
0
20.48
0
0
0
0
20.48
0
0
13307.9
0
53.248
0
0
0
0
73.728
0
0
0
0
20.48
0
0
0
0
73.728
0
0
14483.5
0
77.824
0
0
0
0
24.576
0
0
0
0
24.576
0
0
0
0
57.344
0
0
10207.2
0
73.728
0
0
0
0
28.672
0
0
0
0
20.48
0
0
0
0
20.48
0
0
3686.4
9629.7
53.248
0
0
0
0
28.672
0
0
0
0
20.48
0
0
0
0
61.44
0
0
0
11227.1
61.44
0
0
0
0
24.576
0
0
0
0
81.92
0
0
0
0
20.48
0
0
0
13459.5
69.632
0
0
0
0
69.632
0
0
0
0
20.48
0
0
0
0
20.48
0
0
0
14614.5
69.632
0
0
0
0
20.48
0
0
0
0
20.48
0
0
0
0
20.48
0
0
0
8716.29
81.92
0
0
0
0
24.576
0
0
0
0
0
0
20.48
0
0
0
0
20.48
0
0
0
0
53.248
11907.1
0
0
0
73.728
0
0
0
0
57.344
0
0
0
0
16.384
0
0
0
0
57.344
14622.7
0
0
0
61.44
0
0
0
0
24.576
0
0
0
0
20.48
0
0
0
0
20.48
10919.9
0
0
0
98.304
0
0
0
0
20.48
1142.78
0
0
0
65.536
0
0
0
0
20.48
17670.1
0
0
0
69.632
0
0
0
0
20.48
16.384
0
0
0
24.576
0
0
0
0
69.632
7372.8
0
0
0
61.44
0
0
0
0
20.48
0
0
0
0
20.48
11718.7
0
0
0
53.248
0
0
0
0
53.248
0
0
0
0
16.384
0
0
0
0
16.384
16015.4
0
0
0
81.92
0
0
0
0
20.48
0
0
0
0
20.48
0
0
0
0
20.48
15458.3
0
0
0
65.536
0
0
0
0
53.248
0
0
0
0
49.152
0
0
0
0
53.248
13000.7
0
0
0
81.92
0
0
0
0
57.344
0
0
0
0
20.48
0
0
0
0
20.48
8663.04
6230.02
0
0
57.344
0
0
0
0
24.576
0
