245.76
815.104
163.84
0
0
45.056
16.384
376.832
0
462.848
552.96
0
651.264
0
0
36.864
1490.94
131.072
0
225.28
258.048
806.912
151.552
0
0
24.576
12.288
348.16
0
446.464
495.616
1056.77
184.32
0
0
24.576
1191.94
106.496
0
200.704
258.048
0
131.072
315.392
0
32.768
1646.59
94.208
0
200.704
249.856
741.376
0
192.512
745.472
24.576
16.384
356.352
61.44
446.464
528.384
1060.86
0
176.128
0
32.768
16.384
397.312
0
454.656
516.096
1019.9
0
159.744
0
28.672
28.672
344.064
0
262.144
712.704
0
0
651.264
0
40.96
1634.3
122.88
0
0
466.944
0
0
434.176
0
20.48
12.288
1703.94
0
0
200.704
233.472
0
385.024
0
16.384
12.288
1638.4
0
0
180.224
253.952
0
446.464
0
20.48
12.288
1908.74
118.784
0
200.704
561.152
0
0
0
20.48
24.576
1712.13
172.032
0
217.088
1478.66
0
0
0
24.576
24.576
1708.03
143.36
0
217.088
610.304
0
0
0
24.576
16.384
1691.65
159.744
0
180.224
241.664
307.2
0
0
20.48
16.384
1593.34
135.168
0
204.8
262.144
520.192
0
0
16.384
32.768
1634.3
143.36
0
221.184
245.76
311.296
0
0
40.96
16.384
1609.73
163.84
0
221.184
262.144
323.584
0
0
28.672
16.384
1650.69
163.84
0
204.8
462.848
344.064
0
0
28.672
28.672
1671.17
167.936
0
200.704
0
0
438.272
0
24.576
0
1863.68
57.344
159.744
0
0
0
438.272
0
24.576
733.184
1921.02
36.864
155.648
0
0
0
397.312
0
20.48
0
1687.55
94.208
151.552
0
0
0
405.504
0
20.48
0
1630.21
212.992
163.84
0
0
0
434.176
0
24.576
0
1650.69
217.088
155.648
0
0
0
405.504
4.096
24.576
0
1515.52
225.28
0
167.936
0
0
0
413.696
24.576
0
1650.69
241.664
0
155.648
0
0
0
389.12
24.576
61.44
1527.81
217.088
0
163.84
0
0
0
421.888
40.96
0
1654.78
212.992
0
163.84
0
0
0
442.368
45.056
0
1654.78
225.28
0
167.936
0
0
0
413.696
20.48
0
1572.86
196.608
0
159.744
0
0
0
425.984
28.672
0
1671.17
212.992
0
163.84
0
0
0
425.984
20.48
0
1634.3
245.76
0
0
0
0
24.576
430.08
36.864
0
1781.76
245.76
0
0
0
0
24.576
421.888
24.576
0
0
2007.04
765.952
0
0
0
24.576
598.016
24.576
0
0
1933.31
0
0
0
0
28.672
417.792
20.48
0
0
2023.42
0
0
0
0
40.96
409.6
28.672
0
0
1966.08
0
0
0
0
24.576
430.08
20.48
0
0
1978.37
0
0
0
0
36.864
434.176
20.48
0
0
2031.62
0
0
0
131.072
0
184.32
0
16.384
0
450.56
487.424
32.768
606.208
0
0
552.96
1114.11
61.44
0
147.456
204.8
16.384
303.104
0
0
20.48
413.696
1089.54
0
167.936
208.896
20.48
319.488
0
0
32.768
466.944
1142.78
0
172.032
229.376
16.384
348.16
0
0
16.384
475.136
1155.07
0
163.84
225.28
16.384
823.296
0
0
20.48
200.704
20.48
0
409.6
471.04
16.384
565.248
0
0
20.48
520.192
1150.98
0
184.32
233.472
20.48
827.392
0
0
20.48
192.512
16.384
0
413.696
458.752
16.384
1208.32
0
0
36.864
233.472
32.768
970.752
450.56
487.424
16.384
1400.83
0
0
32.768
229.376
16.384
0
442.368
495.616
16.384
606.208
0
0
16.384
499.712
16.384
0
581.632
540.672
20.48
589.824
0
0
32.768
540.672
16.384
0
794.624
262.144
327.68
1134.59
0
0
32.768
233.472
40.96
0
450.56
479.232
16.384
1236.99
0
0
20.48
233.472
16.384
0
0
925.696
757.76
0
0
0
16.384
536.576
16.384
0
0
1175.55
630.784
0
0
0
28.672
491.52
1228.8
909.312
0
405.504
274.432
0
0
0
77.824
454.656
1286.14
0
0
393.216
258.048
0
0
0
16.384
458.752
16.384
0
0
1114.11
602.112
0
0
0
20.48
516.096
1204.22
0
0
421.888
274.432
0
0
0
20.48
0
1724.42
0
0
405.504
262.144
0
0
1212.42
0
884.736
0
0
200.704
0
380.928
0
0
1167.36
0
942.08
0
0
188.416
0
995.328
0
0
421.888
0
24.576
0
0
434.176
0
966.656
0
0
827.392
0
581.632
0
0
196.608
0
1499.14
0
0
438.272
0
20.48
0
0
450.56
0
1761.28
0
0
372.736
0
40.96
0
0
417.792
0
1449.98
0
0
413.696
0
36.864
0
0
471.04
0
1589.25
0
0
364.544
0
741.376
0
0
200.704
0
1056.77
0
0
409.6
0
20.48
0
0
0
466.944
1552.38
0
0
233.472
196.608
20.48
0
0
0
450.56
1564.67
0
0
204.8
196.608
20.48
221.184
0
0
962.56
1073.15
0
0
221.184
196.608
20.48
0
0
0
1019.9
32.768
0
0
659.456
548.864
1007.62
0
0
0
208.896
315.392
0
0
528.384
442.368
0
20.48
0
0
557.056
630.784
0
0
655.36
565.248
0
16.384
0
61.44
544.768
655.36
0
0
0
1163.26
548.864
315.392
0
0
208.896
299.008
815.104
0
0
475.136
0
20.48
0
0
466.944
573.44
1716.22
0
0
454.656
0
20.48
0
0
466.944
589.824
0
0
0
1204.22
0
36.864
0
0
540.672
622.592
0
0
0
1171.46
0
20.48
0
0
557.056
647.168
892.928
0
0
0
913.408
0
69.632
0
286.72
0
774.144
0
462.848
0
20.48
0
20.48
0
647.168
1413.12
131.072
122.88
192.512
0
36.864
0
20.48
0
598.016
1449.98
110.592
106.496
196.608
0
20.48
0
20.48
0
618.496
0
561.152
704.512
598.016
0
45.056
0
20.48
0
720.896
0
557.056
692.224
561.152
0
24.576
0
28.672
0
651.264
2375.68
118.784
135.168
0
217.088
49.152
0
24.576
0
630.784
24.576
0
1261.57
0
581.632
53.248
0
40.96
0
630.784
1372.16
0
278.528
0
200.704
53.248
0
20.48
0
643.072
0
0
1290.24
102.4
589.824
24.576
0
24.576
0
708.608
0
0
700.416
745.472
557.056
24.576
0
28.672
0
0
1630.21
0
172.032
520.192
217.088
98.304
0
24.576
0
0
655.36
0
704.512
577.536
573.44
167.936
4.096
45.056
0
0
696.32
16.384
720.896
413.696
585.728
86.016
0
24.576
0
0
716.8
987.136
184.32
569.344
221.184
40.96
0
20.48
0
0
675.84
77.824
679.936
536.576
561.152
40.96
143.36
36.864
0
0
663.552
0
716.8
409.6
552.96
20.48
8.192
36.864
0
0
700.416
933.888
933.888
552.96
405.504
24.576
0
24.576
0
0
626.688
8.192
0
1224.7
569.344
40.96
180.224
36.864
0
0
716.8
0
0
1101.82
569.344
20.48
0
20.48
0
0
712.704
929.792
0
757.76
245.76
