3989.5
3772.42
4050.94
3997.7
3751.94
5017.6
6717.44
4190.21
3993.6
4001.79
16478.2
3952.64
3944.45
3821.57
3907.58
4751.36
5738.5
3522.56
3198.98
3305.47
2822.14
3284.99
3338.24
3432.45
3674.11
4042.75
6365.18
2990.08
3227.65
3092.48
3076.1
3158.02
4165.63
3985.41
4202.5
5128.19
6692.86
4067.33
2899.97
3989.5
4018.18
4009.98
3858.43
4104.19
3891.2
5115.9
6365.18
4071.42
3796.99
3047.42
3375.1
3018.75
3153.92
3362.82
3080.19
6725.63
20234.2
62300.2
43298.8
57995.3
74960.9
74182.7
39735.3
3497.98
3657.73
4919.3
6918.14
4272.13
3600.38
3833.86
3923.97
3973.12
3923.97
3878.91
3158.02
4399.1
6217.73
3608.58
3235.84
3284.99
3420.16
4001.79
3915.78
3465.22
3317.76
4136.96
4878.34
2301.95
1839.1
2048
1867.78
3600.38
3960.83
3850.24
3973.12
5033.98
6086.66
3481.6
3264.51
2994.18
3366.91
2547.71
3534.85
3928.06
16113.7
4386.82
6049.79
3284.99
3485.7
4063.23
3813.38
3887.1
3989.5
3272.7
2711.55
5021.7
7127.04
4231.17
4030.46
3317.76
2928.64
2838.53
3358.72
3485.7
3125.25
3809.28
6463.49
3018.75
3174.4
3129.34
2719.74
3301.38
3452.93
3203.07
3289.09
4038.66
6561.79
3588.1
3960.83
3956.74
4071.42
3891.2
3985.41
3846.14
4091.9
5124.1
7008.26
33341.4
63840.3
31694.8
51060.7
74813.4
79155.2
103059
58683.4
4354.05
6041.6
2654.21
2818.05
2772.99
3571.71
3436.54
3493.89
3403.78
3706.88
4726.78
6774.78
3895.3
3600.38
2875.39
3088.38
3239.94
3522.56
3325.95
2781.18
3522.56
6475.78
3461.12
3203.07
3108.86
3817.47
3780.61
3776.51
3985.41
4124.67
5091.33
7229.44
3874.82
3301.38
2940.93
3162.11
3252.22
3588.1
3256.32
4128.77
18104.3
7012.35
3825.66
3821.57
3842.05
3813.38
114.688
12.288
0
274.432
385.024
2093.06
4562.94
438.272
512
339.968
16.384
0
278.528
376.832
0
2015.23
4792.32
888.832
98.304
0
4.096
294.912
397.312
0
12.288
1880.06
5455.87
479.232
16.384
0
303.104
421.888
0
0
73.728
2392.06
4894.72
360.448
0
282.624
430.08
0
8.192
77.824
561.152
2363.39
4591.62
180.224
286.72
405.504
53.248
0
94.208
495.616
73.728
2002.94
4857.86
462.848
344.064
0
8.192
77.824
512
94.208
8.192
1921.02
5234.69
577.536
0
167.936
69.632
532.48
53.248
0
0
2551.81
5226.5
16.384
0
94.208
630.784
77.824
0
0
262.144
2527.23
4722.69
188.416
90.112
462.848
49.152
8.192
0
294.912
389.12
2318.34
5451.78
118.784
544.768
65.536
0
0
319.488
393.216
0
2256.9
4849.66
552.96
94.208
8.192
0
315.392
409.6
0
16.384
1818.62
5881.86
102.4
0
0
401.408
405.504
65.536
0
77.824
2478.08
5210.11
77.824
8.192
446.464
413.696
0
0
98.304
503.808
1847.3
5267.46
0
266.24
389.12
0
40.96
81.92
512
114.688
1921.02
5095.42
319.488
401.408
16.384
32.768
81.92
491.52
90.112
8.192
2056.19
5464.06
18169.9
2854.91
20.48
143.36
651.264
98.304
0
0
2711.55
5595.14
0
8.192
94.208
512
98.304
28.672
49.152
274.432
2338.82
5111.81
0
110.592
544.768
110.592
0
0
290.816
397.312
2203.65
4997.12
90.112
495.616
147.456
163.84
16.384
241.664
393.216
0
1945.6
5214.21
503.808
90.112
0
24.576
53.248
0
8.192
57.344
81.92
434.176
1671.17
507.904
69.632
262.144
20.48
0
86.016
86.016
8.192
503.808
1638.4
585.728
65.536
0
0
32.768
94.208
45.056
12.288
458.752
1748.99
528.384
24.576
0
45.056
86.016
65.536
45.056
0
409.6
1794.05
479.232
40.96
40.96
81.92
12.288
12.288
94.208
61.44
331.776
1880.06
462.848
32.768
86.016
16.384
0
0
90.112
118.784
196.608
1892.35
524.288
110.592
61.44
8.192
0
57.344
110.592
0
245.76
1961.98
544.768
20.48
8.192
188.416
61.44
57.344
0
0
311.296
1966.08
483.328
28.672
0
98.304
81.92
0
32.768
24.576
286.72
1908.74
499.712
8.192
53.248
49.152
0
8.192
61.44
81.92
233.472
1957.89
462.848
81.92
69.632
0
24.576
24.576
139.264
12.288
204.8
1359.87
1028.1
73.728
0
8.192
45.056
102.4
45.056
0
196.608
1998.85
512
32.768
0
24.576
94.208
61.44
73.728
0
270.336
2015.23
450.56
28.672
24.576
274.432
12.288
0
0
73.728
286.72
1933.31
434.176
28.672
81.92
12.288
20.48
24.576
90.112
69.632
196.608
1892.35
487.424
122.88
32.768
0
0
94.208
94.208
20.48
258.048
2179.07
528.384
20.48
20.48
0
167.936
77.824
0
0
204.8
2338.82
462.848
12.288
0
135.168
65.536
16.384
114.688
16.384
352.256
1916.93
483.328
4.096
77.824
77.824
16.384
0
126.976
102.4
212.992
1974.27
438.272
57.344
77.824
188.416
0
16.384
126.976
20.48
221.184
1892.35
516.096
102.4
0
0
7184.38
7036.93
7225.34
6983.68
6615.04
7766.02
9080.83
7475.2
7274.5
7303.17
7057.41
6651.9
7344.13
6897.66
7127.04
23875.6
57417.7
50503.7
57212.9
74068
56049.7
46252
47288.3
55287.8
37834.8
64700.4
59637.8
61009.9
32903.2
7290.88
6795.26
7151.62
7208.96
7208.96
7602.18
7655.42
9551.87
7483.39
4894.72
7319.55
7323.65
7356.42
7589.89
6983.68
7290.88
7864.32
9326.59
7471.1
7004.16
50778.1
54841.3
45662.2
74420.2
57372.7
68157.4
26333.2
9801.73
19775.5
43827.2
53948.4
46862.3
66150.4
63647.7
65089.5
36311
7368.7
10027
7405.57
6803.46
6901.76
7131.14
6615.04
7327.74
6926.34
7176.19
7573.5
9560.06
7249.92
7172.1
6918.14
6778.88
7118.85
7495.68
27742.2
57733.1
67162.1
85966.8
86159.4
93626.4
93962.2
76578.8
32567.3
6598.66
6778.88
6811.65
10637.3
49299.5
58978.3
34725.9
59699.2
62300.2
63934.5
56127.5
7413.76
7266.3
7647.23
9621.5
7823.36
7282.69
7487.49
6946.82
7303.17
6979.58
6963.2
4648.96
7843.84
10035.2
7921.66
7385.09
43827.2
59793.4
48459.8
66125.8
56459.3
58597.4
8331.26
9240.58
7536.64
6914.05
7090.18
7036.93
7450.62
32796.7
57176.1
50413.6
73007.1
59531.3
57679.9
6586.37
6799.36
7131.14
7122.94
7458.82
6668.29
7127.04
8032.26
9568.26
7979.01
7086.08
7176.19
7491.58
6602.75
6725.63
42962.9
64884.7
39465
54177.8
61685.8
38342.7
46997.5
15851.5
5992.45
6905.86
6877.18
6795.26
7053.31
9641.98
7208.96
6361.09
52400.1
57483.3
47038.5
69427.2
61165.6
54534.1
65703.9
11653.1
7712.77
7426.05
6443.01
7286.78
7340.03
7237.63
6995.97
7544.83
8118.27
9908.22
8241.15
47018
58216.4
48205.8
78102.5
53202.9
58191.9
33202.2
8171.52
9760.77
7704.58
6959.1
6942.72
7303.17
4468.74
4304.9
4472.83
4243.46
4120.58
4116.48
4820.99
4698.11
4476.93
4509.7
4489.22
4386.82
4395.01
4440.06
4513.79
4419.58
4374.53
3612.67
3661.82
3678.21
3739.65
3559.42
3657.73
3874.82
4038.66
3805.18
4239.36
39596
60215.3
37281.8
74813.4
46448.6
36876.3
4296.7
4546.56
4251.65
5021.7
4689.92
3084.29
4456.45
4399.1
4399.1
4632.58
4313.09
4583.42
4345.86
4661.25
4308.99
4579.33
3772.42
3584
3686.4
3645.44
3473.41
3792.9
3887.1
4935.68
4595.71
3502.08
3657.73
3919.87
3698.69
3878.91
3858.43
3969.02
4014.08
5128.19
4694.02
4440.06
4194.3
4284.42
4354.05
4444.16
4435.97
32960.5
54198.3
43188.2
51175.4
69005.3
46051.3
46411.8
16769
4538.37
4509.7
3883.01
3465.22
3551.23
2433.02
2035.71
2375.68
2220.03
3260.42
4300.8
4308.99
4386.82
4362.24
4509.7
3776.51
3928.06
3575.81
3686.4
3354.62
3399.68
4259.84
17526.8
57110.5
47693.8
58224.6
50675.7
4358.14
4661.25
4259.84
4513.79
4292.61
2912.26
4136.96
5050.37
4599.81
4698.11
4165.63
3219.46
3485.7
3510.27
4186.11
3801.09
45350.9
56401.9
50204.7
77303.8
56258.6
47870
21327.9
4341.76
3723.26
3883.01
3600.38
4452.35
3915.78
4415.49
4435.97
4575.23
4300.8
4714.5
4374.53
4427.78
4493.31
4960.26
4481.02
4390.91
4227.07
4595.71
4272.13
4227.07
4096
3461.12
4112.38
4050.94
3125.25
3112.96
3248.13
3559.42
3731.46
3715.07
3842.05
3768.32
4022.27
5091.33
4538.37
4255.74
3485.7
3538.94
3670.02
3862.53
3829.76
26124.3
60530.7
51425.3
65916.9
50241.5
58093.6
4325.38
4460.54
4075.52
4534.27
4476.93
4530.18
4911.1
4730.88
4288.51
3686.4
3321.86
3723.26
3805.18
3751.94
3809.28
4669.44
5079.04
4399.1
4280.32
4231.17
4382.72
