0
28.672
118.784
118.784
28.672
0
131.072
0
32.768
126.976
0
24.576
126.976
114.688
233.472
0
69.632
0
45.056
98.304
0
24.576
110.592
110.592
53.248
0
126.976
0
28.672
131.072
0
24.576
118.784
110.592
208.896
0
0
106.496
24.576
0
81.92
28.672
106.496
110.592
28.672
0
0
131.072
24.576
0
139.264
28.672
0
233.472
28.672
0
0
135.168
24.576
0
126.976
24.576
0
245.76
159.744
0
90.112
61.44
28.672
61.44
98.304
24.576
0
196.608
45.056
0
0
155.648
45.056
8.192
131.072
32.768
0
122.88
147.456
0
0
122.88
28.672
0
131.072
24.576
0
110.592
282.624
0
0
90.112
24.576
4.096
90.112
36.864
0
110.592
188.416
0
0
131.072
24.576
28.672
344.064
24.576
0
114.688
143.36
0
0
143.36
24.576
0
135.168
24.576
0
307.2
262.144
0
0
86.016
28.672
0
94.208
24.576
0
110.592
126.976
0
0
139.264
28.672
40.96
131.072
28.672
0
114.688
258.048
0
0
0
36.864
16.384
147.456
24.576
0
122.88
323.584
0
0
0
49.152
0
90.112
24.576
0
106.496
245.76
0
0
0
28.672
0
131.072
28.672
0
118.784
335.872
0
0
0
24.576
4.096
135.168
24.576
0
114.688
339.968
0
0
0
32.768
0
94.208
24.576
0
110.592
274.432
0
0
0
24.576
0
0
24.576
0
4.096
16.384
274.432
0
0
114.688
122.88
0
16.384
0
335.872
69.632
90.112
0
0
69.632
77.824
0
20.48
0
0
24.576
294.912
0
0
122.88
131.072
0
16.384
0
0
16.384
270.336
0
0
114.688
126.976
0
20.48
0
294.912
49.152
61.44
45.056
0
131.072
98.304
0
16.384
0
8.192
40.96
155.648
135.168
0
135.168
155.648
0
16.384
0
0
606.208
57.344
53.248
0
69.632
81.92
0
16.384
0
0
20.48
143.36
118.784
0
102.4
126.976
0
20.48
0
0
24.576
147.456
118.784
0
102.4
118.784
0
24.576
0
0
368.64
57.344
53.248
0
73.728
126.976
0
20.48
0
0
32.768
0
274.432
0
102.4
131.072
0
20.48
0
0
45.056
0
253.952
0
114.688
122.88
0
20.48
0
0
323.584
0
139.264
0
69.632
81.92
0
20.48
0
0
49.152
0
294.912
0
114.688
131.072
0
24.576
0
0
20.48
0
286.72
0
0
118.784
131.072
16.384
0
0
286.72
0
143.36
0
0
126.976
90.112
16.384
0
0
20.48
0
274.432
0
0
155.648
151.552
16.384
0
0
20.48
0
249.856
0
0
114.688
147.456
20.48
0
0
278.528
0
86.016
53.248
0
77.824
81.92
20.48
0
0
77.824
0
151.552
118.784
0
135.168
118.784
16.384
122.88
20.48
0
28.672
0
0
118.784
0
253.952
20.48
126.976
24.576
167.936
53.248
0
0
65.536
65.536
253.952
20.48
102.4
20.48
0
28.672
0
131.072
0
0
147.456
151.552
118.784
24.576
0
49.152
0
114.688
0
0
143.36
151.552
122.88
24.576
0
167.936
0
118.784
0
0
94.208
114.688
94.208
28.672
0
147.456
0
131.072
0
0
184.32
167.936
114.688
24.576
0
450.56
0
53.248
0
0
81.92
94.208
90.112
20.48
0
24.576
0
102.4
0
0
135.168
135.168
106.496
24.576
0
20.48
0
114.688
0
0
0
278.528
118.784
20.48
0
212.992
0
0
61.44
0
36.864
204.8
98.304
20.48
0
20.48
0
0
110.592
0
0
262.144
122.88
20.48
0
28.672
0
0
106.496
0
20.48
299.008
122.88
24.576
0
176.128
0
0
61.44
0
98.304
147.456
90.112
20.48
0
102.4
0
0
126.976
0
0
299.008
122.88
20.48
0
28.672
0
0
114.688
0
0
282.624
0
339.968
0
184.32
0
0
61.44
0
81.92
155.648
0
114.688
0
24.576
0
0
118.784
0
49.152
176.128
311.296
122.88
0
36.864
0
0
118.784
0
0
147.456
131.072
131.072
0
163.84
0
0
57.344
0
81.92
69.632
102.4
126.976
0
24.576
0
0
114.688
0
28.672
155.648
126.976
0
0
0
0
147.456
94.208
118.784
0
20.48
364.544
0
8.192
0
0
155.648
110.592
462.848
0
20.48
81.92
0
0
0
0
139.264
98.304
122.88
0
20.48
143.36
0
8.192
0
0
159.744
114.688
131.072
0
20.48
151.552
0
0
0
0
24.576
221.184
229.376
0
20.48
81.92
0
24.576
0
0
32.768
208.896
0
126.976
20.48
24.576
131.072
0
0
0
0
253.952
0
114.688
20.48
20.48
135.168
217.088
0
0
0
212.992
0
73.728
20.48
20.48
98.304
0
0
0
0
249.856
0
102.4
20.48
20.48
126.976
212.992
0
0
0
393.216
0
69.632
20.48
20.48
114.688
0
0
0
0
237.568
0
114.688
24.576
20.48
118.784
0
110.592
0
0
135.168
0
114.688
20.48
20.48
126.976
114.688
131.072
0
0
81.92
40.96
86.016
24.576
20.48
126.976
8.192
126.976
0
0
151.552
8.192
122.88
24.576
24.576
122.88
0
118.784
0
0
159.744
40.96
139.264
24.576
24.576
131.072
122.88
90.112
0
0
90.112
0
77.824
20.48
20.48
110.592
49.152
327.68
0
0
151.552
8.192
131.072
20.48
20.48
122.88
0
0
110.592
0
143.36
32.768
118.784
20.48
20.48
126.976
126.976
0
106.496
0
86.016
0
147.456
20.48
20.48
122.88
0
0
110.592
0
155.648
77.824
114.688
20.48
20.48
122.88
0
0
24.576
0
28.672
0
258.048
126.976
122.88
12.288
0
0
32.768
0
290.816
0
94.208
69.632
69.632
0
0
0
24.576
0
24.576
0
274.432
131.072
126.976
0
0
0
20.48
0
86.016
0
241.664
131.072
114.688
0
0
0
24.576
0
421.888
0
192.512
0
118.784
0
0
0
20.48
0
20.48
0
241.664
0
270.336
233.472
0
0
36.864
0
40.96
0
208.896
0
229.376
40.96
0
0
40.96
0
204.8
0
188.416
0
126.976
0
0
0
20.48
0
24.576
0
233.472
0
425.984
36.864
0
0
36.864
0
36.864
0
221.184
0
258.048
0
0
0
28.672
0
258.048
0
172.032
0
118.784
16.384
0
0
40.96
0
24.576
0
225.28
0
122.88
151.552
0
0
36.864
0
32.768
0
221.184
0
126.976
122.88
0
0
24.576
0
221.184
0
196.608
0
61.44
102.4
0
0
24.576
0
20.48
0
118.784
114.688
131.072
126.976
32.768
0
32.768
0
20.48
8.192
98.304
118.784
135.168
114.688
8.192
0
32.768
0
28.672
188.416
0
172.032
69.632
65.536
0
0
28.672
0
28.672
40.96
0
241.664
126.976
122.88
28.672
0
40.96
0
24.576
274.432
0
143.36
69.632
69.632
65.536
0
24.576
0
24.576
0
0
233.472
126.976
118.784
0
