0
27521
19718.1
196.608
126.976
69.632
221.184
0
53.248
1437.7
0
270.336
3518.46
270.336
999.424
155.648
122.88
118.784
22790.1
1024
180.224
57.344
110.592
147.456
6172.67
49053.7
85319.7
88481.8
60121.1
62451.7
28696.6
25706.5
7491.58
4464.64
401.408
57.344
19513.3
0
13025.3
21594.1
503.808
49.152
405.504
7434.24
19202
27082.8
11825.2
22515.7
45.056
22945.8
39604.2
126.976
51458
44503
15421.4
50966.5
45133.8
13307.9
11710.5
0
13754.4
25563.1
30273.5
3784.7
34009.1
20889.6
21221.4
26824.7
43331.6
7053.31
52326.4
12943.4
15241.2
50798.6
3698.69
24285.2
40706
475.136
4366.34
45899.8
3465.22
14180.4
524.288
8028.16
33886.2
0
16392.2
4182.02
32.768
16527.4
18182.1
24.576
331.776
90.112
14737.4
0
40.96
18714.6
102.4
14594
16330.8
4554.75
466.944
3039.23
9547.78
0
23367.7
573.44
57.344
0
13500.4
1032.19
5017.6
31789.1
466.944
0
28.672
434.176
32.768
9035.78
413.696
61.44
483.328
23515.1
3964.93
0
40.96
14184.4
10399.7
0
303.104
5373.95
450.56
0
14549
0
32.768
524.288
7004.16
0
450.56
28.672
18415.6
823.296
131.072
0
53.248
159.744
24322
0
25731.1
3117.06
42438.7
524.288
143.36
0
53.248
335.872
15659
0
126.976
0
163.84
0
397.312
0
0
45.056
0
122.88
40.96
24137.7
53.248
139.264
196.608
0
28.672
53.248
40.96
122.88
14413.8
307.2
17965.1
14364.7
507.904
0
3149.82
14573.6
270.336
25071.6
0
14409.7
22274
925.696
344.064
31178.8
36.864
196.608
23654.4
0
0
38551.6
294.912
14970.9
323.584
212.992
0
196.608
69.632
45.056
0
0
274.432
1585.15
327.68
499.712
0
241.664
77.824
49.152
0
0
81.92
1536
204.8
221.184
0
196.608
73.728
28.672
0
0
40.96
0
1888.26
258.048
0
221.184
69.632
28.672
0
0
40.96
0
1777.66
274.432
0
200.704
65.536
32.768
0
0
36.864
0
1040.38
221.184
0
61.44
57.344
32.768
0
0
131.072
81.92
1363.97
241.664
86.016
172.032
61.44
24.576
0
0
40.96
0
1355.78
335.872
122.88
217.088
61.44
32.768
0
0
40.96
0
1646.59
249.856
106.496
180.224
73.728
32.768
0
0
32.768
0
94.208
811.008
290.816
380.928
57.344
45.056
0
0
200.704
94.208
1605.63
667.648
135.168
241.664
57.344
503.808
0
0
131.072
0
1617.92
397.312
98.304
188.416
65.536
32.768
0
131.072
36.864
15364.1
286.72
442.368
15355.9
15208.4
16355.3
34820.1
16425
17063.9
27705.3
29114.4
34676.7
43368.4
22597.6
24231.9
11493.4
172.032
8679.42
24100.9
20054
401.408
0
6897.66
29138.9
0
495.616
9101.31
10948.6
35733.5
491.52
0
0
733.184
262.144
0
22650.9
3661.82
0
0
81.92
122.88
0
225.28
200.704
0
0
28.672
0
344.064
180.224
0
0
118.784
221.184
0
77.824
36.864
0
0
10346.5
22523.9
16863.2
253.952
598.016
0
270.336
73.728
73.728
991.232
389.12
4.096
0
229.376
7081.98
16973.8
266.24
57.344
0
995.328
17670.1
151.552
18485.2
479.232
15401
4968.45
122.88
9154.56
29130.8
32.768
196.608
118.784
815.104
8.192
39211
8589.31
68030.5
68866
36159.5
20697.1
13049.9
87085.1
16920.6
62881.8
15577.1
5120
29245.4
16777.2
1916.93
37851.1
33357.8
18341.9
16384
22085.6
22028.3
13951
0
28176.4
23572.5
13549.6
23474.2
28553.2
548.864
5083.14
10297.3
13873.2
0
0
16928.8
18944
348.16
430.08
1462.27
32.768
315.392
208.896
0
12222.5
12841
7786.5
180.224
8101.89
22962.2
647.168
12742.7
286.72
0
0
344.064
5017.6
13271
77.824
13602.8
851.968
16830.5
12460
0
18960.4
14413.8
4186.11
212.992
45.056
6291.46
13500.4
0
28610.6
0
8708.1
27263
42045.4
380.928
5156.86
20365.3
655.36
0
376.832
0
0
0
0
389.12
139.264
454.656
1265.66
0
581.632
0
0
0
0
2424.83
6070.27
516.096
147.456
73.728
28303.4
20271.1
21516.3
25006.1
0
25763.8
20144.1
18710.5
24891.4
24784.9
52449.3
26611.7
35901.4
29351.9
14680.1
21004.3
12124.2
13086.7
9306.11
17031.2
19865.6
34209.8
0
0
11903
1044.48
528.384
23121.9
18661.4
0
884.736
0
0
0
0
3002.37
31559.7
339.968
0
0
561.152
0
274.432
0
0
0
217.088
618.496
0
0
122.88
159.744
4.096
0
0
81.92
69.632
61.44
0
0
77.824
212.992
0
0
0
245.76
360.448
1069.06
16556
11227.1
163.84
360.448
0
0
0
131.072
602.112
1347.58
0
0
184.32
135.168
0
0
0
0
0
585.728
20.48
28979.2
1425.41
18047
536.576
0
0
167.936
143.36
802.816
507.904
0
4059.14
4292.61
770.048
0
0
98.304
180.224
872.448
159.744
11071.5
0
458.752
372.736
98.304
0
0
155.648
0
1282.05
0
0
299.008
475.136
307.2
0
0
0
0
1265.66
0
0
241.664
14442.5
430.08
0
0
13148.2
77.824
1064.96
0
0
114.688
65.536
151.552
19275.8
15212.5
0
0
22356
0
0
282.624
28962.8
462.848
0
0
23580.7
15913
77.824
0
0
49.152
10870.8
34779.1
7712.77
31703
36274.2
14147.6
23330.8
35614.7
51331.1
22962.2
51073
79917.1
27443.2
34062.3
15130.6
0
0
14991.4
26865.7
6868.99
14872.6
21299.2
33538
17174.5
16551.9
0
0
13942.8
23093.2
0
28979.2
11710.5
26488.8
39481.3
188.416
20865
757.76
7970.82
39190.5
12746.8
995.328
1351.68
0
0
0
0
315.392
9019.39
14499.8
0
393.216
380.928
0
0
0
0
36.864
1146.88
0
0
499.712
557.056
0
21008.4
10805.2
14561.3
35008.5
2383.87
34013.2
27217.9
29061.1
60166.1
45703.2
54784
35905.5
0
13561.9
983.04
23052.3
6074.37
5337.09
26509.3
5439.49
90.112
0
0
0
0
0
0
253.952
94.208
0
135.168
86.016
0
0
0
0
53.248
23482.4
94.208
0
229.376
233.472
4329.47
17526.8
12804.1
18915.3
35741.7
39325.7
274.432
0
22143
270.336
0
0
0
30527.5
1380.35
155.648
6529.02
0
0
299.008
5574.66
4218.88
8335.36
28508.2
28987.4
393.216
9203.71
36053
102.4
6356.99
0
10588.2
1409.02
1634.3
21770.2
147.456
552.96
180.224
14188.5
7819.26
897.024
17854.5
749.568
237.568
782.336
155.648
10240
15745
0
577.536
14065.7
14946.3
22274
19140.6
49.152
9084.93
1478.66
12046.3
3919.87
30552.1
10539
12386.3
6021.12
20148.2
39215.1
55840.8
26136.6
18223.1
23019.5
28729.3
17756.2
13766.7
13799.4
5935.1
9105.41
58736.6
46309.4
17858.6
12857.3
44040.2
19746.8
34766.8
17391.6
21979.1
376.832
37748.7
22270
9179.14
0
20873.2
18821.1
868.352
1355.78
6578.18
2387.97
10436.6
856.064
155.648
11055.1
22192.1
7262.21
25972.7
7819.26
41300
163.84
786.432
33894.4
14233.6
10207.2
11128.8
20336.6
35131.4
39108.6
1015.81
8568.83
33091.6
13475.8
39649.3
8048.64
32.768
0
913.408
10858.5
14905.3
14278.7
8519.68
11264
32088.1
48898
0
40374.3
5472.26
14766.1
942.08
14815.2
42938.4
23801.9
36511.7
12988.4
10346.5
12197.9
27197.4
14958.6
10285.1
15437.8
0
9822.21
1806.34
9867.26
18665.5
8527.87
17092.6
20881.4
16928.8
30285.8
19722.2
26497
28807.2
17592.3
22446.1
9273.34
14762
25288.7
18911.2
20979.7
12976.1
491.52
204.8
36917.2
20688.9
24559.6
15593.5
11595.8
9916.42
7495.68
2899.97
5677.06
9244.67
13258.8
1781.76
1093.63
1110.02
1961.98
909.312
1138.69
2191.36
950.272
729.088
1204.22
2244.61
1052.67
1081.34
1650.69
1634.3
1396.74
1843.2
1257.47
1687.55
1970.18
9850.88
26980.4
33140.7
8265.73
9330.69
8429.57
47067.1
30789.6
344.064
8978.43
6971.39
13598.7
7786.5
8830.98
35541
12865.5
13926.4
12406.8
51605.5
659.456
8302.59
9981.95
