4988.93
3080.19
3362.82
4079.62
3850.24
3002.37
4141.06
4403.2
3940.35
8142.85
5849.09
4657.15
3207.17
3194.88
2605.06
2723.84
4157.44
4075.52
3805.18
7503.87
6295.55
4472.83
4366.34
4157.44
4030.46
4517.89
5386.24
18759.7
4259.84
7487.49
6672.38
3813.38
3751.94
3837.95
3719.17
3866.62
3801.09
3715.07
4108.29
6922.24
4694.02
2494.46
1781.76
2400.26
3670.02
4444.16
4333.57
3399.68
4452.35
7774.21
5496.83
4452.35
4145.15
4685.82
4349.95
2789.38
3112.96
3096.58
2809.86
7553.02
48304.1
65654.8
77922.3
87076.9
93134.8
41349.1
4378.62
3309.57
3313.66
6967.3
4870.14
4329.47
4210.69
4378.62
4395.01
4374.53
3289.09
3919.87
3133.44
7475.2
4882.43
3305.47
2625.54
2908.16
3272.7
4071.42
4263.94
4673.54
4149.25
8048.64
5898.24
16674.8
3837.95
3473.41
3477.5
4423.68
3858.43
3698.69
4026.37
6336.51
4780.03
2412.54
2195.46
3547.14
4284.42
4190.21
3731.46
4493.31
3776.51
7745.54
6549.5
4292.61
3883.01
4259.84
4153.34
4673.54
4702.21
4194.3
3842.05
7716.86
5394.43
3768.32
3547.14
3416.06
17608.7
66437.1
48984.1
98910.2
86495.2
7585.79
6553.6
4542.46
4399.1
3985.41
3969.02
4292.61
4153.34
4608
4038.66
7188.48
5259.26
2756.61
2654.21
3436.54
4087.81
4411.39
4509.7
4268.03
4440.06
5263.36
6582.27
3526.66
3919.87
3448.83
3682.3
4231.17
3133.44
16449.5
2707.46
6541.31
4788.22
2777.09
2994.18
2789.38
4145.15
4075.52
3923.97
4608
2871.3
7602.18
5681.15
3977.22
4337.66
4562.94
3948.54
4255.74
3432.45
4440.06
4280.32
7716.86
6164.48
4272.13
4063.23
4182.02
4001.79
3194.88
3555.33
3301.38
2293.76
7618.56
40456.2
72831
67387.4
85368.8
88760.3
53813.2
4411.39
4591.62
4366.34
7700.48
5816.32
2379.78
184.32
0
16.384
90.112
155.648
90.112
0
24.576
4845.57
2465.79
0
12.288
20.48
208.896
81.92
0
24.576
73.728
4640.77
2650.11
0
36.864
172.032
126.976
0
0
65.536
184.32
4583.42
2981.89
208.896
212.992
98.304
16.384
65.536
69.632
176.128
4.096
4222.98
2908.16
167.936
81.92
557.056
28.672
69.632
180.224
0
12.288
4788.22
2469.89
73.728
0
16.384
110.592
188.416
0
0
20.48
4960.26
2392.06
0
8.192
69.632
229.376
20.48
8.192
16.384
163.84
4669.44
2473.98
0
73.728
192.512
73.728
0
16.384
159.744
81.92
4407.3
2646.02
65.536
196.608
0
45.056
36.864
159.744
86.016
4.096
4943.87
2383.87
233.472
106.496
0
69.632
217.088
81.92
0
4.096
4648.96
2732.03
0
16.384
98.304
823.296
73.728
0
8.192
114.688
4734.98
2490.37
0
16.384
163.84
114.688
0
0
65.536
167.936
4825.09
2228.22
49.152
151.552
102.4
36.864
0
86.016
167.936
24.576
4620.29
2490.37
167.936
81.92
0
65.536
86.016
212.992
24.576
20.48
4616.19
2723.84
2727.94
0
8.192
90.112
172.032
20.48
90.112
36.864
2838.53
4788.22
1564.67
1224.7
73.728
212.992
86.016
0
16.384
155.648
5013.5
2191.36
24.576
106.496
204.8
667.648
12.288
16.384
167.936
77.824
4931.58
2125.82
86.016
192.512
0
49.152
16.384
167.936
61.44
4.096
4603.9
2543.62
180.224
16.384
8.192
77.824
151.552
86.016
0
8.192
4702.21
2646.02
0
0
16.384
184.32
77.824
20.48
12.288
65.536
4870.14
2379.78
385.024
0
69.632
73.728
413.696
159.744
0
36.864
1228.8
1077.25
0
36.864
0
331.776
282.624
0
32.768
135.168
1400.83
786.432
0
0
385.024
159.744
73.728
0
151.552
360.448
1060.86
1576.96
73.728
503.808
126.976
32.768
86.016
217.088
344.064
0
1081.34
806.912
327.68
151.552
483.328
221.184
143.36
413.696
0
45.056
1011.71
1105.92
229.376
0
53.248
139.264
360.448
0
36.864
28.672
1417.22
872.448
0
36.864
135.168
421.888
0
36.864
0
331.776
1183.74
806.912
0
139.264
344.064
65.536
0
0
364.544
159.744
1064.96
802.816
143.36
368.64
0
110.592
0
323.584
159.744
0
1130.5
1187.84
344.064
45.056
0
65.536
409.6
176.128
0
0
1110.02
1277.95
0
36.864
0
1019.9
229.376
0
32.768
159.744
1347.58
786.432
0
0
360.448
159.744
65.536
0
151.552
303.104
933.888
897.024
163.84
319.488
241.664
0
0
188.416
335.872
65.536
1056.77
847.872
339.968
151.552
0
69.632
212.992
520.192
94.208
81.92
1069.06
1232.9
159.744
0
32.768
151.552
327.68
135.168
122.88
73.728
1236.99
1581.06
0
118.784
139.264
344.064
0
196.608
0
339.968
1212.42
831.488
114.688
282.624
344.064
651.264
32.768
0
389.12
135.168
1163.26
724.992
135.168
425.984
0
0
0
315.392
155.648
0
1114.11
933.888
344.064
0
36.864
0
307.2
192.512
0
0
1150.98
1126.4
0
0
0
315.392
159.744
0
32.768
118.784
1363.97
819.2
36.864
74625
67686.4
7847.94
7319.55
5857.28
7753.73
7860.22
7192.58
9580.54
8880.13
24494.1
68931.6
67657.7
76070.9
76472.3
24567.8
7446.53
7450.62
9371.65
9670.66
8126.46
7667.71
7614.46
7487.49
8159.23
7090.18
7725.06
7655.42
9818.11
8507.39
6905.86
6758.4
6967.3
6569.98
7532.54
7503.87
6971.39
7852.03
49033.2
57458.7
70852.6
81510.4
68427.8
6569.98
7847.94
7720.96
6606.85
7974.91
10149.9
8155.14
8204.29
7565.31
8495.1
11878.4
64884.7
66871.3
91414.5
67330
24510.5
8585.22
7872.51
7766.02
7983.1
10354.7
5124.1
26918.9
64557.1
68460.5
66076.7
61485.1
7864.32
7999.49
7741.44
8077.31
8228.86
7548.93
7999.49
6148.1
35127.3
72892.4
70008.8
79278.1
54923.3
6467.58
7626.75
7692.29
8171.52
7553.02
10543.1
8417.28
6651.9
7024.64
6873.09
6901.76
7639.04
7299.07
7303.17
23941.1
66740.2
56631.3
97194
66105.3
7139.33
7802.88
7770.11
7176.19
7790.59
7090.18
9572.35
9662.46
7938.05
7364.61
7725.06
7671.81
7925.76
8310.78
7835.65
6959.1
24776.7
66560
68481
85430.3
51093.5
7536.64
8355.84
7921.66
7266.3
7806.98
9306.11
9461.76
8040.45
8671.23
7479.3
7380.99
8302.59
7450.62
8237.06
7561.22
25296.9
64536.6
71360.5
91086.8
64905.2
7589.89
8097.79
8101.89
7737.34
8130.56
7053.31
8228.86
6578.18
7274.5
6238.21
6569.98
8048.64
6500.35
6488.06
5996.54
24002.6
71192.6
71819.3
94154.8
78004.2
32063.5
7446.53
7344.13
8265.73
5332.99
9895.94
8404.99
7675.9
7671.81
8355.84
7458.82
7868.42
6627.33
8302.59
7495.68
9879.55
9060.35
7630.85
7655.42
7462.91
44273.7
66596.9
71360.5
81375.2
73838.6
9949.18
9027.58
7647.23
7831.55
7471.1
7704.58
7909.38
8052.74
8069.12
8142.85
24776.7
62414.8
64401.4
2560
2711.55
3317.76
3092.48
2314.24
3211.26
3198.98
3244.03
3649.54
4022.27
3792.9
3104.77
2801.66
2248.7
2482.18
2383.87
3559.42
2924.54
3137.54
4755.46
3563.52
3559.42
3530.75
2969.6
3395.58
3235.84
3002.37
3399.68
3473.41
4366.34
3076.1
3162.11
2748.42
2879.49
3014.66
2904.06
2580.48
3223.55
3280.9
3469.31
53891.1
52088.8
73990.1
3461.12
3002.37
3670.02
2490.37
3612.67
3801.09
4460.54
2928.64
3362.82
3567.62
3559.42
2871.3
2363.39
2383.87
2957.31
2650.11
4501.5
3457.02
3506.18
3497.98
3313.66
3325.95
3694.59
3280.9
2441.22
3067.9
3551.23
3092.48
3690.5
3411.97
3280.9
3620.86
3493.89
3043.33
3334.14
3010.56
3686.4
3039.23
1945.6
2072.58
2666.5
2658.3
3383.3
3207.17
3559.42
3657.73
4354.05
2973.7
3260.42
2867.2
2605.06
2748.42
2990.08
2834.43
2920.45
3194.88
40673.3
61263.9
77778.9
30474.2
3182.59
3842.05
3186.69
3072
3096.58
3448.83
4538.37
3817.47
3301.38
2838.53
3489.79
3534.85
3653.63
3452.93
2920.45
3649.54
3817.47
3665.92
3104.77
2650.11
3293.18
3481.6
3870.72
3256.32
3010.56
3809.28
4440.06
3928.06
3436.54
3313.66
2850.82
3604.48
3563.52
3325.95
3756.03
3653.63
4067.33
2543.62
1994.75
2621.44
2973.7
3297.28
3448.83
3592.19
3788.8
3686.4
2310.14
3133.44
3080.19
2830.34
2932.74
2895.87
2928.64
44118
62066.7
70492.2
72847.4
74383.4
4739.07
2535.42
2744.32
3661.82
3039.23
3444.74
3506.18
2433.02
4177.92
3289.09
3399.68
3465.22
3465.22
3198.98
2703.36
3121.15
3522.56
3764.22
4354.05
3702.78
3411.97
3289.09
3342.34
2797.57
2596.86
2891.78
2625.54
2502.66
4329.47
3588.1
3080.19
3399.68
2846.72
3416.06
3153.92
3497.98
3555.33
3432.45
4231.17
3260.42
