1126.4
1167.36
1089.54
1187.84
1269.76
1482.75
4792.32
2269.18
1191.94
1359.87
1433.6
1204.22
1150.98
1232.9
1228.8
1626.11
4612.1
2277.38
1191.94
1413.12
1167.36
1155.07
1089.54
1196.03
1019.9
1454.08
4685.82
2060.29
1253.38
1114.11
1298.43
1155.07
1163.26
1458.18
11620.4
1564.67
4620.29
2338.82
1175.55
1056.77
1249.28
1216.51
1200.13
1191.94
1277.95
1409.02
4861.95
2207.74
1314.82
1093.63
1159.17
1179.65
1376.26
999.424
1138.69
1368.06
4820.99
2236.42
1241.09
1413.12
1241.09
1441.79
1245.18
1392.64
1376.26
1306.62
4915.2
2154.5
1343.49
1388.54
1236.99
1454.08
1368.06
1196.03
1163.26
1261.57
4730.88
2166.78
1077.25
1286.14
1212.42
1155.07
1204.22
1228.8
1216.51
1490.94
4759.55
1912.83
1003.52
958.464
1003.52
1048.58
892.928
962.56
950.272
1302.53
4362.24
1921.02
1024
987.136
1007.62
958.464
1200.13
1126.4
1130.5
1359.87
5115.9
22597.6
59228.2
31727.6
57298.9
77021.2
43290.6
1138.69
1175.55
1507.33
4694.02
2088.96
1212.42
1282.05
1224.7
1204.22
1212.42
1142.78
1540.1
1417.22
4755.46
2347.01
1339.39
1404.93
1155.07
1216.51
1204.22
1204.22
1077.25
1536
4808.7
2748.42
1286.14
1134.59
1191.94
1298.43
1228.8
1298.43
1335.3
1368.06
4763.65
2342.91
1335.3
1323.01
1310.72
1200.13
1265.66
1187.84
1204.22
1368.06
4653.06
1990.66
1183.74
1249.28
1339.39
1269.76
1458.18
1507.33
1372.16
1302.53
4763.65
1929.22
1409.02
1146.88
1081.34
1134.59
1253.38
1216.51
1105.92
1605.63
4612.1
2109.44
1191.94
1208.32
1257.47
11739.1
1175.55
1024
1011.71
1294.34
4640.77
1822.72
1191.94
1175.55
1073.15
970.752
1028.1
1019.9
970.752
1228.8
4665.34
1982.46
1019.9
1269.76
925.696
196.608
462.848
8.192
0
49.152
1568.77
5738.5
438.272
8.192
196.608
430.08
0
0
49.152
495.616
1564.67
5271.55
368.64
217.088
450.56
0
0
106.496
491.52
69.632
1269.76
5316.61
1572.86
442.368
0
0
81.92
524.288
122.88
20.48
1359.87
5234.69
1159.17
0
20.48
57.344
516.096
118.784
0
8.192
1654.78
5820.42
356.352
8.192
53.248
458.752
110.592
73.728
0
204.8
1675.26
5324.8
5533.7
5718.02
503.808
147.456
0
12.288
188.416
417.792
1261.57
5251.07
589.824
512
143.36
49.152
20.48
188.416
438.272
0
1269.76
5492.74
1040.38
147.456
0
0
188.416
372.736
20.48
24.576
1327.1
6045.7
667.648
20.48
24.576
180.224
376.832
94.208
0
61.44
1646.59
5623.81
536.576
20.48
262.144
393.216
20.48
24.576
53.248
516.096
1216.51
5623.81
356.352
241.664
397.312
73.728
40.96
57.344
487.424
122.88
1445.89
4947.97
1130.5
430.08
0
16.384
53.248
475.136
122.88
20.48
1261.57
5664.77
1224.7
0
24.576
53.248
491.52
143.36
0
0
1662.98
5726.21
1454.08
0
49.152
471.04
126.976
0
20.48
192.512
1478.66
5586.94
532.48
49.152
512
114.688
0
0
172.032
401.408
1089.54
5627.9
421.888
495.616
122.88
16.384
0
331.776
401.408
0
1265.66
5545.98
827.392
114.688
0
8.192
200.704
458.752
0
0
1155.07
5623.81
1028.1
0
0
204.8
434.176
0
0
49.152
1568.77
5754.88
352.256
24.576
237.568
401.408
0
0
73.728
495.616
1384.45
5513.22
5693.44
6262.78
397.312
0
36.864
90.112
81.92
0
8.192
1355.78
2048
40.96
8.192
36.864
81.92
0
0
36.864
151.552
671.744
2043.9
4.096
32.768
86.016
110.592
0
8.192
90.112
16.384
585.728
2056.19
245.76
81.92
0
0
57.344
102.4
24.576
0
503.808
2207.74
114.688
0
0
45.056
94.208
61.44
0
8.192
487.424
2244.61
4.096
8.192
8.192
86.016
20.48
36.864
0
36.864
528.384
2117.63
32.768
36.864
94.208
40.96
0
8.192
65.536
73.728
573.44
1904.64
172.032
94.208
20.48
8.192
45.056
65.536
106.496
0
561.152
2015.23
147.456
28.672
0
16.384
65.536
94.208
20.48
24.576
487.424
2215.94
221.184
16.384
8.192
36.864
69.632
0
28.672
8.192
704.512
2023.42
45.056
20.48
57.344
69.632
225.28
69.632
8.192
94.208
610.304
1961.98
69.632
40.96
77.824
16.384
40.96
249.856
90.112
20.48
573.44
1880.06
237.568
81.92
0
16.384
4.096
184.32
20.48
0
561.152
1994.75
106.496
0
8.192
8.192
90.112
102.4
0
0
614.4
2052.1
1843.2
0
8.192
94.208
20.48
131.072
0
36.864
757.76
1896.45
270.336
36.864
94.208
20.48
0
24.576
32.768
102.4
626.688
2015.23
45.056
94.208
24.576
0
0
77.824
86.016
0
491.52
2080.77
139.264
20.48
0
40.96
36.864
126.976
0
0
503.808
2125.82
110.592
16.384
0
36.864
81.92
28.672
0
8.192
737.28
1921.02
61.44
8.192
45.056
69.632
40.96
0
61.44
94.208
614.4
1945.6
69.632
36.864
81.92
0
3514.37
4104.19
3518.46
3756.03
3911.68
5816.32
6107.14
3661.82
3751.94
3780.61
3776.51
3866.62
3891.2
3485.7
3710.98
5955.58
5664.77
3584
3928.06
3866.62
4521.98
3522.56
3665.92
2973.7
3244.03
6029.31
5607.42
9285.63
8638.46
3874.82
3555.33
3489.79
3858.43
3977.22
3985.41
6156.29
6029.31
3620.86
3887.1
3817.47
4022.27
3256.32
3575.81
4124.67
4046.85
5517.31
6123.52
3702.78
3674.11
3772.42
4210.69
3473.41
3272.7
4108.29
14823.4
34861.1
39055.4
36364.3
42913.8
48693.2
52252.7
59732
63143.9
36835.3
30326.8
45133.8
46944.3
42520.6
36786.2
31969.3
3948.54
3977.22
3739.65
4251.65
3391.49
6008.83
5881.86
3768.32
3575.81
3895.3
3960.83
3334.14
3887.1
3919.87
3964.93
6004.74
5595.14
3411.97
3346.43
3866.62
3784.7
3637.25
3330.05
3502.08
3477.5
5361.66
5902.34
4112.38
3792.9
3854.34
3424.26
3989.5
3801.09
3813.38
4079.62
5431.3
5775.36
3780.61
3891.2
3661.82
3821.57
4288.51
3616.77
3817.47
3383.3
5341.18
5955.58
3682.3
4067.33
3686.4
3719.17
35057.7
47517.7
39223.3
41447.4
57081.9
51974.1
48885.8
9293.82
3371.01
3780.61
3895.3
3858.43
3887.1
3788.8
5607.42
20197.4
27373.6
37118
31039.5
29102.1
46297.1
48091.1
40640.5
38621.2
38154.2
26390.5
3641.34
3952.64
3751.94
3809.28
4288.51
3375.1
3940.35
4132.86
5808.13
5980.16
4206.59
10674.2
43085.8
45236.2
45285.4
51396.6
40149
15749.1
5337.09
6377.47
3907.58
3596.29
3809.28
3678.21
3727.36
3915.78
3878.91
4014.08
5689.34
5873.66
3751.94
3821.57
3829.76
3854.34
3698.69
3485.7
3641.34
3342.34
5959.68
27471.9
47018
43008
36376.6
59387.9
53002.2
52617.2
33628.2
4104.19
5836.8
6144
4112.38
3502.08
3526.66
3215.36
1417.22
1396.74
1499.14
1441.79
1601.54
1650.69
2473.98
1613.82
2052.1
1622.02
1654.78
1556.48
1482.75
1495.04
1523.71
1757.18
2252.8
1744.9
2146.3
1576.96
1613.82
1581.06
1286.14
1585.15
1040.38
1826.82
2265.09
1576.96
1441.79
1617.92
1519.62
1478.66
1523.71
1531.9
1597.44
1785.86
2306.05
1888.26
1581.06
1490.94
1531.9
1536
1302.53
1589.25
1638.4
1617.92
2408.45
1789.95
1720.32
1478.66
1421.31
1474.56
1708.03
1466.37
1462.27
1536
2228.22
1593.34
1572.86
1404.93
1572.86
1417.22
1384.45
1380.35
1470.46
1667.07
2236.42
1585.15
1757.18
1507.33
1597.44
1855.49
1544.19
1548.29
1622.02
1458.18
2383.87
1916.93
1622.02
1527.81
1597.44
1368.06
1421.31
1695.74
1773.57
1658.88
8671.23
20365.3
23990.3
23605.2
24821.8
7843.84
16994.3
21278.7
27959.3
25448.4
32587.8
22732.8
20643.8
19681.3
21893.1
26193.9
1798.14
1507.33
1511.42
1761.28
2215.94
1531.9
1503.23
1548.29
1654.78
1818.62
1417.22
1490.94
1556.48
1617.92
2297.86
1495.04
1818.62
1527.81
1724.42
1404.93
1384.45
1593.34
1585.15
1601.54
2519.04
1703.94
1548.29
1462.27
1462.27
1433.6
1449.98
1548.29
1527.81
1597.44
2486.27
1638.4
1466.37
1454.08
1441.79
1433.6
1388.54
1527.81
1409.02
1548.29
2281.47
1703.94
1626.11
1470.46
1568.77
1712.13
1454.08
1409.02
1638.4
1646.59
2301.95
1695.74
1544.19
1495.04
1478.66
1478.66
1585.15
1564.67
1511.42
1548.29
2449.41
1691.65
1552.38
1470.46
1523.71
1503.23
1544.19
1581.06
1585.15
1576.96
2400.26
1662.98
1552.38
1617.92
1576.96
1605.63
1306.62
12210.2
28348.4
30195.7
35274.8
30912.5
7233.54
1568.77
13840.4
9822.21
18251.8
22921.2
14311.4
18583.6
13168.6
16416.8
16056.3
33185.8
22298.6
