811.008
3366.91
1372.16
143.36
28.672
0
53.248
28.672
81.92
8.192
684.032
3317.76
962.56
53.248
0
0
77.824
131.072
122.88
0
749.568
3452.93
774.144
196.608
0
36.864
94.208
0
61.44
0
835.584
3284.99
811.008
196.608
49.152
135.168
0
0
0
126.976
790.528
3346.43
741.376
241.664
102.4
0
69.632
0
86.016
483.328
753.664
3137.54
917.504
233.472
0
8.192
0
126.976
53.248
0
753.664
3350.53
790.528
61.44
57.344
0
77.824
36.864
0
73.728
782.336
3321.86
765.952
90.112
20.48
86.016
32.768
0
61.44
45.056
860.16
3231.74
794.624
57.344
131.072
32.768
0
0
69.632
102.4
757.76
3354.62
729.088
299.008
32.768
0
81.92
40.96
73.728
8.192
794.624
3256.32
880.64
69.632
0
12.288
32.768
139.264
4.096
0
778.24
3391.49
724.992
196.608
49.152
32.768
86.016
8.192
53.248
0
835.584
3387.39
679.936
106.496
36.864
151.552
0
0
32.768
73.728
790.528
3313.66
753.664
61.44
86.016
0
8.192
0
139.264
32.768
741.376
3248.13
827.392
106.496
0
40.96
0
94.208
45.056
0
745.472
3256.32
942.08
28.672
0
0
126.976
36.864
0
0
798.72
3432.45
757.76
28.672
65.536
77.824
45.056
0
24.576
32.768
827.392
3235.84
819.2
16.384
241.664
32.768
0
73.728
32.768
159.744
819.2
4288.51
5070.85
102.4
32.768
16.384
0
32.768
118.784
20.48
745.472
3305.47
794.624
86.016
0
40.96
61.44
81.92
0
0
749.568
483.328
4747.26
2105.34
651.264
385.024
0
8.192
53.248
462.848
139.264
376.832
4599.81
2408.45
454.656
0
0
90.112
532.48
94.208
0
184.32
5074.94
2613.25
192.512
0
90.112
503.808
114.688
0
8.192
434.176
5033.98
2277.38
20.48
118.784
479.232
98.304
0
0
253.952
770.048
4366.34
2371.58
303.104
540.672
118.784
20.48
8.192
270.336
1298.43
204.8
4599.81
2371.58
733.184
172.032
16.384
0
249.856
376.832
0
86.016
4931.58
2797.57
131.072
20.48
8.192
274.432
385.024
0
24.576
331.776
4882.43
2457.6
188.416
28.672
299.008
389.12
0
106.496
53.248
724.992
4878.34
2101.25
163.84
303.104
364.544
0
0
45.056
462.848
479.232
4599.81
2138.11
286.72
339.968
0
8.192
49.152
503.808
94.208
262.144
4681.73
2482.18
397.312
0
20.48
86.016
524.288
94.208
0
172.032
5070.85
2568.19
5140.48
13086.7
106.496
512
147.456
0
8.192
372.736
5431.3
2121.73
0
61.44
499.712
118.784
0
0
237.568
745.472
4591.62
2121.73
69.632
491.52
118.784
49.152
0
249.856
385.024
356.352
4239.36
2416.64
667.648
98.304
0
90.112
249.856
524.288
24.576
172.032
4829.18
2605.06
122.88
0
0
241.664
417.792
0
0
241.664
4923.39
2596.86
20.48
0
299.008
364.544
0
12.288
49.152
675.84
4890.62
2990.08
16465.9
1531.9
356.352
0
8.192
73.728
544.768
274.432
4829.18
2224.13
303.104
483.328
20.48
0
49.152
475.136
135.168
356.352
4567.04
2420.74
413.696
0
8.192
61.44
483.328
126.976
0
180.224
1744.9
1277.95
180.224
81.92
0
8.192
0
110.592
40.96
12.288
1380.35
1298.43
172.032
0
0
249.856
114.688
77.824
20.48
0
1298.43
1388.54
90.112
0
0
86.016
36.864
61.44
12.288
32.768
1982.46
1056.77
110.592
12.288
102.4
98.304
0
45.056
28.672
98.304
1298.43
1286.14
49.152
86.016
40.96
20.48
8.192
122.88
90.112
442.368
1200.13
1273.86
184.32
61.44
0
0
32.768
147.456
0
0
1433.6
1404.93
73.728
20.48
8.192
28.672
86.016
86.016
8.192
20.48
1298.43
1310.72
143.36
28.672
36.864
86.016
0
45.056
278.528
126.976
1314.82
1769.47
94.208
32.768
90.112
0
0
32.768
81.92
159.744
1277.95
1232.9
151.552
77.824
0
8.192
0
118.784
32.768
286.72
1224.7
1417.22
118.784
0
36.864
0
94.208
69.632
0
0
1429.5
1179.65
94.208
12.288
0
86.016
40.96
32.768
28.672
32.768
1650.69
1126.4
106.496
0
90.112
53.248
372.736
73.728
32.768
77.824
1335.3
1224.7
36.864
86.016
32.768
8.192
0
237.568
81.92
0
1232.9
1232.9
163.84
32.768
0
8.192
32.768
167.936
0
0
1359.87
1298.43
65.536
0
0
36.864
90.112
86.016
0
24.576
1470.46
1097.73
200.704
0
77.824
102.4
0
53.248
0
106.496
1257.47
1286.14
159.744
28.672
81.92
0
8.192
32.768
102.4
286.72
1462.27
1253.38
147.456
81.92
16.384
0
0
122.88
53.248
0
1392.64
1212.42
139.264
16.384
8.192
45.056
102.4
81.92
0
0
1466.37
462.848
3473.41
872.448
159.744
53.248
0
8.192
200.704
102.4
24.576
421.888
3416.06
950.272
90.112
73.728
0
20.48
90.112
20.48
0
454.656
3375.1
1155.07
8.192
0
24.576
163.84
12.288
8.192
0
495.616
3428.35
929.792
32.768
40.96
81.92
12.288
69.632
0
57.344
585.728
3313.66
925.696
28.672
143.36
16.384
8.192
12.288
57.344
524.288
413.696
3420.16
1110.02
131.072
65.536
12.288
0
139.264
73.728
0
294.912
3571.71
1089.54
16.384
4.096
0
102.4
229.376
0
12.288
442.368
3518.46
901.12
40.96
0
61.44
102.4
0
8.192
28.672
507.904
3469.31
864.256
32.768
57.344
65.536
81.92
8.192
16.384
77.824
466.944
3366.91
1032.19
94.208
53.248
0
8.192
73.728
86.016
8.192
462.848
3158.02
1187.84
118.784
0
8.192
24.576
94.208
36.864
0
450.56
3485.7
962.56
819.2
8.192
20.48
86.016
458.752
77.824
8.192
540.672
3489.79
905.216
32.768
110.592
73.728
28.672
126.976
73.728
61.44
479.232
3420.16
937.984
69.632
77.824
16.384
8.192
0
77.824
57.344
417.792
3403.78
925.696
155.648
12.288
8.192
0
77.824
69.632
32.768
425.984
3436.54
1142.78
45.056
0
0
114.688
319.488
0
0
372.736
3547.14
974.848
61.44
0
57.344
106.496
16.384
4.096
20.48
368.64
3575.81
897.024
32.768
53.248
57.344
73.728
12.288
24.576
81.92
462.848
3432.45
921.6
90.112
53.248
0
0
61.44
81.92
8.192
446.464
3358.72
987.136
90.112
0
8.192
32.768
159.744
20.48
0
454.656
409.6
794.624
126.976
69.632
24.576
0
32.768
0
0
0
454.656
856.064
126.976
53.248
24.576
274.432
282.624
32.768
8.192
0
315.392
876.544
290.816
49.152
24.576
0
53.248
0
32.768
0
286.72
991.232
200.704
98.304
32.768
20.48
0
0
16.384
16.384
319.488
978.944
233.472
32.768
77.824
0
163.84
0
0
139.264
282.624
913.408
61.44
217.088
24.576
0
49.152
69.632
98.304
0
319.488
827.392
180.224
40.96
196.608
0
0
0
32.768
155.648
290.816
856.064
94.208
294.912
172.032
0
0
0
122.88
36.864
520.192
851.968
151.552
53.248
110.592
0
0
0
0
20.48
602.112
950.272
61.44
65.536
24.576
90.112
49.152
0
0
8.192
368.64
835.584
229.376
61.44
24.576
0
40.96
32.768
0
0
290.816
880.64
57.344
65.536
69.632
0
0
45.056
36.864
0
323.584
892.928
61.44
110.592
24.576
24.576
0
0
12.288
0
331.776
790.528
192.512
36.864
24.576
36.864
0
0
16.384
0
282.624
876.544
61.44
86.016
24.576
40.96
0
0
0
20.48
323.584
794.624
180.224
32.768
24.576
36.864
32.768
0
0
0
425.984
901.12
307.2
81.92
24.576
8.192
40.96
0
32.768
0
327.68
856.064
339.968
110.592
24.576
0
0
16.384
16.384
122.88
286.72
925.696
266.24
61.44
61.44
122.88
0
0
16.384
147.456
290.816
851.968
94.208
180.224
24.576
53.248
192.512
0
0
0
327.68
