0
258.048
282.624
0
307.2
274.432
0
0
32.768
0
0
262.144
311.296
0
299.008
278.528
0
0
475.136
0
0
135.168
151.552
24.576
204.8
200.704
0
0
32.768
0
0
241.664
491.52
0
0
561.152
0
0
749.568
0
0
167.936
155.648
0
0
421.888
0
0
532.48
0
0
131.072
151.552
0
0
372.736
0
0
24.576
0
0
249.856
303.104
0
0
557.056
0
0
28.672
0
0
262.144
311.296
0
0
581.632
0
0
487.424
0
0
139.264
147.456
28.672
0
430.08
0
0
45.056
0
0
253.952
294.912
0
0
544.768
0
0
45.056
0
0
245.76
315.392
4.096
0
581.632
0
0
516.096
0
0
139.264
151.552
8.192
0
442.368
0
0
53.248
0
0
253.952
323.584
4.096
0
573.44
0
0
40.96
0
0
245.76
307.2
4.096
0
573.44
0
0
479.232
0
0
131.072
167.936
0
0
622.592
0
0
28.672
0
0
266.24
24.576
319.488
0
589.824
0
0
135.168
0
0
0
282.624
282.624
0
585.728
0
0
483.328
0
0
0
172.032
139.264
0
438.272
0
0
28.672
0
0
0
315.392
294.912
0
319.488
249.856
0
102.4
0
0
0
262.144
913.408
0
159.744
90.112
0
28.672
0
0
0
0
0
0
20.48
0
659.456
16.384
0
798.72
61.44
0
0
0
626.688
0
221.184
16.384
0
294.912
0
0
0
0
20.48
0
614.4
32.768
0
815.104
0
0
0
0
20.48
0
495.616
16.384
0
552.96
0
0
0
0
778.24
0
114.688
114.688
0
327.68
0
0
0
0
716.8
0
90.112
102.4
0
147.456
147.456
0
0
139.264
16.384
0
315.392
397.312
0
0
258.048
0
0
299.008
16.384
0
294.912
368.64
0
0
266.24
0
0
307.2
606.208
0
106.496
143.36
0
40.96
151.552
0
0
286.72
81.92
0
303.104
360.448
0
0
237.568
0
0
249.856
647.168
0
110.592
126.976
0
0
151.552
0
0
258.048
20.48
0
294.912
364.544
0
0
266.24
0
0
307.2
876.544
0
118.784
122.88
0
0
147.456
0
0
241.664
16.384
0
290.816
360.448
0
552.96
57.344
0
0
319.488
16.384
0
212.992
282.624
0
552.96
57.344
0
0
135.168
16.384
0
225.28
278.528
0
0
253.952
0
0
299.008
16.384
0
0
663.552
0
0
266.24
0
0
294.912
16.384
0
0
647.168
0
552.96
73.728
0
0
135.168
61.44
0
0
540.672
0
8.192
249.856
0
0
278.528
20.48
0
0
614.4
0
724.992
98.304
0
266.24
0
729.088
24.576
0
110.592
24.576
180.224
0
0
237.568
0
323.584
94.208
0
266.24
28.672
319.488
0
0
270.336
0
315.392
24.576
0
237.568
24.576
753.664
0
0
131.072
0
196.608
24.576
0
229.376
24.576
303.104
0
0
286.72
0
352.256
24.576
0
262.144
24.576
319.488
0
0
274.432
0
315.392
24.576
0
241.664
24.576
540.672
77.824
0
126.976
0
241.664
24.576
0
221.184
24.576
0
311.296
0
0
479.232
352.256
28.672
0
270.336
24.576
0
303.104
0
0
270.336
700.416
24.576
0
122.88
40.96
618.496
77.824
0
0
114.688
176.128
24.576
0
200.704
24.576
0
299.008
0
0
278.528
307.2
24.576
0
278.528
24.576
0
315.392
0
0
270.336
307.2
28.672
0
0
274.432
569.344
81.92
0
0
118.784
262.144
24.576
0
0
266.24
0
323.584
0
0
278.528
327.68
28.672
0
0
294.912
0
315.392
0
0
286.72
659.456
24.576
0
0
135.168
0
196.608
0
0
258.048
339.968
24.576
0
0
294.912
0
315.392
0
0
278.528
24.576
323.584
0
0
294.912
0
311.296
0
0
282.624
618.496
69.632
0
0
151.552
36.864
192.512
0
0
237.568
675.84
94.208
0
0
151.552
421.888
98.304
0
0
114.688
24.576
176.128
0
0
229.376
0
0
274.432
0
45.056
24.576
262.144
0
315.392
274.432
0
0
294.912
0
57.344
20.48
266.24
0
319.488
270.336
0
0
315.392
0
790.528
20.48
61.44
0
122.88
172.032
0
0
233.472
0
40.96
20.48
245.76
0
327.68
274.432
0
0
315.392
0
36.864
20.48
253.952
0
311.296
8.192
278.528
0
303.104
0
593.92
28.672
53.248
0
122.88
0
139.264
0
237.568
0
53.248
24.576
245.76
0
299.008
8.192
282.624
0
323.584
0
40.96
20.48
253.952
0
294.912
0
262.144
0
311.296
0
569.344
20.48
61.44
0
139.264
8.192
159.744
0
266.24
0
57.344
20.48
438.272
0
294.912
0
249.856
0
294.912
0
24.576
20.48
253.952
0
299.008
544.768
131.072
0
114.688
0
20.48
20.48
167.936
0
266.24
0
270.336
0
319.488
0
20.48
20.48
266.24
0
294.912
0
270.336
0
303.104
0
24.576
20.48
253.952
0
0
299.008
581.632
0
118.784
0
24.576
98.304
176.128
0
0
262.144
282.624
0
311.296
0
28.672
638.976
61.44
0
0
139.264
167.936
0
237.568
0
20.48
20.48
253.952
0
0
290.816
270.336
0
20.48
286.72
24.576
20.48
253.952
0
0
286.72
266.24
0
20.48
303.104
20.48
577.536
73.728
0
0
139.264
225.28
0
20.48
217.088
20.48
24.576
237.568
0
0
278.528
253.952
0
24.576
270.336
0
0
0
286.72
303.104
0
20.48
282.624
299.008
0
61.44
753.664
0
102.4
110.592
0
106.496
180.224
241.664
0
0
561.152
0
122.88
110.592
0
32.768
155.648
212.992
0
0
585.728
0
110.592
106.496
0
20.48
176.128
245.76
0
0
0
0
290.816
290.816
0
20.48
278.528
307.2
0
0
0
0
274.432
307.2
0
20.48
258.048
282.624
0
0
524.288
0
106.496
114.688
0
53.248
176.128
249.856
0
0
8.192
0
282.624
307.2
0
24.576
278.528
315.392
0
0
577.536
0
126.976
114.688
0
20.48
184.32
249.856
0
0
0
0
262.144
282.624
0
20.48
270.336
307.2
0
0
0
0
278.528
307.2
0
20.48
274.432
294.912
0
0
499.712
0
110.592
110.592
0
65.536
192.512
20.48
208.896
0
561.152
0
98.304
118.784
0
36.864
176.128
20.48
221.184
0
0
0
274.432
278.528
0
20.48
0
274.432
270.336
0
0
0
270.336
282.624
0
532.48
0
122.88
90.112
0
0
0
217.088
0
237.568
20.48
0
286.72
266.24
0
0
0
266.24
0
294.912
20.48
0
294.912
282.624
0
544.768
0
122.88
0
131.072
20.48
0
200.704
212.992
0
0
0
483.328
0
299.008
20.48
0
290.816
282.624
0
0
0
258.048
0
278.528
24.576
0
270.336
249.856
0
