2797.57
2449.41
2519.04
2809.86
2576.38
4317.18
5021.7
3424.26
3092.48
3428.35
3497.98
3264.51
3264.51
3366.91
3538.94
5955.58
5136.38
3420.16
3358.72
3411.97
2592.77
2764.8
2809.86
2596.86
1540.1
5636.1
4866.05
3657.73
3690.5
3497.98
3477.5
3698.69
3469.31
3612.67
5644.29
9117.7
16912.4
3055.62
2957.31
2850.82
3018.75
2568.19
2498.56
2514.94
3043.33
5296.13
4493.31
2592.77
2899.97
2523.14
2715.65
3424.26
3653.63
3461.12
3309.57
6053.89
4907.01
3686.4
3690.5
3469.31
3428.35
3469.31
3571.71
3461.12
3702.78
5365.76
3629.06
2498.56
1970.18
2535.42
1564.67
2125.82
2572.29
2748.42
3268.61
6135.81
4820.99
3588.1
3420.16
2048
3293.18
3514.37
3473.41
3465.22
3411.97
6172.67
4988.93
3346.43
4706.3
5771.26
48169
56426.5
32698.4
72613.9
78319.6
46194.7
12087.3
3485.7
3670.02
3612.67
3129.34
3215.36
2703.36
3014.66
2973.7
5521.41
3936.26
2965.5
3624.96
3854.34
3428.35
3575.81
3309.57
3129.34
3141.63
4440.06
4374.53
2662.4
2723.84
3530.75
3518.46
3694.59
3477.5
3555.33
3579.9
6258.69
5120
3293.18
3293.18
3452.93
2625.54
2580.48
2576.38
1335.3
2150.4
5177.34
5079.04
3629.06
3432.45
3547.14
3768.32
3481.6
29044.7
72265.7
34943
18411.5
4988.93
3801.09
3399.68
3305.47
3436.54
3457.02
3489.79
3616.77
3465.22
5951.49
5148.67
3182.59
2756.61
2744.32
2740.22
2711.55
2805.76
2400.26
2420.74
5148.67
4141.06
2547.71
2838.53
3063.81
3358.72
3739.65
3719.17
3227.65
2859.01
5554.18
4382.72
2727.94
2445.31
3452.93
3395.58
3334.14
3612.67
3686.4
3592.19
6275.07
5136.38
3522.56
3428.35
3313.66
3653.63
3612.67
2732.03
2904.06
3067.9
6127.62
5185.54
54050.8
52383.7
35209.2
91070.5
360.448
57.344
0
118.784
3645.44
4546.56
16.384
176.128
315.392
352.256
0
20.48
131.072
495.616
3047.42
4030.46
0
311.296
405.504
0
24.576
122.88
466.944
90.112
2985.98
4005.89
335.872
360.448
49.152
0
147.456
475.136
90.112
0
3137.54
4190.21
372.736
0
0
122.88
479.232
73.728
8.192
0
3559.42
9199.62
14655.5
102.4
151.552
405.504
77.824
8.192
0
319.488
3497.98
3878.91
0
172.032
503.808
69.632
16.384
0
299.008
430.08
2973.7
3928.06
274.432
622.592
69.632
0
0
507.904
327.68
176.128
3530.75
4026.37
503.808
98.304
40.96
0
409.6
331.776
16.384
24.576
3190.78
4399.1
86.016
0
0
323.584
376.832
0
20.48
180.224
3645.44
3932.16
20.48
20.48
397.312
376.832
16.384
20.48
139.264
499.712
3280.9
3899.39
16.384
360.448
393.216
0
8.192
126.976
438.272
73.728
3080.19
3915.78
335.872
385.024
0
0
163.84
499.712
77.824
16.384
3149.82
4222.98
376.832
167.936
98.304
135.168
479.232
94.208
28.672
0
3465.22
4182.02
98.304
8.192
180.224
483.328
65.536
0
0
294.912
3534.85
3883.01
0
147.456
421.888
94.208
0
0
315.392
405.504
3133.44
3686.4
221.184
417.792
65.536
106.496
0
319.488
372.736
90.112
3244.03
4706.3
487.424
94.208
0
20.48
327.68
372.736
0
8.192
3100.67
4530.18
90.112
8.192
24.576
352.256
364.544
0
0
135.168
3645.44
4005.89
0
131.072
409.6
335.872
0
8.192
147.456
450.56
3215.36
3854.34
0
331.776
483.328
0
0
40.96
98.304
0
122.88
1597.44
1404.93
49.152
180.224
94.208
36.864
0
0
32.768
184.32
1245.18
1298.43
94.208
73.728
65.536
0
8.192
86.016
106.496
0
1355.78
1163.26
176.128
40.96
0
16.384
61.44
147.456
0
0
1347.58
1310.72
69.632
0
0
36.864
122.88
49.152
8.192
0
1474.56
1200.13
45.056
20.48
36.864
77.824
28.672
53.248
0
86.016
1380.35
1249.28
90.112
57.344
94.208
0
0
135.168
77.824
36.864
1232.9
1622.02
69.632
266.24
0
0
90.112
94.208
90.112
208.896
1425.41
1286.14
204.8
53.248
8.192
0
122.88
53.248
81.92
8.192
1417.22
1277.95
65.536
8.192
8.192
94.208
40.96
32.768
16.384
90.112
1433.6
1236.99
53.248
24.576
98.304
36.864
20.48
69.632
32.768
151.552
1208.32
1335.3
69.632
106.496
65.536
0
8.192
86.016
81.92
0
1368.06
1236.99
118.784
45.056
0
0
77.824
147.456
0
16.384
1351.68
1265.66
102.4
188.416
0
36.864
155.648
12.288
40.96
36.864
1499.14
1171.46
90.112
8.192
36.864
90.112
40.96
45.056
0
94.208
1376.26
1187.84
90.112
36.864
81.92
0
0
98.304
94.208
77.824
1277.95
1249.28
118.784
81.92
0
24.576
0
118.784
86.016
8.192
1081.34
1495.04
167.936
0
0
0
81.92
73.728
45.056
8.192
1380.35
1298.43
61.44
8.192
0
86.016
40.96
32.768
0
86.016
1441.79
1236.99
65.536
176.128
86.016
36.864
0
8.192
40.96
176.128
1359.87
1159.17
90.112
94.208
73.728
16.384
0
5283.84
41062.4
51900.4
62754.8
76345.3
6873.09
6946.82
6328.32
6246.4
6680.58
6676.48
6512.64
6938.62
6737.92
6942.72
9048.06
7417.86
6594.56
7053.31
30625.8
61980.7
46075.9
72114.2
58642.4
39641.1
68042.8
7962.62
6909.95
6856.7
6885.38
6668.29
6860.8
6807.55
7094.27
6828.03
9744.38
7815.17
6955.01
6561.79
7077.89
6717.44
6344.7
6729.73
6451.2
34353.2
59641.9
49537
79089.7
63213.6
16121.9
6328.32
6844.42
6819.84
6926.34
6696.96
9609.22
7380.99
6955.01
7151.62
6676.48
7155.71
6987.78
6815.74
6922.24
8065.02
60461.1
54304.8
55107.6
63885.3
58478.6
80908.3
63787
67825.7
58351.6
6803.46
9269.25
7208.96
6774.78
7098.37
3756.03
6848.51
6721.54
6881.28
6426.62
6823.94
9494.53
6811.65
21405.7
61710.3
61521.9
65429.5
63340.5
56582.1
67555.3
7053.31
9728
7712.77
6766.59
7049.22
6574.08
6639.62
6684.67
6238.21
6803.46
6680.58
9310.21
7208.96
6987.78
6926.34
6995.97
6733.82
6815.74
22683.6
51974.1
56938.5
46932
77914.1
60370.9
64585.7
15093.8
6967.3
6606.85
6918.14
6926.34
6938.62
9670.66
7311.36
6467.58
6844.42
6852.61
54190.1
50614.3
62394.4
45776.9
64491.5
59805.7
7561.22
6787.07
6823.94
7094.27
6791.17
6537.22
6561.79
7053.31
7229.44
9760.77
7213.06
7016.45
6684.67
6766.59
6766.59
7028.74
7012.35
6438.91
7180.29
9543.68
7168
23949.3
52310
56324.1
57933.8
77381.6
60211.2
66457.6
22196.2
8802.3
6905.86
5636.1
6397.95
6516.74
6778.88
6868.99
6885.38
30371.8
60567.6
48463.9
70676.5
73949.2
55095.3
6922.24
6692.86
6643.71
6852.61
6905.86
6877.18
9515.01
7704.58
7004.16
7139.33
6438.91
6864.9
6746.11
6696.96
6922.24
6864.9
9564.16
7335.94
6766.59
6766.59
6836.22
6815.74
3407.87
2756.61
3010.56
3211.26
3014.66
3653.63
4165.63
4481.02
3883.01
4067.33
4177.92
4096
4169.73
4112.38
4337.66
4542.46
4288.51
4071.42
4071.42
3661.82
3117.06
3170.3
3026.94
2813.95
2146.3
4165.63
4321.28
4304.9
4349.95
4182.02
4177.92
4149.25
4337.66
4214.78
4071.42
4935.68
4268.03
5337.09
26640.4
61902.8
46919.7
69541.9
66666.5
62697.5
3661.82
3825.66
3506.18
3178.5
3416.06
2625.54
4120.58
4186.11
4231.17
4268.03
4018.18
14024.7
4587.52
4390.91
4276.22
4108.29
4255.74
4194.3
4153.34
4046.85
4243.46
3985.41
1974.27
2760.7
2396.16
2822.14
1744.9
2818.05
2912.26
3346.43
4763.65
4558.85
4202.5
4005.89
4177.92
2326.53
4243.46
4149.25
4145.15
4194.3
4173.82
4866.05
3944.45
3805.18
3506.18
3227.65
2928.64
3485.7
3649.54
3354.62
4194.3
4927.49
4345.86
4304.9
4521.98
3964.93
4423.68
26349.6
54063.1
49287.2
53936.1
69656.6
67002.4
32346.1
4182.02
4444.16
4210.69
4296.7
3891.2
3375.1
3686.4
3010.56
3207.17
3088.38
3399.68
4386.82
4194.3
4149.25
4177.92
4288.51
4288.51
4980.74
4227.07
4235.26
4304.9
4198.4
2818.05
3407.87
2920.45
1945.6
2875.39
3928.06
4435.97
4280.32
4177.92
4272.13
4419.58
4055.04
3923.97
4050.94
4296.7
4788.22
4300.8
4366.34
4096
4149.25
4128.77
4222.98
4206.59
4186.11
4145.15
4784.13
4046.85
3772.42
3096.58
3428.35
3293.18
3153.92
3092.48
53567.5
55697.4
54333.4
77688.8
43487.2
27131.9
3989.5
4108.29
4100.1
4304.9
3825.66
3264.51
3964.93
3035.14
3325.95
3268.61
4173.82
3936.26
4128.77
4317.18
4128.77
4395.01
4763.65
4403.2
4276.22
4149.25
3854.34
4136.96
16105.5
60784.6
60702.7
26042.4
4886.53
4304.9
4489.22
4063.23
4227.07
4063.23
