307.2
0
0
0
782.336
12.288
409.6
0
376.832
0
421.888
0
0
1052.67
180.224
12.288
12.288
0
192.512
0
311.296
0
0
1179.65
192.512
12.288
24.576
0
217.088
0
311.296
0
0
0
860.16
12.288
28.672
0
1028.1
0
122.88
0
0
0
528.384
28.672
12.288
0
405.504
0
438.272
0
0
999.424
151.552
12.288
28.672
0
184.32
0
311.296
0
0
1019.9
159.744
12.288
28.672
0
212.992
0
327.68
0
0
999.424
86.016
102.4
24.576
0
212.992
0
0
331.776
0
1208.32
94.208
98.304
28.672
0
212.992
0
0
311.296
0
0
335.872
417.792
16.384
0
368.64
0
0
430.08
0
0
385.024
438.272
24.576
155.648
995.328
0
0
131.072
0
0
0
327.68
28.672
356.352
397.312
0
0
405.504
0
0
0
409.6
12.288
335.872
352.256
0
0
434.176
0
880.64
0
135.168
24.576
0
360.448
0
0
323.584
0
0
0
462.848
24.576
0
1335.3
0
0
118.784
0
0
0
294.912
24.576
0
339.968
393.216
0
466.944
0
770.048
0
163.84
24.576
0
176.128
221.184
0
352.256
0
0
0
458.752
12.288
0
1208.32
77.824
0
143.36
0
0
0
311.296
12.288
0
327.68
380.928
0
483.328
0
860.16
0
163.84
12.288
0
192.512
221.184
0
401.408
0
0
0
811.008
0
364.544
49.152
0
0
417.792
0
0
0
790.528
0
360.448
40.96
0
0
954.368
0
0
0
421.888
24.576
225.28
40.96
0
0
413.696
0
0
0
794.624
0
344.064
40.96
0
0
425.984
0
0
0
811.008
0
368.64
40.96
0
0
1028.1
0
0
0
385.024
0
217.088
40.96
0
0
2928.64
0
0
0
815.104
0
356.352
40.96
0
0
1110.02
0
0
0
483.328
0
237.568
57.344
0
0
430.08
0
0
0
565.248
872.448
126.976
45.056
0
0
204.8
0
0
0
335.872
331.776
0
610.304
0
0
405.504
0
0
0
393.216
393.216
397.312
413.696
0
0
1089.54
4.096
0
0
61.44
397.312
0
311.296
0
0
389.12
471.04
0
0
49.152
557.056
0
253.952
0
0
0
962.56
0
0
32.768
344.064
0
266.24
0
0
0
995.328
0
0
24.576
389.12
0
282.624
0
0
0
1187.84
0
0
20.48
372.736
0
290.816
0
0
0
421.888
0
0
24.576
757.76
0
401.408
0
0
0
401.408
0
0
20.48
778.24
0
389.12
0
0
0
942.08
0
0
24.576
372.736
0
266.24
0
0
0
991.232
0
0
24.576
360.448
0
262.144
0
0
0
0
0
946.176
73.728
192.512
0
196.608
0
245.76
0
0
0
20.48
16.384
770.048
0
397.312
0
360.448
0
0
0
16.384
16.384
761.856
0
401.408
0
364.544
0
0
0
1114.11
53.248
184.32
0
184.32
40.96
221.184
0
0
0
901.12
69.632
90.112
122.88
196.608
0
249.856
0
0
0
905.216
61.44
77.824
102.4
176.128
0
241.664
0
0
0
925.696
49.152
90.112
122.88
192.512
8.192
241.664
0
0
0
933.888
53.248
94.208
118.784
0
200.704
253.952
0
57.344
0
20.48
16.384
397.312
376.832
0
413.696
360.448
0
0
0
843.776
49.152
102.4
110.592
0
573.44
53.248
69.632
0
0
667.648
53.248
102.4
126.976
0
208.896
20.48
229.376
0
0
16.384
20.48
401.408
380.928
0
417.792
16.384
331.776
0
0
16.384
16.384
372.736
327.68
0
344.064
20.48
327.68
0
0
897.024
53.248
77.824
106.496
0
212.992
16.384
229.376
0
0
36.864
32.768
393.216
385.024
0
425.984
16.384
339.968
0
0
864.256
57.344
98.304
126.976
0
200.704
20.48
237.568
0
0
831.488
57.344
102.4
139.264
0
208.896
16.384
237.568
0
0
876.544
57.344
98.304
122.88
0
184.32
20.48
229.376
0
0
20.48
16.384
368.64
339.968
0
397.312
16.384
323.584
0
0
16.384
16.384
0
765.952
0
405.504
16.384
348.16
0
0
0
0
24.576
0
684.032
0
0
1765.38
1482.75
0
2678.78
0
114.688
0
344.064
0
0
356.352
327.68
0
692.224
0
77.824
0
303.104
36.864
0
61.44
593.92
0
0
0
24.576
0
348.16
397.312
0
57.344
790.528
0
0
0
20.48
0
561.152
1093.63
0
94.208
237.568
0
0
0
413.696
0
311.296
360.448
0
57.344
790.528
0
684.032
0
77.824
0
155.648
200.704
0
40.96
819.2
0
622.592
0
65.536
0
151.552
192.512
0
40.96
622.592
0
0
0
24.576
0
380.928
401.408
0
40.96
778.24
0
0
0
24.576
0
344.064
995.328
0
102.4
245.76
0
0
0
20.48
0
327.68
376.832
0
65.536
815.104
0
0
0
20.48
0
360.448
405.504
0
49.152
778.24
0
0
0
24.576
0
339.968
577.536
335.872
86.016
258.048
0
0
45.056
20.48
0
319.488
360.448
16.384
73.728
974.848
0
0
626.688
86.016
143.36
0
212.992
0
40.96
643.072
0
0
643.072
57.344
135.168
0
208.896
0
40.96
675.84
0
0
0
16.384
0
348.16
385.024
655.36
73.728
147.456
126.976
0
544.768
61.44
0
126.976
413.696
0
36.864
327.68
274.432
0
0
16.384
0
356.352
372.736
0
32.768
421.888
356.352
0
610.304
61.44
0
131.072
188.416
0
49.152
339.968
286.72
106.496
24.576
0
20.48
0
0
552.96
0
323.584
741.376
90.112
20.48
0
20.48
716.8
0
163.84
0
139.264
0
258.048
20.48
0
24.576
1105.92
0
188.416
0
151.552
0
270.336
20.48
0
20.48
1077.25
0
167.936
0
151.552
0
262.144
20.48
0
20.48
1208.32
0
233.472
0
163.84
0
282.624
20.48
0
24.576
1056.77
0
208.896
0
151.552
0
274.432
24.576
0
24.576
0
1097.73
200.704
0
159.744
0
1454.08
20.48
0
20.48
0
0
851.968
0
376.832
0
835.584
20.48
0
20.48
0
716.8
204.8
0
147.456
0
258.048
28.672
0
24.576
0
958.464
217.088
0
155.648
0
0
299.008
0
20.48
0
1081.34
217.088
131.072
159.744
0
0
24.576
0
20.48
0
1273.86
217.088
122.88
163.84
0
0
24.576
0
20.48
0
0
745.472
405.504
344.064
0
0
20.48
0
20.48
0
1187.84
217.088
114.688
163.84
0
0
24.576
0
20.48
0
0
851.968
471.04
389.12
0
0
20.48
0
20.48
0
1175.55
241.664
126.976
159.744
0
0
24.576
0
20.48
0
0
716.8
552.96
380.928
0
0
24.576
0
20.48
0
1253.38
0
303.104
0
147.456
0
20.48
0
20.48
0
1216.51
0
491.52
0
139.264
0
20.48
0
20.48
0
1183.74
0
368.64
0
163.84
0
