0
0
8.192
0
4.096
0
0
0
0
0
0
0
0
0
0
0
0
0
16.384
0
16.384
0
28.672
0
12.288
28.672
0
0
24.576
0
0
0
0
16.384
0
0
0
0
0
0
0
0
0
0
0
0
0
0
20.48
0
0
4.096
0
0
0
0
0
0
0
0
0
0
0
0
0
0
0
0
0
0
0
0
0
0
0
0
0
0
0
0
0
0
12.288
0
0
0
8.192
0
24.576
0
0
0
12.288
221.184
20.48
0
0
0
0
0
12.288
0
0
0
0
0
0
0
0
0
0
0
12.288
0
0
12.288
24.576
0
24.576
0
0
0
0
16.384
0
0
0
0
0
0
0
0
0
0
0
0
0
0
0
0
0
221.184
0
0
12.288
0
0
0
0
0
0
0
0
0
0
0
0
0
0
0
0
0
0
0
0
12.288
0
0
0
8.192
0
0
4.096
49.152
0
12.288
0
0
36.864
0
0
0
24.576
0
0
0
0
16.384
0
0
0
0
0
0
0
0
0
0
0
0
0
0
0
0
12.288
0
0
12.288
0
0
0
0
0
8.192
28.672
0
0
0
8.192
0
0
0
0
24.576
24.576
0
0
0
0
0
0
0
0
8.192
24.576
0
0
0
4.096
0
0
0
0
8.192
0
0
0
0
0
0
0
0
0
0
0
0
0
0
28.672
0
0
49.152
0
0
12.288
0
0
0
0
0
0
0
221.184
0
12.288
0
0
12.288
0
0
0
0
12.288
0
0
0
0
0
0
0
8.192
0
0
0
24.576
290.816
0
0
0
0
0
0
0
0
0
4.096
0
4.096
0
0
12.288
0
0
0
24.576
0
0
0
0
0
0
0
0
0
12.288
0
0
0
0
0
24.576
0
0
0
0
0
0
0
0
0
0
0
0
0
12.288
0
221.184
0
0
0
8.192
0
0
0
24.576
0
0
12.288
0
0
0
0
0
0
12.288
0
0
12.288
0
0
0
0
0
0
0
32.768
0
0
0
0
0
0
0
0
0
0
0
0
0
0
4.096
0
0
0
4.096
8.192
0
24.576
0
0
8.192
0
0
0
4.096
16.384
0
0
0
8.192
0
0
0
0
0
24.576
0
0
0
0
0
0
0
0
233.472
20.48
0
0
0
0
0
0
0
0
0
0
0
0
0
0
233.472
0
0
0
0
0
0
0
0
0
0
0
0
0
0
0
0
0
0
12.288
0
0
0
0
0
0
0
0
0
0
16.384
0
0
0
0
12.288
12.288
0
0
0
0
0
0
0
0
0
0
0
49.152
12.288
65.536
0
0
0
0
24.576
0
0
0
0
16.384
0
0
0
0
12.288
0
0
0
0
12.288
0
0
0
12.288
16.384
24.576
0
0
0
0
16.384
0
0
0
0
0
0
0
0
0
0
0
0
0
0
0
0
0
0
0
0
0
0
0
0
0
0
0
0
0
0
0
0
0
0
0
0
0
12.288
0
0
20.48
0
0
45.056
0
221.184
0
16.384
0
0
0
0
0
0
0
0
0
0
0
0
0
0
0
0
0
0
0
0
0
0
0
0
0
0
0
0
45.056
0
0
0
0
0
0
0
0
0
0
0
0
32.768
0
0
4.096
0
0
0
0
0
0
0
0
0
0
0
0
0
0
0
0
0
0
0
0
0
0
0
0
0
0
221.184
12.288
0
0
0
0
0
0
0
0
12.288
0
0
0
0
8.192
0
0
0
0
4.096
0
0
0
0
0
0
0
0
0
12.288
8.192
0
24.576
0
0
0
0
16.384
0
0
0
0
0
0
0
0
0
0
0
0
0
0
0
0
0
0
0
0
0
0
0
0
0
0
0
0
0
0
0
53.248
0
0
0
0
28.672
0
0
0
0
0
0
0
0
0
0
0
0
0
0
61.44
0
0
12.288
0
40.96
0
0
0
0
4.096
0
0
12.288
0
0
0
8.192
0
0
24.576
0
0
0
0
16.384
0
0
0
0
12.288
0
0
8.192
4.096
0
0
0
0
0
0
0
0
0
0
0
0
0
0
0
12.288
0
0
0
0
200.704
0
0
20.48
0
12.288
0
0
237.568
0
0
0
0
12.288
0
0
0
0
0
0
0
4.096
0
12.288
0
0
0
0
0
0
0
0
0
12.288
0
0
0
0
0
0
0
0
0
32.768
0
0
0
0
45.056
0
0
24.576
0
0
0
0
16.384
0
0
0
0
0
0
0
0
12.288
0
0
0
0
8.192
0
0
4.096
0
0
49.152
0
0
0
36.864
12.288
0
0
0
0
4.096
0
0
0
0
0
0
0
0
0
0
0
0
0
0
0
0
12.288
0
0
8.192
0
0
0
0
4.096
0
12.288
0
0
0
8.192
0
0
0
0
0
24.576
0
12.288
0
0
28.672
0
0
0
0
24.576
0
0
0
0
16.384
0
0
0
0
16.384
0
0
233.472
0
0
0
0
12.288
0
0
0
0
0
0
0
0
0
0
0
0
0
0
0
0
0
0
0
0
0
0
0
0
0
0
0
0
0
0
0
0
0
0
0
0
0
0
0
0
0
12.288
0
0
8.192
0
0
0
0
0
28.672
0
0
0
24.576
0
0
0
0
0
4.096
0
0
0
0
0
0
