3821.57
17129.5
3297.28
5115.9
6660.1
2838.53
3330.05
3788.8
3502.08
3448.83
3883.01
3944.45
3796.99
4988.93
6922.24
3801.09
3092.48
3772.42
3813.38
3477.5
2355.2
2678.78
2928.64
4513.79
7475.2
4190.21
3936.26
3641.34
2048
2781.18
3260.42
3502.08
4255.74
4734.98
20131.8
75628.5
35426.3
95281.2
81977.3
94031.9
2510.85
3211.26
3620.86
4919.3
7770.11
3821.57
2703.36
3133.44
2318.34
2244.61
3710.98
3903.49
3657.73
4857.86
7389.18
3121.15
1687.55
2048
2744.32
2699.26
1806.34
3338.24
3723.26
4329.47
7749.63
2985.98
2719.74
1871.87
3022.85
3399.68
4050.94
3317.76
3719.17
16502.8
7155.71
2998.27
2842.62
4034.56
4001.79
2654.21
1454.08
3612.67
3837.95
5185.54
7639.04
4468.74
4276.22
3768.32
3416.06
3665.92
3608.58
3358.72
3461.12
4145.15
7442.43
3637.25
2146.3
2101.25
3514.37
2949.12
3301.38
3706.88
3100.67
5316.61
7421.95
15204.4
69087.2
42172.4
93319.2
83574.8
80445.4
23457.8
2461.7
3604.48
6512.64
2928.64
4079.62
2342.91
4055.04
2736.13
3891.2
3821.57
3231.74
4771.84
6664.19
3330.05
2207.74
2510.85
3219.46
3571.71
3579.9
2998.27
3829.76
5382.14
7614.46
3801.09
1892.35
3649.54
3903.49
3919.87
3960.83
3629.06
4083.71
18440.2
6848.51
3579.9
2514.94
2830.34
3665.92
1912.83
1695.74
2310.14
2781.18
5332.99
7180.29
3031.04
4403.2
3723.26
2691.07
1982.46
3244.03
3362.82
2695.17
4435.97
8036.35
3858.43
2449.41
2670.59
3399.68
4325.38
3665.92
3313.66
2838.53
3223.55
7192.58
3203.07
3440.64
3821.57
3944.45
15609.9
67469.3
39096.3
101200
79605.8
57315.3
3260.42
4149.25
3473.41
2793.47
2547.71
1482.75
3510.27
2953.22
3768.32
6938.62
3436.54
3641.34
2916.35
3604.48
2650.11
2654.21
163.84
0
28.672
1409.02
5271.55
561.152
0
0
81.92
208.896
0
16.384
24.576
1613.82
5287.94
352.256
8.192
81.92
155.648
36.864
53.248
4.096
208.896
1458.18
5271.55
356.352
57.344
172.032
28.672
208.896
32.768
208.896
40.96
1417.22
4993.02
688.128
184.32
0
0
53.248
200.704
45.056
20.48
1421.31
5144.58
696.32
4.096
0
32.768
241.664
40.96
20.48
0
1499.14
5234.69
524.288
208.896
40.96
208.896
90.112
16.384
8.192
73.728
1593.34
5070.85
540.672
8.192
208.896
40.96
36.864
0
90.112
167.936
1236.99
5423.1
368.64
253.952
40.96
16.384
36.864
73.728
204.8
36.864
1404.93
5279.74
561.152
98.304
20.48
16.384
253.952
180.224
40.96
12.288
1429.5
4706.3
1097.73
0
0
69.632
233.472
0
0
0
1650.69
5349.38
999.424
12.288
73.728
172.032
20.48
0
53.248
200.704
1449.98
5234.69
364.544
73.728
176.128
0
0
61.44
192.512
49.152
1245.18
5554.18
5787.65
352.256
0
12.288
4.096
274.432
45.056
0
1421.31
5332.99
536.576
4.096
0
4.096
290.816
40.96
0
0
1396.74
5492.74
368.64
4.096
0
212.992
258.048
0
0
73.728
1576.96
5111.81
528.384
167.936
196.608
40.96
0
61.44
180.224
221.184
1437.7
5087.23
532.48
331.776
40.96
0
73.728
73.728
172.032
0
1417.22
5259.26
565.248
176.128
16.384
0
118.784
163.84
0
0
1409.02
5459.97
417.792
172.032
16.384
81.92
217.088
0
8.192
32.768
1634.3
5099.52
520.192
45.056
69.632
180.224
57.344
0
348.16
0
8.192
536.576
1265.66
69.632
0
0
237.568
233.472
0
32.768
73.728
909.312
860.16
36.864
0
241.664
229.376
0
0
65.536
360.448
573.44
827.392
122.88
237.568
217.088
188.416
0
106.496
339.968
65.536
487.424
864.256
323.584
233.472
8.192
0
69.632
344.064
65.536
28.672
507.904
1105.92
229.376
0
0
98.304
360.448
90.112
0
12.288
675.84
1150.98
16.384
36.864
94.208
360.448
65.536
28.672
0
225.28
782.336
827.392
16.384
94.208
352.256
73.728
0
16.384
225.28
237.568
458.752
888.832
131.072
389.12
65.536
20.48
0
225.28
278.528
36.864
516.096
917.504
397.312
102.4
36.864
16.384
356.352
249.856
0
28.672
573.44
995.328
94.208
0
0
249.856
241.664
90.112
0
90.112
892.928
892.928
151.552
0
253.952
245.76
0
0
65.536
344.064
516.096
892.928
0
225.28
262.144
0
0
65.536
352.256
69.632
552.96
794.624
229.376
221.184
0
8.192
77.824
344.064
65.536
8.192
544.768
1069.06
315.392
0
0
86.016
356.352
65.536
0
0
675.84
1134.59
53.248
0
98.304
360.448
233.472
0
0
221.184
716.8
851.968
8.192
86.016
344.064
65.536
0
0
253.952
237.568
516.096
868.352
126.976
335.872
73.728
8.192
0
241.664
221.184
0
548.864
888.832
380.928
65.536
0
0
212.992
319.488
0
0
557.056
1261.57
98.304
8.192
36.864
212.992
237.568
0
12.288
98.304
811.008
987.136
126.976
0
253.952
249.856
0
0
34230.3
61993
46841.9
64741.4
66404.4
65409
6160.38
6516.74
7921.66
6037.5
7102.46
7344.13
6737.92
7127.04
8212.48
7843.84
5877.76
6733.82
7299.07
14676
59293.7
58310.7
96886.8
72093.7
48832.5
9490.43
8028.16
6823.94
5709.82
4689.92
5468.16
6062.08
6619.14
8413.18
8032.26
8736.77
6074.37
6574.08
7614.46
7434.24
6209.54
5177.34
7045.12
6688.77
8863.74
8429.57
42524.7
63860.7
55562.2
92885
62853.1
40017.9
6119.42
7188.48
8282.11
8941.57
5853.18
3031.04
5414.91
5967.87
5431.3
4616.19
6549.5
7221.25
6885.38
31592.4
68329.5
62795.8
90976.3
68153.3
19771.4
7446.53
5779.46
6377.47
8011.78
7311.36
5804.03
7192.58
8015.87
6873.09
5419.01
3207.17
7585.79
7507.97
9281.54
9158.66
8642.56
8323.07
6578.18
6623.23
6860.8
7913.47
8581.12
6656
8228.86
31625.2
65736.7
53264.4
88973.3
56442.9
60457
6676.48
6782.98
6434.82
9322.5
8036.35
7114.75
7168
7200.77
19898.4
63434.8
48648.2
83169.3
76415
34811.9
9523.2
9469.95
6922.24
5619.71
6950.91
5611.52
7286.78
6205.44
6529.02
8515.58
7282.69
6721.54
4362.24
6311.94
6705.15
6561.79
6098.94
6447.1
7561.22
9265.15
8060.93
5898.24
4657.15
6799.36
6864.9
7143.42
7278.59
6787.07
7798.78
25317.4
61067.3
51650.6
72962
64307.2
72126.5
92987.4
69853.2
66392.1
37376
9007.1
7397.38
50274.3
56442.9
55300.1
66469.9
64663.6
24723.5
6590.46
5230.59
8634.37
8810.5
6766.59
4378.62
5898.24
7069.7
8298.5
6500.35
5726.21
5320.7
6758.4
7712.77
6311.94
6438.91
7446.53
8306.69
7897.09
7438.34
7446.53
8118.27
9072.64
8060.93
6840.32
8151.04
7548.93
5341.18
4612.1
4517.89
7192.58
40411.1
65732.6
51445.8
84467.7
65400.8
35942.4
45490.2
58638.3
2289.66
2924.54
2572.29
2748.42
3334.14
1798.14
2789.38
2527.23
2723.84
2510.85
2695.17
3010.56
2998.27
2953.22
2924.54
2871.3
2420.74
2592.77
2768.9
2805.76
2314.24
1773.57
2646.02
2330.62
3403.78
3174.4
2977.79
2760.7
2134.02
2023.42
2637.82
2277.38
3088.38
2908.16
3313.66
2965.5
1744.9
2772.99
3227.65
2850.82
2314.24
1970.18
2785.28
2695.17
3321.86
3121.15
2195.46
2232.32
2416.64
1552.38
2461.7
2949.12
2711.55
2895.87
2990.08
37728.3
60678.1
64323.6
70533.1
66322.4
19300.4
2170.88
2482.18
2514.94
3117.06
2887.68
2367.49
1413.12
2031.62
2740.22
2809.86
2781.18
2367.49
2371.58
3387.39
2269.18
2281.47
2625.54
3063.81
2375.68
1159.17
1835.01
3272.7
3080.19
3133.44
3293.18
3231.74
2867.2
2924.54
2789.38
2682.88
2895.87
3104.77
2437.12
3149.82
3051.52
1777.66
1503.23
2674.69
2433.02
2273.28
2854.91
2375.68
2785.28
3354.62
2764.8
2457.6
2981.89
2142.21
2232.32
2695.17
2310.14
2113.54
1961.98
2633.73
1925.12
2637.82
2109.44
2711.55
2244.61
2834.43
2854.91
2375.68
22069.2
58327
33685.5
64139.3
69570.6
44015.6
9830.4
2838.53
2121.73
2826.24
3031.04
3452.93
3117.06
1822.72
2228.22
3108.86
2875.39
2899.97
2633.73
3117.06
3059.71
3104.77
2953.22
2281.47
2248.7
2834.43
2203.65
1077.25
2039.81
2158.59
2613.25
3371.01
2621.44
3035.14
3055.62
2461.7
1654.78
1966.08
2736.13
2113.54
2117.63
3489.79
3248.13
2138.11
1732.61
2113.54
3002.37
2965.5
2449.41
2367.49
1568.77
2564.1
2826.24
2469.89
2486.27
2920.45
2949.12
2945.02
2854.91
2519.04
2981.89
3653.63
2867.2
2871.3
26665
40554.5
47345.7
64602.1
66412.5
52437
56979.5
2859.01
2867.2
2904.06
2596.86
2568.19
2404.35
1941.5
