0
15601.7
0
0
0
0
40.96
0
0
0
0
77.824
0
0
0
0
69.632
0
0
0
0
15712.3
0
0
0
0
73.728
0
0
0
0
36.864
0
0
0
0
65.536
0
0
0
0
13930.5
0
0
0
0
69.632
0
0
0
0
73.728
0
0
0
0
24.576
0
0
0
0
20254.7
0
0
0
0
90.112
0
0
0
0
86.016
0
0
0
0
24.576
0
0
0
0
10219.5
40.96
0
0
0
77.824
15257.6
0
0
0
94.208
0
0
0
0
73.728
0
0
0
0
20.48
0
0
0
0
20.48
22384.6
0
0
0
73.728
32.768
0
0
0
77.824
0
0
0
0
28.672
0
0
0
0
69.632
16093.2
0
0
0
69.632
0
0
0
0
77.824
0
0
0
0
65.536
15196.2
0
0
0
65.536
0
0
0
0
69.632
0
0
0
0
28.672
15683.6
0
0
0
90.112
0
0
0
0
24.576
0
0
0
0
20.48
16019.5
0
0
0
98.304
0
0
0
0
73.728
0
0
0
0
20.48
14131.2
0
0
0
65.536
0
0
0
0
73.728
0
0
0
0
0
0
12841
0
69.632
0
0
0
0
61.44
0
0
0
0
24.576
0
0
16.384
0
28.672
0
0
16891.9
0
65.536
0
0
0
0
24.576
0
0
0
0
24.576
0
0
0
0
61.44
0
0
13770.8
0
77.824
0
0
0
0
24.576
0
0
16.384
0
24.576
0
0
0
0
61.44
0
0
14118.9
0
90.112
0
0
0
0
24.576
0
0
0
0
20.48
0
0
0
0
20.48
0
0
16937
0
53.248
0
0
0
0
65.536
0
0
0
0
61.44
0
0
0
0
20.48
0
0
12787.7
4431.87
65.536
0
0
0
0
28.672
0
0
0
0
24.576
0
0
0
0
73.728
0
0
0
13811.7
57.344
0
0
0
0
24.576
0
0
0
0
20.48
0
0
0
0
61.44
0
0
0
14860.3
86.016
0
0
0
0
28.672
0
0
0
0
24.576
0
0
0
0
24.576
0
0
0
18763.8
53.248
0
0
0
65.536
0
0
0
0
86.016
0
0
0
0
65.536
0
0
0
0
12812.3
0
0
0
0
24.576
0
0
0
0
81.92
0
0
0
0
24.576
0
0
0
0
0
65.536
0
17248.3
0
0
69.632
0
0
0
0
20.48
0
0
0
0
20.48
0
0
0
0
20.48
0
0
0
0
20.48
0
0
0
0
73.728
0
10440.7
0
0
36.864
0
69.632
0
0
20.48
0
0
0
0
20.48
0
0
0
0
20.48
0
0
0
0
73.728
0
8867.84
0
0
69.632
0
65.536
0
0
20.48
0
0
0
0
20.48
0
0
0
0
20.48
0
0
0
0
65.536
0
7671.81
0
0
45.056
0
12214.3
6553.6
0
77.824
0
0
65.536
0
16.384
0
0
0
0
16.384
0
0
0
0
61.44
0
0
7651.33
0
53.248
0
0
4.096
0
65.536
0
0
11747.3
0
69.632
0
0
1593.34
0
36.864
0
0
0
0
65.536
0
0
0
0
20.48
0
0
7847.94
0
40.96
0
0
0
0
20.48
0
0
7749.63
0
69.632
0
0
954.368
0
32.768
0
0
8122.37
0
73.728
0
0
0
0
16.384
0
0
0
0
16.384
0
0
0
0
65.536
0
0
0
0
65.536
0
0
1003.52
0
57.344
0
0
7229.44
0
49.152
0
0
81.92
0
20.48
0
0
0
0
40.96
0
0
0
0
61.44
0
0
0
0
10297.3
8204.29
0
0
0
57.344
0
0
0
0
16.384
0
0
0
0
16.384
0
0
0
0
5320.7
6004.74
0
0
0
61.44
0
0
0
0
16.384
0
0
0
0
16.384
0
0
0
0
69.632
13713.4
0
0
0
53.248
0
0
0
0
16.384
0
0
0
0
16.384
18853.9
0
0
0
98.304
0
0
0
0
61.44
0
0
0
0
16.384
16.384
0
0
0
20.48
22753.3
0
0
0
69.632
0
0
0
0
53.248
0
0
0
0
45.056
0
0
0
0
57.344
19775.5
0
0
0
81.92
0
0
0
0
65.536
0
0
0
0
57.344
0
0
0
0
16.384
19554.3
0
0
0
61.44
0
0
0
0
16.384
0
0
0
61.44
0
0
0
0
61.44
0
0
0
0
16.384
0
20336.6
0
0
94.208
0
0
0
0
57.344
0
0
0
0
57.344
0
0
0
0
16.384
0
16838.7
0
0
57.344
0
7249.92
0
0
40.96
0
0
0
0
20.48
0
0
0
0
65.536
0
0
0
0
57.344
0
16683
0
0
0
0
0
0
16.384
0
0
0
0
69.632
0
872.448
0
0
53.248
0
864.256
0
0
28.672
0
626.688
0
0
69.632
0
0
0
0
20.48
0
73.728
0
0
20.48
0
0
0
0
53.248
0
19705.9
0
0
81.92
0
0
0
0
24.576
0
0
0
0
20.48
0
0
0
0
61.44
0
0
0
0
57.344
0
0
0
0
20.48
0
5607.42
0
0
65.536
0
61.44
0
0
65.536
0
0
0
0
16.384
0
0
0
0
53.248
0
9519.1
0
0
49.152
0
0
0
0
20.48
0
970.752
0
0
57.344
0
0
0
0
24.576
0
7204.86
0
0
65.536
0
0
0
0
53.248
0
3166.21
0
0
32.768
0
0
0
0
16.384
0
966.656
0
0
57.344
0
0
0
0
65.536
0
27734
229.376
0
73.728
0
0
0
0
24.576
0
0
0
0
20.48
0
0
106.496
0
0
0
0
49.152
0
0
0
16220.2
9310.21
0
0
0
0
53.248
0
0
0
0
16.384
0
0
0
0
16.384
0
0
0
0
57.344
0
0
0
0
61.44
0
0
0
0
17842.2
0
0
0
