0
0
7999.49
90.112
0
0
0
0
28.672
0
0
0
0
73.728
0
0
0
6127.62
65.536
0
0
0
0
24.576
0
0
0
0
28.672
0
0
0
6651.9
53.248
0
0
0
0
28.672
0
0
0
0
20.48
0
0
0
7405.57
53.248
65.536
0
0
0
0
32.768
0
0
0
0
20.48
0
0
5292.03
0
94.208
0
0
0
0
81.92
0
0
5160.96
0
73.728
0
0
0
0
28.672
0
0
4984.83
0
53.248
0
0
0
0
32.768
0
0
5005.31
0
53.248
0
0
0
0
28.672
0
0
4808.7
0
65.536
0
0
0
0
28.672
0
0
0
3944.45
106.496
0
0
0
0
24.576
0
0
0
4841.47
57.344
0
0
0
0
73.728
0
0
0
5386.24
69.632
0
0
0
0
28.672
0
0
0
4145.15
57.344
0
0
0
0
32.768
0
0
0
4706.3
57.344
0
0
0
0
28.672
0
0
0
0
65.536
0
0
0
6299.65
65.536
0
0
0
0
24.576
0
0
0
0
61.44
0
0
0
7639.04
65.536
0
0
0
0
28.672
0
0
0
0
20.48
0
0
0
6860.8
53.248
0
8265.73
0
57.344
0
0
0
0
57.344
0
0
0
0
20.48
61.44
0
5185.54
4083.71
0
65.536
0
0
0
0
28.672
0
0
0
0
20.48
0
0
9412.61
0
53.248
0
0
0
0
28.672
0
0
0
0
49.152
0
0
7774.21
0
61.44
0
0
0
0
24.576
0
0
0
0
53.248
0
0
8613.89
0
61.44
0
0
0
0
32.768
0
0
0
0
20.48
0
0
9084.93
0
73.728
0
0
0
0
24.576
0
0
0
0
86.016
0
0
7303.17
0
86.016
0
0
0
0
24.576
0
0
0
0
57.344
0
0
7213.06
0
73.728
0
0
0
0
32.768
0
0
0
0
28.672
0
0
9601.02
0
57.344
0
0
0
0
28.672
0
0
0
0
28.672
0
0
6373.38
0
81.92
0
0
0
0
28.672
0
0
0
0
20.48
0
0
9248.77
0
53.248
0
0
0
0
65.536
0
0
0
0
24.576
0
0
9699.33
0
61.44
0
0
0
0
20.48
0
0
0
0
20.48
0
0
9158.66
0
86.016
0
0
0
0
32.768
0
0
0
0
24.576
0
0
9678.85
0
61.44
0
0
0
7352.32
106.496
0
0
0
0
24.576
0
0
0
0
49.152
0
0
0
7430.14
53.248
0
0
0
0
20.48
0
0
0
0
53.248
0
0
0
5013.5
57.344
0
0
0
0
24.576
0
0
0
0
20.48
0
0
0
6844.42
49.152
0
65.536
0
0
0
0
24.576
0
0
0
0
20.48
0
7196.67
0
0
49.152
0
0
0
0
32.768
0
0
0
0
20.48
0
6529.02
0
0
57.344
0
0
0
0
57.344
0
0
0
0
16.384
0
6733.82
0
0
53.248
0
0
0
0
20.48
0
0
0
0
16.384
0
6709.25
0
0
45.056
0
0
0
0
20.48
0
0
0
0
16.384
0
6795.26
0
0
65.536
0
0
0
0
65.536
0
0
0
0
57.344
0
6041.6
0
0
61.44
0
0
0
0
24.576
0
0
0
0
49.152
0
7090.18
0
0
57.344
0
0
0
0
24.576
0
0
0
0
20.48
0
6930.43
0
0
49.152
0
0
0
0
24.576
0
0
0
0
20.48
0
6586.37
0
0
49.152
0
0
0
0
61.44
0
0
0
0
16.384
0
6311.94
0
0
53.248
0
0
0
20.48
0
0
0
0
20.48
0
0
0
10825.7
53.248
0
0
0
0
24.576
0
0
0
0
20.48
0
0
0
0
53.248
0
0
0
7700.48
57.344
0
0
0
0
20.48
0
0
0
847.872
28.672
0
0
0
0
16.384
0
0
0
9330.69
49.152
0
0
0
0
28.672
0
0
0
0
16.384
0
0
0
0
20.48
0
0
0
7217.15
86.016
0
0
0
0
57.344
0
0
0
0
20.48
0
0
0
8667.14
61.44
0
0
0
0
53.248
0
0
0
0
24.576
0
0
0
8728.58
61.44
0
0
0
0
24.576
0
0
0
0
73.728
0
0
0
6123.52
81.92
0
0
0
0
24.576
0
0
0
0
16.384
0
0
0
7950.34
49.152
0
0
0
0
24.576
0
0
0
0
16.384
0
0
0
6606.85
49.152
0
0
0
0
20.48
0
0
0
0
24.576
0
0
0
5783.55
86.016
0
0
0
0
24.576
0
0
0
0
24.576
0
0
0
8032.26
53.248
0
0
0
0
53.248
0
0
0
0
61.44
0
0
0
8355.84
65.536
0
0
0
0
28.672
0
0
0
0
0
5689.34
69.632
0
0
0
0
20.48
0
0
0
0
73.728
0
0
0
5726.21
81.92
0
0
0
0
24.576
0
0
0
0
20.48
0
0
0
5029.89
49.152
0
0
0
0
20.48
0
0
0
0
24.576
0
0
0
5324.8
49.152
0
0
0
0
20.48
0
0
0
0
24.576
0
0
0
5558.27
49.152
0
0
0
0
28.672
0
0
0
0
20.48
0
0
0
4820.99
81.92
0
0
0
0
24.576
0
0
0
0
20.48
0
0
0
5304.32
57.344
0
0
0
0
20.48
0
0
0
0
20.48
0
0
0
5079.04
53.248
0
0
0
0
24.576
0
0
0
0
57.344
0
0
0
5582.85
65.536
0
0
0
0
20.48
0
0
0
0
12.288
0
0
0
4755.46
53.248
0
0
0
0
45.056
0
0
0
0
69.632
0
0
0
6135.81
61.44
0
0
0
0
24.576
0
0
0
0
16.384
0
0
0
5443.58
53.248
0
0
0
0
24.576
0
0
0
0
20.48
0
0
0
5103.62
53.248
0
94.208
0
0
0
0
24.576
0
0
0
0
16.384
0
6033.41
0
0
57.344
