1794.05
1490.94
1638.4
3772.42
4050.94
1208.32
1208.32
1486.85
1736.7
1486.85
1679.36
1781.76
1748.99
3923.97
3952.64
1646.59
1560.58
1769.47
1642.5
1572.86
1662.98
1634.3
1630.21
3923.97
3878.91
1724.42
1630.21
1675.26
1671.17
1605.63
1716.22
1597.44
1536
3796.99
3989.5
1646.59
1679.36
1507.33
1024
1654.78
1654.78
1617.92
1609.73
3883.01
4096
1712.13
1556.48
1568.77
1605.63
1490.94
1536
1540.1
1515.52
3928.06
4063.23
1695.74
1687.55
1617.92
1728.51
1650.69
1466.37
1568.77
1802.24
3719.17
12816.4
70537.2
31092.7
91631.6
25550.8
1716.22
1589.25
1400.83
1290.24
3624.96
3907.58
1286.14
1327.1
1298.43
1486.85
1822.72
1806.34
1695.74
1617.92
3715.07
4116.48
1761.28
1691.65
1740.8
1568.77
1810.43
1576.96
1818.62
1572.86
3784.7
4149.25
1622.02
1916.93
1687.55
1667.07
1708.03
1781.76
1597.44
1695.74
3723.26
4177.92
1724.42
1630.21
1589.25
1622.02
1482.75
1740.8
1490.94
1785.86
3788.8
4132.86
1622.02
1871.87
1732.61
1425.41
1617.92
1609.73
1818.62
1617.92
3846.14
4038.66
1724.42
1601.54
1695.74
1581.06
1523.71
1626.11
1175.55
1454.08
3510.27
3768.32
1630.21
1093.63
1515.52
1679.36
1601.54
1671.17
1642.5
1204.22
3727.36
4177.92
1781.76
1507.33
1794.05
1830.91
1425.41
1462.27
2314.24
4755.46
13946.9
4100.1
1777.66
1708.03
1646.59
1667.07
2002.94
1720.32
1761.28
1597.44
3784.7
4194.3
1495.04
1724.42
1523.71
1544.19
1564.67
1822.72
1699.84
1662.98
4055.04
4063.23
1806.34
1568.77
1667.07
1605.63
1683.46
1536
1486.85
1646.59
3940.35
4145.15
1638.4
1564.67
1630.21
1703.94
1789.95
1748.99
1581.06
1806.34
3743.74
4071.42
1552.38
1658.88
1683.46
1671.17
1642.5
1982.46
221.184
0
0
3960.83
3862.53
20.48
4.096
40.96
466.944
217.088
0
12.288
196.608
4055.04
3510.27
8.192
20.48
520.192
237.568
36.864
8.192
225.28
565.248
3723.26
3338.24
0
499.712
241.664
77.824
0
217.088
671.744
36.864
3457.02
3661.82
487.424
221.184
0
8.192
196.608
466.944
8.192
12.288
3710.98
3837.95
221.184
0
32.768
241.664
454.656
0
0
77.824
4558.85
3248.13
0
0
233.472
483.328
0
0
0
466.944
4112.38
3158.02
0
233.472
491.52
0
0
0
466.944
221.184
3981.31
8196.1
3301.38
491.52
0
0
0
462.848
221.184
0
4063.23
3207.17
479.232
0
90.112
0
507.904
233.472
159.744
0
3936.26
3887.1
7868.42
4.096
81.92
491.52
212.992
0
0
188.416
4345.86
3203.07
0
0
516.096
217.088
0
8.192
180.224
483.328
3735.55
3379.2
0
516.096
217.088
69.632
0
188.416
458.752
86.016
3891.2
3174.4
466.944
245.76
24.576
24.576
192.512
487.424
20.48
0
3551.23
4005.89
241.664
0
8.192
200.704
532.48
0
8.192
0
4780.03
3084.29
0
0
204.8
483.328
0
0
155.648
487.424
4300.8
2977.79
0
237.568
528.384
0
24.576
20.48
466.944
270.336
3379.2
3694.59
229.376
487.424
8.192
36.864
0
520.192
253.952
0
4055.04
3178.5
491.52
20.48
24.576
36.864
487.424
237.568
0
24.576
4100.1
3702.78
0
0
8.192
520.192
266.24
0
0
253.952
4718.59
2838.53
0
0
458.752
241.664
0
0
0
0
1298.43
2387.97
69.632
24.576
20.48
303.104
266.24
0
8.192
86.016
1634.3
1986.56
12.288
20.48
253.952
270.336
36.864
8.192
94.208
352.256
1400.83
1818.62
24.576
266.24
290.816
20.48
36.864
106.496
532.48
69.632
1392.64
1687.55
348.16
262.144
0
8.192
86.016
307.2
57.344
12.288
1302.53
2105.34
290.816
0
8.192
135.168
344.064
49.152
0
0
1474.56
2228.22
4.096
0
135.168
335.872
57.344
0
0
204.8
1429.5
1998.85
32.768
131.072
339.968
49.152
0
0
221.184
253.952
1187.84
1970.18
172.032
327.68
49.152
0
0
221.184
274.432
0
1306.62
1904.64
364.544
49.152
0
24.576
270.336
266.24
155.648
0
1318.91
2375.68
57.344
8.192
45.056
221.184
278.528
0
0
90.112
1515.52
2002.94
32.768
0
282.624
315.392
0
8.192
110.592
327.68
1400.83
1826.82
118.784
253.952
266.24
0
32.768
155.648
327.68
49.152
1290.24
1830.91
282.624
278.528
20.48
8.192
86.016
413.696
114.688
0
1200.13
2068.48
307.2
20.48
0
90.112
344.064
139.264
8.192
0
2121.73
2277.38
4.096
0
139.264
331.776
57.344
0
176.128
368.64
1617.92
1851.39
4.096
131.072
352.256
49.152
28.672
16.384
229.376
327.68
1351.68
1810.43
200.704
348.16
53.248
0
36.864
229.376
286.72
77.824
1310.72
1921.02
376.832
49.152
32.768
20.48
229.376
270.336
12.288
94.208
1368.06
2260.99
86.016
0
0
229.376
376.832
0
0
167.936
1605.63
2007.04
4.096
0
221.184
282.624
0
0
94.208
4509.7
4169.73
4411.39
7131.14
5124.1
3551.23
3682.3
4194.3
4612.1
4325.38
4677.63
4562.94
4284.42
7102.46
5394.43
4169.73
4079.62
4468.74
3911.68
4173.82
4407.3
4296.7
4186.11
6995.97
5480.45
4464.64
4521.98
4481.02
4141.06
11030.5
47308.8
50143.2
45875.2
72359.9
54546.4
59801.6
30703.6
4104.19
2191.36
4321.28
4059.14
4538.37
4108.29
7417.86
5595.14
17440.8
57249.8
49549.3
66048
67928.1
63807.5
38080.5
4022.27
7270.4
5369.86
4284.42
3936.26
4251.65
4382.72
4165.63
3993.6
4169.73
4517.89
7131.14
5619.71
4255.74
4194.3
5083.14
3084.29
4222.98
4157.44
3674.11
3530.75
6885.38
5652.48
5107.71
2498.56
3588.1
4198.4
4653.06
4395.01
4440.06
4374.53
7204.86
5570.56
4112.38
4386.82
4272.13
4145.15
4444.16
4485.12
4317.18
4370.43
7180.29
5283.84
4513.79
4276.22
4423.68
4235.26
4325.38
4063.23
4341.76
4526.08
7196.67
5464.06
4276.22
4321.28
4231.17
4468.74
4452.35
4509.7
4100.1
4374.53
7168
5419.01
4112.38
4599.81
4362.24
3977.22
4702.21
4362.24
4284.42
4542.46
7118.85
5767.17
4562.94
4247.55
4091.9
4182.02
21733.4
48861.2
72708.1
75915.3
84152.3
88743.9
87056.4
86765.6
86913
6057.98
3977.22
4341.76
4067.33
2306.05
7000.06
5558.27
4149.25
4452.35
4599.81
4435.97
3878.91
4251.65
4378.62
4149.25
7090.18
5398.53
26882
61464.6
55865.3
56369.2
12152.8
4771.84
4358.14
4288.51
7360.51
5533.7
4472.83
4227.07
4358.14
4403.2
4624.38
4476.93
4214.78
4349.95
7471.1
6991.87
3317.76
3919.87
4300.8
4251.65
4464.64
4530.18
3952.64
4329.47
7077.89
5357.57
4321.28
4321.28
4116.48
4444.16
4136.96
4349.95
4075.52
4313.09
7086.08
5238.78
4435.97
4354.05
4136.96
4550.66
4308.99
4132.86
2674.69
3526.66
4030.46
23879.7
51617.8
51331.1
10510.3
2277.38
1966.08
2166.78
2162.69
2146.3
2621.44
2535.42
2162.69
2048
2269.18
1835.01
2154.5
2084.86
2023.42
1863.68
2748.42
2625.54
2293.76
2203.65
2056.19
2228.22
1945.6
2129.92
2039.81
1966.08
2453.5
2424.83
1941.5
2158.59
1982.46
1282.05
1953.79
1953.79
2166.78
1937.41
2719.74
2691.07
2052.1
1884.16
1884.16
1843.2
1769.47
1892.35
1921.02
1896.45
2629.63
2502.66
2084.86
2105.34
2060.29
2031.62
2080.77
1818.62
1908.74
2170.88
2400.26
2605.06
2068.48
2064.38
1925.12
1929.22
2015.23
14037
30732.3
41709.6
35483.6
55373.8
53829.6
32550.9
43819
7704.58
2244.61
2179.07
2093.06
2084.86
2621.44
2437.12
2273.28
2109.44
2097.15
1941.5
2007.04
2088.96
2097.15
2088.96
2457.6
2609.15
2035.71
2244.61
2052.1
1961.98
2052.1
1933.31
1990.66
2080.77
2576.38
2621.44
2162.69
2146.3
1912.83
2043.9
2056.19
2146.3
1929.22
1978.37
2506.75
2772.99
2039.81
2150.4
2134.02
1814.53
2187.26
2064.38
2146.3
2154.5
2609.15
2695.17
2109.44
2199.55
2072.58
1998.85
1916.93
1929.22
1597.44
1626.11
2195.46
1978.37
1867.78
1495.04
1650.69
2129.92
1908.74
1998.85
1974.27
1298.43
2240.51
2650.11
2039.81
2117.63
2179.07
2060.29
1867.78
1949.7
2195.46
2056.19
2523.14
2510.85
2244.61
2002.94
2088.96
1957.89
2351.1
2285.57
2019.33
2007.04
2658.3
2740.22
2162.69
2187.26
1982.46
2265.09
2129.92
2084.86
2023.42
2084.86
2723.84
2584.58
2158.59
2002.94
1961.98
2002.94
2138.11
2121.73
1814.53
2269.18
2609.15
2580.48
2072.58
2093.06
2031.62
2027.52
2134.02
2097.15
1966.08
2035.71
2482.18
2625.54
1978.37
2056.19
2019.33
2011.14
1966.08
2035.71
1912.83
