2318.34
3051.52
5558.27
2920.45
2379.78
1748.99
2035.71
2203.65
1675.26
2260.99
1744.9
2732.03
5586.94
3698.69
1728.51
2174.98
2031.62
1945.6
1986.56
2125.82
2056.19
2961.41
5042.18
3231.74
1986.56
2449.41
2072.58
2277.38
2064.38
2027.52
2224.13
2949.12
5259.26
2985.98
2146.3
1744.9
2072.58
2056.19
1658.88
2207.74
2322.43
2174.98
5251.07
3518.46
1675.26
1683.46
1372.16
1724.42
1695.74
1900.54
17764.4
61562.9
76861.4
10235.9
2383.87
1691.65
1888.26
2326.53
2195.46
2285.57
1798.14
2482.18
5746.69
2879.49
1650.69
1736.7
2158.59
2322.43
2228.22
1708.03
1691.65
2715.65
5197.82
3051.52
1429.5
1712.13
2125.82
1929.22
1880.06
2134.02
2117.63
2945.02
5640.19
2879.49
2215.94
2134.02
2048
2146.3
2256.9
2232.32
1560.58
2588.67
5246.98
2523.14
2015.23
2048
2207.74
2215.94
2027.52
2322.43
2060.29
2772.99
5419.01
3133.44
1912.83
1687.55
1888.26
2281.47
1835.01
2146.3
1835.01
2932.74
5509.12
3018.75
2506.75
2162.69
2531.33
2240.51
1961.98
2260.99
2244.61
3153.92
5238.78
2736.13
2174.98
2338.82
2539.52
1798.14
1941.5
2011.14
2338.82
3080.19
5447.68
2969.6
2486.27
2002.94
2134.02
2408.45
1748.99
2359.3
1875.97
3198.98
5468.16
3186.69
2101.25
2088.96
3276.8
4927.49
4407.3
9125.89
2019.33
2703.36
5500.93
3231.74
1843.2
1634.3
2023.42
1990.66
2056.19
2342.91
1728.51
2826.24
5537.79
3035.14
1937.41
2392.06
1789.95
1855.49
1732.61
2236.42
2015.23
3051.52
5885.95
3072
2314.24
2666.5
2203.65
1454.08
1916.93
2150.4
2232.32
2486.27
5726.21
2826.24
2519.04
2289.66
1732.61
2129.92
1953.79
2306.05
1859.58
2850.82
5578.75
2691.07
2314.24
2314.24
1908.74
2093.06
2297.86
1867.78
2334.72
151.552
0
4964.35
2121.73
200.704
77.824
0
36.864
110.592
167.936
0
16.384
4767.74
2498.56
53.248
12.288
0
139.264
159.744
0
90.112
40.96
5128.19
2179.07
0
16.384
90.112
204.8
0
159.744
20.48
176.128
4984.83
2125.82
8.192
106.496
180.224
57.344
0
16.384
212.992
53.248
4935.68
2121.73
90.112
159.744
0
53.248
20.48
200.704
53.248
0
4964.35
2203.65
163.84
28.672
16.384
57.344
192.512
53.248
20.48
0
5038.08
2297.86
0
8.192
20.48
233.472
53.248
0
0
90.112
4734.98
2449.41
0
24.576
208.896
53.248
36.864
8.192
86.016
163.84
4911.1
2129.92
16.384
184.32
65.536
16.384
36.864
253.952
212.992
0
4939.78
1437.7
888.832
57.344
16.384
65.536
90.112
163.84
0
0
4935.68
2301.95
65.536
4.096
12.288
126.976
172.032
0
0
16.384
5140.48
2183.17
0
8.192
118.784
221.184
0
0
40.96
188.416
4972.54
2129.92
8.192
98.304
176.128
53.248
0
36.864
188.416
49.152
4964.35
2121.73
90.112
155.648
20.48
8.192
73.728
172.032
49.152
53.248
5033.98
7176.19
2486.27
20.48
0
40.96
188.416
258.048
0
0
5046.27
2314.24
20.48
12.288
12.288
253.952
53.248
0
65.536
135.168
5144.58
2797.57
6565.89
20.48
188.416
49.152
0
77.824
106.496
163.84
4943.87
2121.73
16.384
180.224
65.536
45.056
0
102.4
172.032
0
4947.97
2170.88
180.224
49.152
8.192
73.728
90.112
155.648
0
0
4976.64
2322.43
53.248
0
131.072
147.456
176.128
0
12.288
0
1777.66
1368.06
446.464
176.128
0
0
135.168
356.352
0
20.48
1847.3
1740.8
155.648
106.496
0
147.456
327.68
0
12.288
36.864
2113.54
1482.75
0
151.552
139.264
339.968
0
163.84
0
319.488
1982.46
1388.54
8.192
151.552
335.872
0
0
0
380.928
155.648
1855.49
1310.72
184.32
319.488
0
8.192
0
331.776
217.088
0
1863.68
1576.96
348.16
0
32.768
0
356.352
155.648
0
0
1961.98
1691.65
0
20.48
0
356.352
204.8
0
0
131.072
2220.03
1257.47
0
4.096
372.736
172.032
0
57.344
131.072
344.064
1847.3
1363.97
0
376.832
172.032
0
0
294.912
344.064
0
1896.45
1232.9
393.216
172.032
16.384
24.576
147.456
344.064
0
0
1839.1
1720.32
155.648
20.48
8.192
155.648
356.352
0
0
0
2260.99
1421.31
0
40.96
212.992
339.968
8.192
0
24.576
335.872
2011.14
1388.54
8.192
151.552
352.256
0
0
16.384
339.968
155.648
1855.49
1314.82
229.376
319.488
0
24.576
20.48
315.392
139.264
36.864
1839.1
1540.1
348.16
131.072
0
40.96
356.352
294.912
90.112
0
2019.33
1650.69
16.384
0
0
380.928
147.456
0
16.384
143.36
2166.78
1785.86
8.192
0
147.456
36.864
49.152
8.192
36.864
90.112
1495.04
1122.3
0
86.016
40.96
0
32.768
36.864
208.896
0
1597.44
1019.9
118.784
36.864
0
8.192
69.632
86.016
0
0
1499.14
1216.51
40.96
0
0
36.864
122.88
0
8.192
0
4239.36
4055.04
7442.43
4587.52
3690.5
4030.46
3911.68
3690.5
3502.08
3768.32
3608.58
4083.71
6782.98
5120
3276.8
3710.98
4005.89
3891.2
3969.02
4165.63
3457.02
4128.77
6242.3
4698.11
4055.04
4186.11
3850.24
4030.46
4136.96
3670.02
3469.31
4653.06
6963.2
4837.38
34533.4
61620.2
75022.3
28364.8
3575.81
3936.26
3883.01
3936.26
7049.22
4812.8
3235.84
3211.26
3039.23
3076.1
3289.09
3043.33
3387.39
3796.99
6967.3
4423.68
4124.67
3887.1
3682.3
3604.48
3715.07
4009.98
3571.71
4030.46
7057.41
4874.24
3858.43
3411.97
4046.85
3981.31
3887.1
4202.5
7139.33
24404
61755.4
57307.1
73736.2
74154
65364
3858.43
3756.03
4141.06
4280.32
4198.4
7069.7
4632.58
3772.42
4255.74
3919.87
3883.01
4038.66
4882.43
21246
53846
51933.2
70299.6
71024.6
67108.9
3715.07
3747.84
3756.03
4014.08
3756.03
4153.34
6942.72
4939.78
3690.5
3252.22
3993.6
4182.02
3715.07
3948.54
3768.32
4239.36
6828.03
5181.44
3887.1
4202.5
4325.38
4403.2
4075.52
4104.19
3940.35
4673.54
6766.59
4464.64
4046.85
3940.35
3985.41
3903.49
3665.92
3612.67
4022.27
4431.87
6717.44
4853.76
4136.96
3960.83
3850.24
3915.78
3756.03
4149.25
3493.89
4665.34
7012.35
5582.85
4091.9
4227.07
3567.62
4521.98
4358.14
4059.14
4100.1
4481.02
6762.5
5050.37
3809.28
3600.38
4083.71
3985.41
4079.62
3657.73
3624.96
4157.44
6848.51
4718.59
3735.55
4116.48
4136.96
3788.8
3821.57
4182.02
3809.28
4653.06
6815.74
4710.4
4333.57
4079.62
3837.95
41451.5
55050.2
60100.6
87003.1
66506.8
18477.1
4464.64
4419.58
4034.56
3706.88
3923.97
3883.01
3563.52
3985.41
4444.16
6971.39
4005.89
3657.73
3579.9
4206.59
3878.91
3719.17
3731.46
3936.26
3239.94
4517.89
3735.55
3063.81
3252.22
3399.68
3051.52
2859.01
2752.51
3022.85
3207.17
4153.34
3944.45
2928.64
2842.62
3366.91
3325.95
3092.48
3551.23
2740.22
2990.08
2048
4235.26
3436.54
3420.16
3092.48
3072
3923.97
3166.21
2461.7
3538.94
4333.57
3670.02
2920.45
2506.75
2551.81
3076.1
2691.07
3448.83
3108.86
3125.25
4018.18
4214.78
32608.3
52207.6
45232.1
65003.5
56959
51028
27103.2
3211.26
4239.36
3444.74
3457.02
3567.62
2940.93
3010.56
3100.67
3256.32
2977.79
3186.69
4206.59
3604.48
3547.14
2916.35
3432.45
3493.89
2830.34
3780.61
3375.1
2719.74
3887.1
3072
2646.02
2412.54
2469.89
3235.84
3022.85
3616.77
3612.67
2994.18
4444.16
3895.3
3035.14
3375.1
3174.4
3035.14
3260.42
3432.45
3121.15
2154.5
3694.59
2744.32
2580.48
2785.28
3354.62
3022.85
2854.91
3145.73
3403.78
2891.78
4362.24
3723.26
3035.14
2850.82
3194.88
3637.25
9232.38
1835.01
1765.38
1798.14
2678.78
2256.9
1855.49
2031.62
2150.4
2097.15
1892.35
1851.39
2129.92
2109.44
2441.22
2240.51
1638.4
1945.6
1986.56
1863.68
1638.4
1818.62
1810.43
1867.78
2691.07
2170.88
1974.27
1904.64
1880.06
1978.37
1843.2
1880.06
1654.78
2248.7
2805.76
2166.78
2236.42
2199.55
1658.88
2019.33
2142.21
1859.58
1769.47
1982.46
2375.68
2482.18
1933.31
1519.62
2064.38
1900.54
1740.8
1785.86
1835.01
1560.58
2498.56
2252.8
1912.83
1835.01
1884.16
1892.35
1740.8
1933.31
1785.86
1884.16
2555.9
2322.43
1957.89
2011.14
1757.18
1708.03
1425.41
1605.63
1691.65
1572.86
2265.09
2093.06
2007.04
1941.5
1781.76
1875.97
1712.13
1642.5
1732.61
1933.31
2576.38
2011.14
1613.82
1835.01
1798.14
1892.35
1716.22
1855.49
1740.8
1675.26
