0
0
12.288
8.192
0
24.576
0
0
0
0
217.088
0
20.48
0
0
0
0
20.48
24.576
0
0
0
0
16.384
0
0
0
0
0
0
0
0
0
0
0
0
0
0
61.44
0
0
0
40.96
0
0
4.096
0
0
0
0
0
0
0
0
0
0
0
0
0
0
0
0
0
0
0
0
0
0
0
0
0
0
12.288
0
8.192
28.672
0
0
0
20.48
0
0
28.672
0
24.576
4.096
0
0
12.288
0
0
8.192
4.096
0
0
0
0
0
0
0
0
0
0
0
0
0
0
0
0
0
0
0
0
0
0
0
0
0
0
0
0
0
0
0
0
0
0
0
0
0
0
0
0
0
0
0
0
0
0
0
0
0
0
0
0
0
0
0
12.288
0
0
0
12.288
212.992
0
20.48
0
0
16.384
0
266.24
0
0
0
0
49.152
0
0
24.576
0
0
0
0
16.384
0
0
0
0
0
0
0
0
0
0
0
0
0
0
0
0
0
0
0
0
0
12.288
0
0
0
8.192
0
0
0
0
12.288
0
0
0
0
0
0
0
0
0
16.384
0
0
0
225.28
0
0
0
0
0
12.288
0
0
0
0
8.192
0
0
0
0
28.672
0
0
0
0
32.768
0
0
0
0
32.768
0
0
0
0
0
0
0
0
0
32.768
0
0
0
0
0
0
0
0
0
16.384
0
0
0
0
0
0
0
0
0
0
0
0
0
0
32.768
0
0
0
0
0
0
0
0
0
0
0
0
0
0
36.864
0
0
0
0
0
0
0
0
0
266.24
0
0
0
0
0
0
0
0
0
12.288
0
0
0
0
0
0
0
0
0
0
0
0
0
0
0
0
0
0
0
40.96
0
0
0
0
8.192
0
0
0
0
24.576
0
0
16.384
0
0
0
0
0
0
16.384
0
0
12.288
0
4.096
0
0
0
0
4.096
0
0
12.288
0
0
0
0
0
0
28.672
0
0
0
0
16.384
0
0
28.672
0
12.288
0
0
4.096
0
0
0
0
16.384
49.152
16.384
0
0
0
0
8.192
0
0
0
0
0
12.288
0
4.096
4.096
0
0
0
0
0
0
12.288
0
12.288
0
0
0
0
0
0
0
12.288
0
0
0
0
0
0
0
0
0
12.288
0
8.192
245.76
0
0
0
0
0
12.288
0
0
4.096
4.096
0
0
0
0
0
0
0
0
36.864
4.096
0
0
0
0
0
0
0
0
0
0
0
0
0
8.192
0
0
24.576
0
0
0
0
0
0
0
0
0
12.288
0
0
0
0
0
0
0
0
0
12.288
0
0
0
0
0
0
0
0
0
49.152
221.184
0
0
0
0
0
0
0
0
8.192
24.576
0
0
0
0
0
0
0
0
20.48
24.576
0
0
0
0
0
0
0
0
8.192
24.576
0
0
0
49.152
0
0
0
0
0
0
0
0
0
0
0
0
0
0
8.192
24.576
0
12.288
0
0
0
0
0
0
0
12.288
0
0
4.096
0
0
0
0
12.288
0
4.096
0
12.288
0
0
0
0
0
12.288
0
36.864
0
0
0
0
4.096
221.184
0
49.152
12.288
0
0
0
0
0
0
0
0
4.096
0
0
0
0
0
0
12.288
0
0
0
8.192
0
0
0
0
24.576
0
0
0
12.288
28.672
0
0
0
0
0
24.576
0
0
0
0
16.384
0
0
0
0
0
0
0
0
0
0
0
0
0
0
12.288
0
0
0
0
204.8
0
0
0
20.48
12.288
0
0
0
221.184
0
0
20.48
0
0
0
0
16.384
12.288
0
0
0
0
8.192
0
12.288
0
0
0
0
8.192
0
0
0
0
20.48
0
0
4.096
0
0
0
0
0
0
16.384
0
16.384
4.096
0
0
0
0
0
0
0
0
0
0
0
0
0
0
0
0
0
0
0
0
0
0
0
0
0
0
0
0
0
0
0
0
0
0
0
0
12.288
0
0
0
221.184
0
0
0
0
12.288
0
0
0
0
0
0
0
0
0
0
16.384
0
16.384
40.96
0
0
0
0
32.768
0
24.576
0
0
12.288
0
0
0
0
0
0
0
0
0
0
0
0
0
0
0
0
0
0
0
0
0
0
0
0
0
0
20.48
0
0
0
0
0
0
0
8.192
4.096
0
0
0
0
0
0
0
0
0
0
0
0
0
0
0
0
0
0
0
0
28.672
0
0
0
0
4.096
0
0
0
12.288
0
0
0
0
0
0
0
0
0
12.288
0
0
0
0
0
0
0
0
0
0
0
0
0
0
0
0
8.192
0
0
28.672
0
24.576
0
0
0
0
8.192
0
0
24.576
0
0
0
0
0
0
0
0
225.28
4.096
0
0
0
0
0
0
8.192
0
0
24.576
0
0
0
0
0
0
241.664
0
0
28.672
0
0
0
0
0
0
12.288
0
0
0
0
0
0
0
0
0
12.288
0
0
0
0
49.152
0
0
274.432
24.576
0
0
0
0
0
0
0
0
0
0
0
12.288
0
0
0
0
0
0
0
0
0
0
0
0
0
0
0
0
0
0
20.48
0
0
16.384
8.192
0
0
0
0
0
4.096
0
0
4.096
0
0
0
0
0
0
0
0
0
12.288
0
0
0
0
0
0
4.096
0
0
12.288
0
16.384
0
0
