20.48
0
9666.56
0
0
45.056
0
0
0
61.44
0
0
0
0
24.576
0
0
16052.2
0
77.824
0
0
0
0
77.824
0
0
0
0
20.48
0
0
0
0
20.48
0
0
14782.5
0
57.344
0
0
0
0
20.48
0
0
0
0
20.48
0
0
0
0
81.92
0
0
8859.65
0
53.248
0
0
0
0
24.576
0
0
0
0
16.384
0
0
9895.94
0
45.056
0
0
0
0
20.48
0
0
0
0
16.384
0
0
9527.3
0
81.92
0
0
0
0
53.248
0
0
0
0
20.48
0
0
7634.94
1835.01
86.016
0
0
0
0
20.48
0
0
0
0
20.48
0
0
8904.7
10117.1
57.344
0
0
0
0
20.48
0
0
0
0
77.824
0
0
0
0
20.48
0
0
2514.94
8667.14
57.344
0
0
0
0
61.44
0
0
0
0
20.48
0
0
0
11431.9
53.248
0
0
0
0
20.48
0
0
0
0
65.536
0
0
0
8462.34
57.344
0
0
0
0
20.48
0
0
0
0
20.48
0
0
0
9736.19
90.112
0
0
0
0
20.48
0
0
0
0
16.384
0
0
0
6017.02
81.92
0
0
0
0
57.344
10166.3
0
0
0
53.248
0
0
0
0
49.152
0
0
0
0
20.48
17313.8
0
0
0
73.728
0
0
0
0
16.384
0
0
0
0
16.384
11628.5
0
0
0
49.152
0
0
0
0
57.344
0
0
0
0
16.384
9723.9
0
0
0
49.152
0
0
0
0
16.384
0
0
0
0
57.344
8286.21
0
0
0
49.152
0
0
0
0
16.384
0
0
0
0
16.384
10240
0
0
0
61.44
0
0
0
0
61.44
0
0
0
0
16.384
11386.9
0
0
0
49.152
0
0
0
0
16.384
0
0
0
0
69.632
7995.39
0
0
0
49.152
0
0
0
0
28.672
0
0
0
0
16.384
20521
0
0
0
77.824
0
0
0
0
16.384
0
0
0
0
12.288
0
0
0
0
12.288
14336
0
0
0
49.152
0
0
0
0
57.344
0
0
0
0
16.384
10203.1
0
0
0
49.152
0
0
0
0
53.248
0
0
0
0
36.864
9416.7
253.952
0
0
65.536
0
0
0
0
16.384
0
0
0
0
16.384
0
12242.9
0
0
77.824
0
0
0
0
40.96
0
0
0
0
8056.83
0
0
0
0
73.728
0
0
0
0
49.152
0
0
0
0
4071.42
9863.17
0
0
0
86.016
0
0
0
0
20.48
0
0
0
0
20.48
8896.51
0
0
0
61.44
0
0
0
0
24.576
0
0
0
0
20.48
7323.65
0
0
0
53.248
0
0
0
0
24.576
0
0
0
0
20.48
7544.83
0
0
0
0
57.344
0
0
0
0
24.576
0
0
0
0
6455.3
0
0
0
0
53.248
0
0
0
0
53.248
0
0
0
0
7806.98
0
0
0
0
61.44
0
0
0
0
65.536
0
0
0
0
7032.83
0
0
0
0
94.208
0
0
0
0
24.576
0
0
0
0
18087.9
0
0
0
0
61.44
0
0
0
0
20.48
0
0
0
0
16.384
0
0
0
0
9146.37
0
0
0
0
49.152
0
0
0
0
36.864
0
0
0
0
7602.18
0
0
0
0
49.152
0
0
0
0
20.48
0
0
0
0
7782.4
0
0
0
0
49.152
0
0
0
0
69.632
0
0
0
0
7372.8
0
0
0
0
61.44
0
0
0
0
24.576
0
0
0
0
0
0
77.824
0
0
0
0
20.48
0
0
0
0
11264
0
0
0
0
69.632
0
0
0
0
77.824
0
0
0
0
20.48
0
0
0
0
19808.3
0
0
0
0
61.44
0
0
0
0
36.864
0
0
0
0
61.44
0
0
0
0
12357.6
0
0
0
0
57.344
0
0
0
0
1146.88
0
0
0
0
32.768
0
0
0
0
11784.2
0
0
0
0
57.344
0
0
0
0
20.48
0
0
0
0
86.016
0
0
0
0
9801.73
0
0
0
0
65.536
0
0
0
0
57.344
0
0
0
0
5189.63
4177.92
0
0
0
57.344
0
0
0
0
28.672
0
0
0
0
20.48
20598.8
0
0
0
81.92
0
0
0
0
20.48
0
0
0
0
20.48
0
0
0
0
69.632
8355.84
0
0
0
57.344
0
0
0
0
16.384
0
0
0
0
16.384
11055.1
0
0
0
49.152
0
0
0
0
20.48
0
0
0
0
16.384
11083.8
0
0
0
49.152
0
0
0
0
57.344
0
0
0
0
57.344
8609.79
0
0
0
73.728
0
0
0
0
20.48
0
0
0
0
20.48
7376.9
0
0
0
57.344
0
0
0
0
24.576
0
0
0
0
28.672
12697.6
0
0
0
57.344
0
0
0
0
24.576
0
0
0
0
49.152
7061.5
0
0
0
53.248
0
0
0
0
20.48
0
0
0
0
16.384
6905.86
0
0
0
45.056
0
0
0
0
65.536
0
0
0
0
16.384
7249.92
0
0
0
53.248
0
0
0
0
20.48
0
0
0
0
16.384
6520.83
0
0
0
45.056
0
0
0
0
20.48
0
0
0
0
49.152
6537.22
0
0
0
57.344
0
0
0
0
24.576
0
0
0
0
20.48
6373.38
0
0
0
49.152
0
0
0
0
32.768
0
61.44
0
0
0
16863.2
61.44
0
0
0
0
24.576
0
0
0
0
45.056
0
0
0
0
45.056
0
0
0
8769.54
57.344
0
0
0
0
65.536
0
0
0
0
20.48
0
0
0
8822.78
57.344
0
0
0
0
24.576
0
0
0
0
24.576
0
0
0
7090.18
49.152
0
0
0
0
24.576
0
0
0
0
20.48
0
0
0
6627.33
73.728
0
0
0
0
20.48
0
0
0
0
20.48
