0
0
0
0
7581.7
0
0
0
0
69.632
0
0
0
0
77.824
0
0
0
0
7499.78
0
0
0
0
69.632
0
0
0
0
20.48
0
0
0
0
3870.72
3784.7
0
0
0
57.344
0
0
0
0
24.576
0
0
0
0
20.48
7811.07
0
0
0
53.248
0
0
0
0
20.48
0
0
0
0
61.44
5668.86
0
0
0
65.536
0
0
0
0
24.576
0
0
0
0
61.44
7147.52
0
0
0
69.632
0
0
0
0
28.672
0
0
0
0
49.152
7294.98
0
0
0
86.016
0
0
0
0
28.672
0
0
0
0
73.728
5435.39
0
0
0
65.536
0
61.44
0
0
0
0
28.672
0
0
0
8962.05
94.208
0
0
0
0
32.768
0
0
0
0
24.576
0
0
0
7475.2
57.344
0
0
0
0
28.672
0
0
0
0
28.672
0
0
0
7393.28
57.344
0
0
0
0
73.728
0
0
0
0
28.672
0
0
0
7086.08
65.536
0
0
0
0
28.672
0
0
0
0
49.152
0
0
0
7897.09
86.016
0
0
0
0
28.672
0
0
0
0
28.672
0
0
0
7516.16
0
3698.69
0
0
0
0
53.248
0
0
0
0
4063.23
0
0
0
0
53.248
0
0
0
0
4476.93
0
0
0
0
69.632
0
0
0
0
4636.67
0
0
0
0
53.248
0
0
0
0
3522.56
0
0
0
0
49.152
0
0
0
0
3608.58
0
0
0
0
49.152
0
0
0
0
3428.35
0
0
0
0
49.152
0
0
0
0
3493.89
0
0
0
0
49.152
0
0
0
0
3653.63
0
0
0
0
118.784
0
0
0
0
3473.41
0
0
0
0
24.576
0
0
0
0
4296.7
0
0
0
0
28.672
0
0
0
0
3919.87
0
0
0
0
24.576
0
0
0
0
4788.22
0
0
0
0
24.576
0
0
0
0
3584
0
0
0
0
61.44
0
0
0
0
4493.31
0
0
0
0
24.576
0
0
0
0
3522.56
0
0
0
0
53.248
0
0
0
0
4263.94
0
0
0
0
20.48
0
0
0
0
3469.31
0
0
0
0
20.48
0
0
0
0
3989.5
0
0
0
0
24.576
0
0
0
0
3780.61
0
0
0
0
20.48
0
0
0
0
0
0
0
57.344
4.096
0
0
0
69.632
0
0
0
0
20.48
7065.6
0
0
0
49.152
2347.01
0
0
0
61.44
0
0
0
0
20.48
3571.71
0
0
0
40.96
73.728
0
0
0
57.344
3637.25
0
0
0
40.96
0
0
0
0
20.48
962.56
0
0
0
28.672
3706.88
0
0
0
40.96
2609.15
0
0
0
32.768
0
0
0
0
20.48
10154
0
0
0
45.056
0
0
0
0
20.48
65.536
0
0
0
20.48
2359.3
0
0
0
61.44
2523.14
0
0
0
32.768
0
0
0
0
20.48
2510.85
0
0
0
32.768
40.96
0
0
0
20.48
65.536
0
0
0
20.48
2367.49
0
0
0
40.96
9494.53
0
0
0
69.632
0
0
0
0
16.384
2576.38
0
0
0
57.344
0
0
0
0
16.384
65.536
0
0
0
61.44
10403.8
0
0
0
65.536
0
0
0
0
20.48
0
0
0
0
57.344
6615.04
0
0
0
53.248
0
0
0
0
20.48
0
0
0
0
20.48
7012.35
0
0
0
45.056
0
0
0
0
20.48
0
0
0
0
20.48
7172.1
0
0
0
45.056
0
0
0
0
61.44
0
0
0
8032.26
57.344
0
0
0
0
28.672
0
0
0
0
49.152
0
0
0
8261.63
61.44
0
0
0
0
32.768
0
0
0
0
16.384
0
0
0
6811.65
81.92
0
0
0
0
28.672
0
0
0
0
20.48
0
0
0
7880.7
53.248
0
0
0
0
24.576
0
0
0
0
20.48
0
0
0
7692.29
61.44
0
0
0
0
28.672
0
0
0
0
57.344
0
0
0
6316.03
61.44
0
0
0
0
86.016
0
0
0
0
20.48
0
0
0
9179.14
57.344
0
0
0
0
28.672
0
0
0
0
20.48
0
0
0
8380.42
53.248
0
0
0
0
28.672
0
0
0
0
65.536
0
0
0
7983.1
69.632
0
0
0
0
28.672
0
0
0
0
24.576
0
0
0
4976.64
3379.2
0
0
0
0
32.768
0
0
0
0
24.576
0
0
0
0
7630.85
0
0
0
0
32.768
0
0
0
0
61.44
0
0
0
0
6774.78
0
0
0
0
24.576
0
0
0
0
20.48
0
0
0
0
8822.78
0
0
0
0
69.632
0
0
0
0
20.48
0
0
0
0
9306.11
0
0
0
0
0
0
0
20.48
0
0
0
0
36.864
8654.85
0
0
0
81.92
0
0
0
0
57.344
0
0
0
0
49.152
9191.42
0
0
0
69.632
0
0
0
0
24.576
0
0
0
0
20.48
9093.12
0
0
0
53.248
0
0
0
0
53.248
0
0
0
0
16.384
8425.47
0
0
0
57.344
0
0
0
0
16.384
0
0
0
0
45.056
6598.66
0
0
0
73.728
0
0
0
0
24.576
0
0
0
0
20.48
9392.13
0
0
0
53.248
0
0
0
0
57.344
0
0
0
0
20.48
7712.77
0
0
0
57.344
0
0
0
0
20.48
0
0
0
0
61.44
9351.17
0
0
0
94.208
0
0
0
0
53.248
0
0
0
0
16.384
10240
0
0
0
65.536
0
0
0
0
16.384
0
0
0
0
81.92
7565.31
0
0
0
61.44
0
0
0
0
24.576
0
0
0
0
20.48
8765.44
0
0
0
53.248
0
0
0
0
20.48
0
0
0
0
57.344
7491.58
0
0
0
57.344
0
0
0
0
24.576
0
0
0
0
94.208
7786.5
0
0
0
57.344
0
0
0
0
16.384
0
