3874.82
17571.8
58667
43212.8
39854.1
81129.5
56025.1
3870.72
3850.24
3936.26
3846.14
3870.72
3780.61
3985.41
3457.02
6656
4333.57
3534.85
2482.18
2007.04
2224.13
1413.12
2318.34
2600.96
2744.32
5201.92
3674.11
3448.83
3407.87
3932.16
3895.3
3923.97
3981.31
3354.62
3670.02
7086.08
4931.58
3829.76
3837.95
3649.54
3862.53
3690.5
3874.82
7143.42
17801.2
6971.39
4780.03
3973.12
3874.82
3289.09
2535.42
2174.98
2146.3
1572.86
1581.06
5541.89
2940.93
2367.49
3420.16
3899.39
3764.22
3715.07
2416.64
4075.52
3702.78
6721.54
4677.63
3829.76
3313.66
3112.96
2990.08
3121.15
2666.5
2920.45
3039.23
6250.5
4907.01
4141.06
3858.43
3923.97
3702.78
3887.1
3899.39
3608.58
3297.28
6103.04
3866.62
4292.61
56221.7
58224.6
36053
88121.3
73654.3
65642.5
28553.2
6971.39
4599.81
4255.74
3878.91
4083.71
3768.32
3981.31
3903.49
3760.13
3657.73
6909.95
4907.01
3891.2
3809.28
3862.53
3846.14
3764.22
4218.88
3166.21
2674.69
4927.49
3911.68
1527.81
1941.5
2351.1
2207.74
2400.26
2482.18
2572.29
2486.27
5787.65
4087.81
2957.31
3571.71
3854.34
3735.55
3620.86
3731.46
3833.86
17166.3
7028.74
5025.79
4014.08
3817.47
3854.34
3907.58
4001.79
3870.72
3792.9
3776.51
6512.64
5169.15
52576.3
67690.5
6873.09
3100.67
2846.72
4165.63
1990.66
2609.15
4952.06
2965.5
3145.73
3362.82
3309.57
3403.78
2977.79
3497.98
3231.74
3260.42
6545.41
4407.3
3354.62
2965.5
3026.94
3825.66
3854.34
3850.24
3571.71
3411.97
6946.82
34627.6
63049.7
31977.5
57987.1
59293.7
46006.3
37347.3
2994.18
2932.74
5722.11
4456.45
3436.54
3108.86
3526.66
3002.37
3088.38
3215.36
3084.29
2576.38
5484.54
4120.58
4055.04
3891.2
4014.08
3743.74
131.072
524.288
122.88
0
1417.22
5550.08
794.624
16.384
8.192
237.568
503.808
135.168
0
8.192
1646.59
5603.33
557.056
69.632
61.44
507.904
155.648
32.768
0
212.992
1851.39
5087.23
1200.13
94.208
512
102.4
16.384
8.192
196.608
462.848
1433.6
5304.32
602.112
491.52
126.976
0
16.384
208.896
495.616
45.056
1417.22
5193.73
1048.58
126.976
0
8.192
225.28
409.6
0
77.824
1470.46
5537.79
720.896
0
45.056
233.472
450.56
0
16.384
53.248
1966.08
5275.65
528.384
0
258.048
585.728
40.96
0
45.056
487.424
1556.48
5296.13
360.448
233.472
425.984
16.384
8.192
49.152
483.328
118.784
1409.02
5152.77
10018.8
12546
0
0
49.152
462.848
135.168
0
1495.04
5566.46
786.432
0
0
49.152
565.248
118.784
0
12.288
1654.78
5865.47
352.256
8.192
65.536
483.328
94.208
0
0
196.608
1851.39
5144.58
524.288
69.632
462.848
139.264
20.48
81.92
217.088
393.216
1413.12
5316.61
417.792
499.712
147.456
16.384
139.264
241.664
454.656
0
1413.12
5427.2
897.024
122.88
0
0
237.568
466.944
0
8.192
1470.46
5685.25
647.168
65.536
8.192
217.088
454.656
0
53.248
90.112
1884.16
5238.78
524.288
0
212.992
430.08
0
0
49.152
544.768
1540.1
5320.7
421.888
245.76
413.696
16.384
53.248
81.92
487.424
143.36
1433.6
5316.61
581.632
442.368
0
0
94.208
446.464
118.784
0
1486.85
5353.47
987.136
0
20.48
49.152
647.168
102.4
0
8.192
1634.3
5775.36
7462.91
14823.4
94.208
507.904
90.112
8.192
180.224
20.48
0
569.344
2027.52
106.496
0
8.192
212.992
94.208
94.208
0
8.192
643.072
2043.9
32.768
12.288
16.384
94.208
20.48
65.536
0
98.304
1335.3
1982.46
73.728
8.192
94.208
36.864
0
8.192
73.728
192.512
655.36
1945.6
40.96
98.304
20.48
0
0
73.728
110.592
57.344
581.632
1777.66
299.008
53.248
24.576
8.192
36.864
110.592
0
73.728
667.648
1986.56
53.248
0
24.576
36.864
77.824
32.768
20.48
8.192
716.8
3284.99
73.728
0
40.96
266.24
0
0
4.096
94.208
593.92
1916.93
114.688
36.864
81.92
106.496
8.192
81.92
90.112
20.48
638.976
1900.54
69.632
73.728
0
0
90.112
118.784
24.576
0
589.824
1994.75
135.168
0
0
12.288
118.784
24.576
32.768
16.384
659.456
2015.23
40.96
8.192
8.192
90.112
16.384
28.672
45.056
36.864
655.36
1888.26
32.768
8.192
102.4
20.48
0
40.96
106.496
69.632
569.344
1953.79
98.304
102.4
36.864
81.92
98.304
45.056
163.84
0
581.632
1978.37
163.84
20.48
0
0
40.96
131.072
61.44
8.192
585.728
2068.48
49.152
8.192
8.192
45.056
98.304
0
86.016
73.728
655.36
1937.41
86.016
0
36.864
86.016
0
32.768
8.192
143.36
675.84
1896.45
81.92
57.344
106.496
0
8.192
73.728
90.112
40.96
593.92
1990.66
86.016
77.824
0
0
8.192
122.88
24.576
0
589.824
1986.56
167.936
0
20.48
12.288
327.68
20.48
0
8.192
675.84
2011.14
32.768
24.576
8.192
94.208
40.96
7430.14
7585.79
7344.13
7122.94
8572.93
9809.92
6680.58
7241.73
7147.52
7168
7196.67
7188.48
6950.91
7163.9
54247.4
54460.4
40718.3
73609.2
90779.6
80310.3
72466.4
80551.9
65646.6
46043.1
45289.5
40304.6
14278.7
7540.74
7467.01
7544.83
7536.64
7057.41
7598.08
6172.67
8593.41
10227.7
7139.33
7041.02
6778.88
7299.07
7667.71
7340.03
7352.32
7614.46
8839.17
9494.53
7565.31
20561.9
39919.6
68739.1
78950.4
73232.4
82157.6
51286
78516.2
85897.2
84713.5
69046.3
39727.1
7000.06
7434.24
6995.97
4997.12
6889.47
8257.54
8912.9
7049.22
18968.6
46309.4
51253.2
55808
54042.6
24088.6
6844.42
7962.62
8892.42
7122.94
7000.06
6860.8
7299.07
7385.09
7491.58
6983.68
12709.9
61304.8
74182.7
78233.6
71807
92332
99041.3
71692.3
75198.5
35532.8
7335.94
8519.68
8986.62
7028.74
7491.58
7487.49
7258.11
7733.25
7729.15
7016.45
6684.67
8396.8
9551.87
7663.62
7331.84
7237.63
7344.13
8044.54
7692.29
7061.5
6975.49
7319.55
23994.4
43884.5
54738.9
55676.9
73236.5
78913.5
72699.9
73461.8
70508.5
76668.9
48144.4
57667.6
27521
7311.36
6864.9
7262.21
6057.98
7532.54
7557.12
8933.38
9433.09
7094.27
6799.36
7708.67
7626.75
7630.85
7495.68
7069.7
7176.19
8658.94
8810.5
7409.66
6963.2
26718.2
51535.9
42700.8
53846
66936.8
47034.4
78635
78372.9
59711.5
51384.3
57040.9
51654.7
62865.4
36855.8
7712.77
7368.7
8372.22
10186.8
7987.2
7200.77
7200.77
7307.26
7598.08
7163.9
7028.74
6631.42
8093.7
9629.7
6815.74
6852.61
6803.46
6385.66
7266.3
23068.7
40194
50909.2
59793.4
65376.3
40812.5
46506
17489.9
36036.6
48529.4
37265.4
54751.2
63385.6
51503.1
48451.6
49631.2
7241.73
7589.89
7053.31
7626.75
4337.66
4362.24
4370.43
4280.32
4333.57
5750.78
15216.6
4472.83
4644.86
4517.89
4636.67
4202.5
4739.07
4648.96
4231.17
4341.76
4300.8
4108.29
3252.22
2506.75
2682.88
2084.86
12120.1
54530
53153.8
63434.8
71458.8
50651.1
29896.7
4411.39
4612.1
4644.86
4620.29
4308.99
3620.86
5193.73
4739.07
4481.02
4321.28
4173.82
4497.41
4153.34
4423.68
4603.9
4435.97
5197.82
4628.48
4608
4419.58
4034.56
3133.44
2748.42
2621.44
2863.1
1601.54
3657.73
2310.14
2973.7
3952.64
4501.5
4292.61
4349.95
3403.78
4448.26
4325.38
4816.9
4485.12
4382.72
4063.23
45207.6
54816.8
38584.3
70537.2
61341.7
55566.3
21254.1
4788.22
4542.46
4321.28
4673.54
4198.4
4378.62
4345.86
4407.3
4042.75
4104.19
3350.53
3485.7
2625.54
2486.27
1875.97
3072
2879.49
3903.49
4796.42
4976.64
4509.7
4599.81
4481.02
4558.85
4304.9
4399.1
4677.63
4407.3
4403.2
4849.66
4755.46
4616.19
4341.76
4681.73
4403.2
4427.78
4624.38
29229.1
74973.2
56586.2
67137.5
69173.2
79306.8
72777.7
54231
48435.2
2777.09
3133.44
2961.41
3842.05
3788.8
4001.79
4431.87
4620.29
4452.35
4308.99
4280.32
4472.83
4669.44
5189.63
4714.5
4599.81
4583.42
4321.28
4419.58
4550.66
4603.9
4300.8
4468.74
4993.02
4431.87
4759.55
4599.81
3928.06
3678.21
3485.7
3747.84
3981.31
3465.22
2564.1
2576.38
3489.79
3874.82
3936.26
3948.54
3678.21
4108.29
30228.5
49106.9
37191.7
46493.7
54546.4
49827.8
45912.1
27328.5
4562.94
4526.08
4190.21
4263.94
5054.46
4759.55
4390.91
4464.64
4390.91
4296.7
4313.09
4018.18
3641.34
3719.17
3764.22
4116.48
4050.94
3821.57
4464.64
3645.44
3792.9
3977.22
3932.16
3166.21
3731.46
3469.31
4354.05
4734.98
4673.54
4378.62
