25.324
30.247
33.973
30.109
33.699
34.771
32.707
22.177
22.962
25.051
24.625
23.842
23.232
23.409
21.875
20.353
21.37
18.921
14.624
10.897
14.343
9.192
15.027
16.802
16.09
15.086
17.409
21.204
22.531
24.658
26.102
23.738
24.247
25.787
19.851
25.763
24.569
25.753
22.047
21.311
27.632
21.751
25.396
29.055
29.212
27.078
23.265
25.629
23.485
18.699
14.457
13.926
12.442
10.313
10.714
15.825
10.613
13.347
21.288
21.954
22.836
27.297
13.694
22.268
24.451
22.78
21.355
22.032
19.231
20.848
20.396
17.498
18.84
20.515
18.32
17.683
24.708
22.778
22.865
25.791
23.014
25.223
23.945
21.39
19.337
17.826
15.421
18.932
20.747
18.654
16.045
22.886
23.401
31.893
28.166
24.863
23.187
25.325
25.874
24.212
25.288
23.066
24.183
20.963
21.535
26.944
25.154
24.367
23.744
20.458
28.289
23.191
27.128
21.631
19.932
11.119
17.623
10.533
14.45
16.541
14.773
13.837
14.015
14.574
13.046
17.221
18.077
15.539
22.245
21.336
22.565
19.165
24.863
24.11
26.662
26.392
26.556
23.897
22.774
24.527
25.691
25.342
25.706
22.306
21.939
23.823
24.096
33.753
32.537
17.599
18.674
16.418
17.665
18.58
14.218
11.03
12.458
19.313
19.851
19.918
17.131
17.659
20.602
22.253
21.688
21.637
27.008
21.468
19.113
22.415
24.356
21.414
23.883
21.448
21.683
24.763
29.533
30.311
28.677
30.021
28.747
31.156
25.73
14.315
17.008
18.776
18.784
16.871
18.1
19.688
19.372
18.601
16.995
14.179
14.485
17.51
14.82
21.943
24.895
27.529
24.809
8.693
13.921
9.543
9.091
9.392
13.094
12.617
9.348
8.94
10.75
10.533
10.523
7.632
9.157
8.564
14.372
6.768
8.851
4.275
6.283
4.681
4.104
4.994
5.855
11.508
13.18
9.605
10.02
12.458
10.919
9.974
8.448
12.684
10.806
10.211
13.639
9.96
9.954
10.047
9.908
9.416
10.724
11.654
10.39
13.16
12.583
13.768
9.729
10.04
6.933
6.401
5.909
4.896
3.891
7.292
9.443
4.964
8.055
8.23
10.086
11.2
8.487
6.68
10.203
11.457
12.061
8.82
10.87
9.267
11.385
6.549
11.629
9.251
8.988
10.838
11.272
9.192
8.35
13.564
8.624
9.615
11.835
10.231
9.565
9.552
11.031
12.719
9.019
6.254
3.553
4.099
6.697
7.274
10.459
11.788
11.628
11.773
8.933
9.007
9.746
12.366
11.148
7.895
8.713
8.774
14.928
10.8
8.696
11.001
10.925
10.724
11.267
10.268
9
8.953
8.893
5.921
6.287
7.982
6.954
6.013
5.26
5.779
8.492
6.126
8.422
6.477
9.175
8.904
9.373
7.53
9.596
11.237
8.905
12.151
13.142
11.404
9.236
8.079
9.854
12.425
12.242
8.284
8.432
10.18
11.448
11.995
8.816
7.846
7.294
8.858
5.592
6.715
7.053
7.175
7.41
5.026
9.276
8.339
10.265
5.727
5.775
8.916
10.41
10.193
14.391
10.583
8.587
9.914
10.072
9.017
8.681
12.593
8.355
9.229
13.369
9.75
9.546
7.531
6.473
9.502
10.698
6.912
6.836
7.12
11.362
9.031
6.815
7.39
8.827
9.259
7.662
6.86
4.61
7.213
13.285
13.372
13.055
12.309
10.418
10.442
8.333
9.613
9.352
7.096
9.705
9.848
9.654
7.186
9.31
8.899
8.951
9.205
7.632
8.564
8.147
9.807
7.743
6.049
4.543
5.098
3.881
4.472
5.366
6.876
7.838
5.352
8.581
8.594
9.761
11.674
8.824
7.937
9.199
8.058
10.12
11.296
9.812
8.142
8.841
9.914
7.218
10.294
9.549
9.742
9.6
9.886
10.804
11.03
8.54
8.047
6.401
4.796
4.204
3.234
4.362
7.572
4.672
4.414
8.868
8.635
8.681
7.086
5.787
7.808
9.242
11.523
9.486
8.963
6.645
9.139
8.667
8.044
6.23
9.74
7.748
8.965
8.11
8.927
8.008
8.989
9.746
7.82
10.471
9.511
6.865
7.134
7.542
5.534
5.901
4.522
3.555
6.343
6.623
8.344
8.394
9.013
7.281
9.151
10.181
9.623
7.585
9.581
7.091
7.492
8.472
11.894
9.242
8.646
8.213
11.237
8.216
10.667
8.908
6.409
6.287
7.035
5.263
4.889
5.614
5.683
6.316
5.534
5.39
6.802
4.186
7.124
7.021
7.753
6.794
8.344
9.26
7.19
9.98
7.503
11.156
9.404
10.755
8.984
7.407
11.104
10.007
9.96
7.902
8.554
7.839
11.162
8.759
7.799
6.258
7.672
6.829
5.356
8.013
6.645
5.688
6.307
4.694
7.336
7.138
8.785
6.601
5.588
8.217
8.681
8.604
11.812
9.86
8.104
8.273
8.664
8.406
7.472
11.788
6.356
9.132
10.4
9.284
8.733
9.767
6.349
9.305
9.211
6.865
5.767
4.213
9.656
7.105
7.157
7.576
7.961
8.146
7.218
6.588
4.637
6.001
7.667
6.283
9.316
9.727
10.067
10.185
49.579
50.793
48.459
51.626
50.071
50.907
50.553
50.39
52.076
49.683
50.174
50.954
50.463
52.128
51.475
54.545
51.485
48.47
46.814
47.626
45.141
44.871
44.922
47.442
53.526
48.292
51.555
47.055
53.782
53.389
49.057
53.295
51.073
46.192
52.211
52.99
49.475
51.348
50.46
48.784
48.671
49.259
51.307
53.492
51.179
52.14
51.947
50.175
53.537
50.139
46.564
46.643
44.895
40.688
46.46
46.186
44.811
48.339
49.026
48.76
47.78
46.09
34.941
48.849
50.214
50.746
48.345
50.567
49.222
48.463
48.506
48.864
49.469
46.946
47.3
49.433
48.543
53.021
50.819
51.128
51.296
48.351
50.572
50.669
52.974
52.378
47.86
44.726
44.815
40.46
47.013
44.103
46.657
51.016
51.813
51.397
51.922
53.357
53.338
51.647
50.938
51.691
51.697
50.247
48.914
53.944
52.624
52.18
52.454
50.389
54.412
51.748
50.216
45.776
38.735
35.928
42.708
45.467
44.958
47.458
48.115
49.542
46.602
47.672
47.468
53.329
47.579
47.775
49.409
50.281
50.352
49.68
50.106
49.051
52.907
55.039
52.054
50.647
49.791
51.459
51.852
49.07
53.205
50.072
49.119
51.373
51.889
49.247
50
48.975
50.426
47.554
49.428
49.5
47.265
48.592
46.274
49.577
49.1
49.79
47.368
47.599
46.304
47.273
48.232
49.794
46.786
48.95
47.461
49.857
50.626
53.178
50.678
46.657
49.638
53.803
47.555
50.745
47.622
49.86
48.496
50.779
51.068
48.483
45.519
51.433
48.831
49.135
47.789
50.883
48.376
49.684
48.028
46.225
46.055
53.559
48.153
51.029
52.738
51.585
53.163
42.19
40.957
42.706
40.111
38.178
41.818
41.904
39.958
39.273
40.112
38.015
39.889
37.353
37.219
35.23
31.319
32.03
31.327
23.195
18.473
18.491
14.506
21.287
35.371
37.996
32.604
37.174
42.134
46
43.113
41.896
38.558
38.092
42.091
33.131
43.845
41.331
37.722
41.164
40.412
42.568
41.222
42.558
42.407
44.083
39.325
37.761
43.313
41.022
32.414
23.822
17.394
18.578
19.648
11.31
22.994
14.745
20.396
31.799
33.539
40.478
39.874
27.378
34.844
37.022
36.264
37.535
42.431
35.286
40.287
43.724
40.578
42.313
42.091
43.759
34.884
35.871
41.489
39.931
39.217
42.426
44.095
40.645
39.286
40.859
28.013
23.077
28.877
20.164
17.627
18.139
22.289
20.992
37.275
39.092
42.409
33.194
41.661
41.095
46.122
42.565
43.811
42.484
37.904
35.931
41.217
40.223
43.661
42.017
39.121
40.997
45.049
44.337
44.176
50.488
40.773
47.128
37.432
40.909
41.45
35.814
29.216
19.583
22.51
23.342
26.102
27.661
23.183
31.806
38.419
36.655
36.678
37.141
42.549
41.09
39.394
38.947
37.266
37.812
44.257
42.847
43.368
40.52
39.152
42.356
36.893
38.567
41.763
36.312
33.566
31.497
25.806
29.135
28.845
23.372
16.274
17.439
30.652
31.211
30.116
33.471
27.186
34.756
45.442
49.105
50.277
49.652
50.104
49.621
45.29
44.587
42.988
39.019
44.421
37.129
41.785
38.747
39.781
36.798
34.145
36.632
38.408
33.908
24.846
29.925
24.384
29.285
30.459
28.433
36.256
28.659
26.821
27.861
27.106
20.659
22.639
26.999
32.731
42.206
42.098
40.874
