0.375
9.861
14.668
40.493
43.673
38.125
53.27
53.113
47.078
12.811
0.89
18.915
49.057
46.148
56.963
68.901
93.008
71.564
58.479
41.063
7.083
42.677
71.076
38.099
60.015
74.038
44.252
41.083
67.886
60.608
79.179
68.168
61.836
51.817
50.04
48.317
43.937
47.125
55.529
54.695
51.757
33.846
6.035
53.142
77.35
58.859
48.027
46.463
78.165
65.376
25.143
41.567
22.975
18.878
26.169
22.191
13.559
79.389
88.012
79.702
79.201
70.494
83.55
54.366
35.303
74.449
51.947
72.672
34.666
45.523
98.902
92.946
95.05
96.868
76.742
81.259
94.664
63.057
56.327
72.594
52.239
25.156
35.583
33.134
74.427
37.411
53.499
42.164
41.587
55.054
40.677
2.202
12.895
37.578
43.239
42.578
47.875
25
55.997
63.072
91.729
57.611
55.547
58.037
58.518
53.763
56.341
44.382
38.924
50.388
42.913
50.898
55.42
82.691
48.6
21.628
38.462
28.964
40.217
53.647
50.39
53.286
52.849
80.077
37.673
19.239
23.481
64.598
65.743
49.844
52.255
48.67
50.157
49.146
54.729
48.18
48.876
43.893
49.688
43.339
46.082
51.527
50.664
28.671
35.02
44.601
22.387
15.639
51.366
66.334
64.563
41.154
24.873
25.186
34.353
22.95
10.665
38.808
13.489
1.593
0.566
0.69
0.441
0.88
0.439
0.44
0.377
0.44
0.44
1.342
5.249
3.914
0.756
0.884
0.756
1.337
2.252
1.013
1.966
7.323
20.362
45.803
80.798
69.319
14.078
6.229
43.311
58.544
41.855
56.055
48.499
46.753
36.209
30.753
49.12
58.792
42.372
27.381
53.905
35.83
38.311
3.032
19.156
17.397
46.49
47.414
42.088
61.687
59.799
47.6
12.371
0.954
21.278
52.445
52.22
60.629
51.325
12.573
32.382
52.74
46.055
6.237
9.352
50.123
42.308
45.942
48.565
27.994
26.176
50.797
52.776
51.51
53.834
53.249
53.662
53.98
53.375
42.934
49.233
52.844
49.563
50.945
33.037
9.474
51.99
53.092
44.077
40.865
30.024
44.058
42.447
11.475
28.14
7.521
9.437
8.961
6.803
5.724
44.076
45.71
31.537
53.225
49.321
52.492
47.44
21.572
45.9
35.581
44.75
15.889
37.431
36.18
47.298
52.802
43.032
55.151
53.577
51.194
57.473
51.858
48.972
46.741
21.615
37.799
34.301
50.557
35.941
34.893
40.994
39.262
49.151
24.73
1.604
17.155
41.401
52.423
46.603
50.35
23.117
50.314
56.138
45.146
56.358
55.369
56.404
53.418
53.816
51.831
40.016
41.326
55.694
44.598
49.266
53.888
59.416
48.749
24.343
33.769
24.337
37.49
50.728
52.765
61.365
62.949
63.21
82.822
67.515
35.441
54.588
59.753
57.827
61.429
62.597
60.752
64.494
59.879
58.069
57.12
52.743
60.298
59.317
63.379
78.497
48.73
29.355
36.826
52.337
21.732
13.528
44.275
37.859
46.488
21.201
19.095
23.019
32.704
21.975
10.826
34.594
7.644
0.702
0.19
0.314
0.377
0.376
0.377
0.691
0.252
0.063
0.314
1.35
4.976
2.026
0.691
0.444
0.631
1.517
2.001
0.761
1.27
7.495
15.476
47.496
58.66
48.273
10.345
5.198
28.123
47.631
38.481
45.073
37.79
41.827
15.252
19.985
37.9
59.848
44.108
28.319
46.81
32.665
40.459
4.051
9.001
19.595
46.487
62.096
38.484
74.591
66.464
72.016
10.472
1.718
23.29
58.54
53.354
90.135
68.496
37.796
49.592
94.157
97.596
100
84.479
77.393
73.839
75.951
89.607
90.353
93.413
70.224
94.677
92.916
91.167
79.71
76.07
85.758
82.376
87.287
97.731
87.237
72.769
84.587
67.352
42.877
70.602
84.082
78.015
35.496
34.603
83.422
87.741
11.636
28.702
7.183
8.926
11.638
7.946
5.19
53.84
52.562
38.456
65.574
58.359
81.343
73.255
26.149
53.78
36.656
46.725
17.378
38.42
41.596
56.622
76.176
57.532
84.828
66.237
59.464
79.499
65.644
48.188
51.877
23.106
42.257
34.384
54.858
55.305
37.84
61.002
97.074
84.41
80.82
61.089
53.049
45.104
37.976
41.773
40.181
21.136
48.551
54.035
40.687
51.456
52.16
53.538
53.127
53.496
49.722
37.965
37.603
52.082
39.984
66.263
55.966
60.154
53.412
45.69
39.236
31.829
42.933
56.57
57.253
58.095
61.033
56.151
25.846
25.219
35.714
51.869
66.515
62.453
70.299
50.755
48.685
53.197
54.382
57.11
52.683
40.398
48.413
47.324
47.04
47.227
53.241
28.037
30.854
44.737
23.016
15.203
39.127
35.954
40.431
25.752
17.552
20.69
26.341
20.566
9.746
31.968
8.997
0.638
0.314
0.69
0.503
0.313
0.378
0.943
0.564
0.25
0.379
1.672
5.407
1.743
0.565
0.316
0.314
1.148
1.675
0.377
0.635
6.756
11.852
30.364
48.42
50.543
10.181
3.4
22.057
43.118
35.054
43.489
42.308
39.425
16.541
21.951
33.549
49.881
37.315
27.778
48.295
32.661
38.156
0.693
3.804
11.65
51.295
62.295
66.307
52.464
55.547
69.969
70.649
65.482
62.274
57.427
47.913
56.626
57.955
10.602
26.084
50.764
50.522
10.795
1.017
43.786
40.552
44.599
43.317
26.835
20.401
43.936
51.19
50.236
48.764
55.008
48.145
49.839
49.063
38.529
52.107
45.58
43.485
49.758
35.102
8.339
39.732
46.481
41.1
58.696
30.016
37.096
40.463
20.209
22.583
10.614
6.069
14.138
6.884
1.285
42.173
62.15
41.049
52.623
49.491
55.964
41.502
24.625
42.369
37.939
39.374
18.954
30.835
48.547
39.322
52.76
41.72
52.422
51.672
54.531
73.16
72.892
89.588
91.207
96.147
93.677
87.764
75.826
94.811
87.689
61.646
44.647
67.689
52.465
3.228
6.055
37.09
40.848
40.078
54.517
22.288
50.729
58.327
43.033
51.187
54.609
60.437
64.067
56.203
72.85
88.509
93.5
74.268
40.64
69.014
50.979
62.697
79.27
71.939
41.853
24.105
30.763
49.88
50.405
49.878
51.476
48.243
23.184
14.763
26.204
42.605
48.903
49.522
47.518
43.968
46.761
50.556
45.136
45.309
48.449
43.44
48.057
59.547
69.169
52.312
52.12
37.315
33.537
51.065
35.363
23.988
45.517
45.942
47.063
28.657
15.292
26.989
32.236
19.916
12.248
51.754
16.244
1.723
0.441
0.44
3.21
0.628
0.629
0.629
0.626
0.315
0.439
0.883
6.908
2.713
0.442
0.377
0.694
0.951
2.877
1.147
0.948
1.718
21.538
35.925
82.125
84.322
66.32
77.183
71.63
49.728
56.432
51.553
34.357
33.439
21.769
15.334
36.124
36.327
45.942
31.862
53.135
37.598
36.053
98.335
100
99.452
86.835
94.57
88.333
65.198
92.492
69.046
49.352
17.624
12.164
86.898
96.726
87.734
71.743
31.278
29.281
69.469
71.584
28.934
9.19
70.105
97.975
90.261
88.749
50.078
42.161
50.76
78.178
72.956
73.624
83.496
88.829
86.977
92.013
64.336
60.658
57.506
83.155
92.051
90.569
99.282
97.824
91.219
78.735
97.509
98.218
99.05
95.973
97.654
100
99.655
100
99.844
99.705
100
92.776
77.419
95.918
89.602
98.858
96.119
88.922
96.882
92.556
96.439
94.495
91.233
92.157
75.302
49.223
85.962
75.152
67.614
94.198
93.601
79.852
89.256
87.899
85.03
65.667
52.242
49.573
94.789
90.722
91.716
97.572
94.334
85.136
81.402
29.895
10.019
84.733
91.692
96.859
93.908
97.88
95.662
93.088
66.667
90.205
95.008
94.989
94.034
95.227
95.682
98.708
91.755
74.491
98.977
98.238
78.437
91.61
91.877
59.94
78.878
95.368
99.064
96.637
96.142
93.338
94.047
97.88
95.592
76.681
84.808
95.83
91.208
93.546
95.659
97.203
97.68
97.414
96.695
99.247
96.41
99.331
97.361
95.603
95.846
93.145
97.937
97.317
87.538
95.216
90.007
87.383
87.445
98.704
89.417
99.487
99.217
99.927
99.348
97.489
97.028
96.402
99.393
99.556
100
100
100
100
99.801
99.64
99.842
100
98.924
94.17
98.934
100
99.739
97.203
95.49
87.14
85.929
87.07
80.379
97.22
91.905
90.193
97.141
98.247
95.836
66.875
24.816
95.602
94.586
85.56
96.222
96.379
97.722
93.413
84.456
96.656
93.122
93.736
89.289
97.152
95.071
