28.779
29.332
30.489
30.717
28.881
28.322
28.861
31.78
30.042
31.745
29.128
30.912
26.32
30.964
30.236
27.73
14.576
29.057
30.335
36.356
31.459
28.488
31.061
30.094
33.474
30.583
30.083
28.487
30.398
30.359
32.37
29.62
28.678
31.475
26.4
17.062
30.405
30.705
30.539
29.333
30.634
29.383
29.264
30.172
32.099
30.403
29.46
30.29
30.643
32.786
30.221
29.431
26.901
29.377
15.948
30.737
28.088
37.975
26.039
27.75
30.119
30.57
32.72
32.412
29.062
31.297
28.285
31.312
29.521
31.386
29.983
29.038
27.143
29.645
27.897
32.828
30.348
31.641
27.373
30.581
31.81
28.407
28.715
30.891
28.71
35.809
29.295
27.606
23.684
17.247
27.759
30.479
18.024
24.318
30.395
30.808
27.311
31.271
30.737
28.619
30.318
31.658
29.397
27.481
31.389
29.739
29.441
31.312
26.595
28.765
26.721
29.932
28.322
28.932
29.89
30.235
28.044
29.892
27.407
13.075
17.292
27.801
31.606
30.348
32.428
16
26.6
28.179
31.926
29.967
29.407
26.802
27.665
27.404
14.752
28.44
29.492
30.11
30.666
27.02
26.954
29.992
31.906
29.892
32.146
30.516
31.784
29.808
30.82
15.743
29.89
28.799
31.618
30.438
29.992
28.811
31.469
30.756
27.792
36.16
29.534
28.788
29.153
16.411
28.101
29
28.906
31.967
29.114
28.353
26.252
29.852
30.424
29.867
31.395
31.507
18.08
23.577
29.325
32.473
35.768
35.294
29.992
30.083
31.438
29.743
16.149
23.227
28.846
31.292
30.295
29.198
28.571
32.193
25.959
30.544
30.16
30.442
28.233
27.977
31.414
28.801
32.284
25.984
25.885
29.779
28.939
29.636
32.285
24.832
26.32
27.974
23.485
27.099
25.616
28.368
16.842
25.062
29.466
25.124
25.417
27.523
29.808
27.924
26.991
28.829
28.406
29.884
27.595
27.893
27.947
28.205
27.363
28.878
24.457
13.226
31.316
29.325
26.92
29.167
27.273
25.796
27.265
28.064
27.88
28.283
25.856
27.75
27.076
27.009
29.139
29.456
26.268
26.705
18.745
22.277
30.137
27.038
27.504
29.431
27.877
33.387
27.234
27.15
28.257
27.448
29.934
28.279
27.627
26.795
28.876
25.69
29.851
30.303
24.327
27.851
29.121
24.787
26.884
27.624
28.094
27.013
26.399
25.589
29.561
20.55
26.493
27.311
33.69
12.725
23.853
26.04
24.033
11.28
28.871
29.117
26.329
28.642
27.918
26.461
25.331
28.207
26.259
26.202
25.558
26.446
27.43
26.952
29.24
24.629
26.958
35.437
27.861
25.23
26.224
27.333
27.778
27.547
24.979
25.754
9.629
16.856
28.924
24.979
26.003
25.181
12.929
26.876
27.527
23.578
25.267
26.971
28.372
28.393
25.449
13.152
24.315
26.939
26.42
25.371
27.866
26.076
28.477
26.988
25.546
27.792
30.924
27.829
24.118
24.752
12.854
26.487
28.252
28.915
27.626
29.562
26.91
29.698
28.159
25.974
27.167
24.405
27.909
15.773
28.583
30
27
26.36
26.439
26.991
27.521
29.195
25.88
26.424
27.09
25.105
27.946
11.782
29.163
29.347
25.75
22.104
29.086
26.167
24.586
23.207
16.679
20.71
34.039
27.477
26.616
25.654
24.051
28.965
25.424
22.96
24.855
24.413
26.831
25.084
25.899
18.124
27.609
26.036
26.303
26.245
28.299
29.402
26.556
25.96
27.235
30.351
27.67
33.008
24.959
28.523
28.974
14.317
27.554
27.913
28.261
24.711
27.265
25.787
27.02
27.64
28.235
26.258
27.782
29.062
24.896
28.017
27.027
25.745
28.512
28.151
12.282
31.04
27.595
23.94
26.766
27.983
28.063
27.333
27.977
26.355
27.944
27.936
24.115
26.381
26.294
25.62
26.171
24.609
24.053
18.004
24.833
25.798
27.546
26.346
27.458
26.932
26.876
27.168
28.945
25.477
25.435
27.677
27.56
27.385
27.295
28.511
27.35
28.998
29.181
27.485
27.357
27.473
30.471
28.107
26.617
27.983
30
27.843
26.21
26.711
22.414
29.495
23.944
26.633
12.015
28.073
27.234
23.993
14.591
28.832
28.5
28.099
25.658
25.225
27.227
26.655
25.564
28.395
26.778
28.841
31.059
27.415
27.433
32.611
26.094
23.984
26.7
27.546
28.477
27.076
28.393
27.189
27.881
25.812
15.045
8.865
26.536
27.333
27.769
28.885
21.2
15.838
27.04
29.608
28.027
27.825
27.667
25.186
29.027
17.169
20.867
28.559
28.348
25.828
28.728
24.601
26.459
24.38
26.51
25.357
24.495
26.218
27.204
26.003
22.443
18.106
26.101
26.28
28.772
26.446
24.473
25.521
27.858
26.025
21.353
29.51
27.857
26.86
15.181
26.216
27.051
26.573
26.991
24.167
24.463
27.723
26.32
28.044
28.378
27.82
25.574
23.128
13.982
26.749
25.306
29.334
20.174
27.152
27.564
27
27.897
14.851
23.63
26.119
27.417
27.569
26.2
27.333
28.819
28.967
26.678
28.259
25.08
28.794
27.624
28.814
16.058
27.917
25.645
28.691
29.056
27.554
27.907
29.378
30.196
30.93
31.456
25.806
29.627
27.229
28.808
26.854
26.206
15.125
24.917
26.853
24.079
29.881
26.872
29.1
28.201
28.381
26.868
26.819
26.926
27.22
29.62
27.132
28.667
27.926
30.281
27.341
14.067
29.254
27.333
30.697
30.46
28.571
32.069
28.417
27.295
26.582
28.159
28.715
29.005
28.101
29.589
26.958
30.544
34.187
28.619
15.35
29.323
25.021
27.663
30.298
26.926
26.589
28.088
27.575
28.138
27.129
27.513
28.752
29.309
30.311
27.426
26.307
27.815
27.317
29.16
29.156
27.911
26.316
28.62
27.047
28.159
29.065
25.705
29.082
26.188
30.318
31.309
28.128
24.524
27.311
13.657
25.923
27.198
18.769
17.724
29.54
26.246
26.002
26.778
28.998
28.666
28.392
27.082
29.777
30.242
28.783
28.716
28.819
29.032
25.926
28.932
24.378
25.941
28.822
30.521
30.453
27.815
29.983
28.094
34.865
15.82
19.637
29.303
27.227
25.721
28.631
16.73
26.027
28.318
28.308
27.726
28.724
25.354
31.143
28.848
16.415
29.471
27.578
27.023
29.559
28.499
23.934
26.956
28.076
28.122
29.495
27.601
25.998
27.415
27.295
16.894
24.779
27.82
27.258
28.261
28.22
27.189
28.354
27.839
28.799
25.228
28.631
26.228
27.398
16.506
27.515
30.05
29.475
28.583
27.303
27.018
29.357
27.98
29.156
28.919
28.987
27.915
21.44
19.147
29.035
28.125
26.501
27.377
26.325
29.825
27.792
30.514
16.679
25
29.274
28.704
26.843
26.85
28.128
27.228
25.21
28.797
25.063
28.024
26.997
28.102
27.184
30.298
30.756
27.707
31.07
30.424
28.389
28.874
26.751
26.667
26.174
28.322
31.46
25.349
28.766
31.25
29.313
15.964
28.547
29.492
26.405
27.649
28.207
28.981
29.68
29.16
26.52
26.294
28.898
28.803
30.372
29.167
28.827
29.862
26.852
21.934
22.431
29.519
28.682
30.308
32.343
31.714
29.347
29.252
29.626
28.702
29.711
31.092
28.983
32.346
29.823
31.419
30.025
28.115
29.051
15.177
29.334
32.335
29.059
29.008
28.846
28.256
32.068
29.451
29.476
30.98
29.983
30.84
28.076
29.574
30.126
35.534
29.019
25.806
27.782
28.691
28.299
31.156
31.486
30.278
28.896
27.533
29.149
30.853
31.029
26.618
30.235
28.644
26.749
22.317
22.555
31.34
29.237
16.58
25.532
29.352
31.095
30.348
29.465
31.77
29.357
30.507
31.15
30.698
30.215
32.492
30.621
32.175
30.525
28.395
29.992
28.95
28.992
31.282
30.95
30.344
31.338
31.769
27.572
28.261
12.845
18.161
28.978
29.201
31.818
30.385
15.385
31.141
29.342
28.763
30.685
31.641
29.329
27.355
30.801
14.223
31.097
31.193
30.05
30.066
32.25
36.239
30.763
30.687
30.865
30.674
32.844
30.619
30.986
32.83
14.855
29.268
30.718
29.383
29.596
31.833
31.495
29.481
31.109
31.837
28.336
30.731
31.203
27.168
19.72
29.274
31.167
28.926
29.957
31.193
32.421
31.398
29.212
31.186
30.877
28.891
30.233
14.708
27.872
29.1
30.88
27.229
26.618
29.716
29.891
33.306
28.675
16.49
25.208
28.404
28.06
27.074
28.017
29.865
30.142
38.355
31.023
29.805
29.268
29.766
30.833
29.841
