16.085
23.717
18.537
18.513
11.163
12.799
26.947
22.177
22.607
21.692
22.136
21.311
19.753
18.788
24.265
24.1
20.793
19.448
19.061
14.875
19.945
26.681
23.253
22.139
20.701
35.846
34.758
33.287
33.151
31.984
35.869
29.581
22.177
25.476
20.504
13.361
16.033
21.577
19.77
16.779
16.915
16.171
8.934
8.857
15.931
18.627
23.651
19.314
22.268
19.539
19.714
22.207
14.141
11.479
14.217
16.575
20.273
30.423
25.613
26.022
23.615
19.877
20.083
20.773
25.934
21.467
22.292
26.731
25.578
27.148
32.267
25.773
21.243
17.738
19.637
18.005
11.585
16.836
20.98
19.093
21.824
21.322
21.131
18.554
21.698
18.579
17.945
10.992
12.113
18.312
13.243
23.045
20.814
22.914
26.069
25.611
23.721
26.15
22.809
19.865
25.694
27.567
25.911
24.11
23.787
26.765
21.771
28.512
29.359
22.245
20.49
17.838
18.98
13.302
16.185
17.876
30.806
23.787
26.581
23.557
23.498
22.133
27.018
28.766
20.814
19.132
22.39
23.926
20.733
26.033
23.262
19.038
22.055
21.39
18.466
21.801
21.669
25.532
17.86
18.437
29.278
29.048
23.497
28.741
25.666
23.944
12.5
23.235
20.871
21.024
27.827
23.358
13.351
13.761
17.576
17.26
23.422
21.644
17.891
18.536
19.604
20.124
23.901
23.975
21.541
24.211
19.656
19.632
19.077
25.629
24.347
21.218
16.16
23.375
21.467
21.633
22.161
22.497
24.304
22.306
24.846
10.89
20.774
21.37
23.177
21.341
20.302
25.139
23.294
14.77
17.427
19.09
17.33
17.98
19.877
21.472
19.024
21.724
30.538
31.154
32.271
6.16
8.658
6.038
7.916
6.082
8.339
16.129
16.249
13.249
8.843
8.41
8.626
8.808
8.205
9.371
12.55
8.825
10.188
7.545
6.059
9.2
10.174
11.45
7.076
8.831
12.508
13.289
10.648
6.209
7.768
9.94
12.584
10.274
11.567
6.296
11.037
6.061
7.955
5.867
6.606
6.903
6.619
3.167
3.257
9.584
9.9
9.626
7.718
10.729
8.311
7.963
6.791
5.632
5.592
7.283
9.661
10.115
11.178
11.737
9.684
9.237
6.912
9.621
10.867
11.546
11.671
12.282
10.148
10.999
10.748
9.054
10.547
9.067
6.316
7.888
9.628
6.636
6.763
9.121
7.185
10.685
8.822
7.115
7.12
7.979
10.277
6.057
4.328
7.546
7.307
5.294
8.333
7.646
9.9
13.133
11.927
14.362
8.101
11.497
7.91
10.807
13.898
10.424
8.757
10.349
13.09
12.583
14.383
10.582
8.139
9.127
10.053
9.235
5.906
7.11
12.508
16.822
10.461
6.545
7.335
6.892
7.359
7.898
7.8
7.837
11.667
9.779
8.751
6.915
10.678
13.891
6.808
8.635
7.39
9.316
10.226
10.303
9.097
9.127
8.782
11.253
10.59
13.406
13.42
7.513
12.043
5.026
8.495
10.519
7.091
8.427
6.422
5.577
3.578
6.903
11.342
9.96
10.838
8.756
7.152
10.013
10.724
8.205
11.096
9.656
12.208
9.933
7.525
7.238
8.239
13.011
8.554
6.065
8.549
11.126
13.468
8.367
7.285
9.552
11.171
10.834
3.958
8.952
8.411
7.41
10.564
14.37
11.036
8.412
4.226
4.84
5.425
5.625
6.662
5.859
7.884
5.752
7.555
8.206
10.222
8.585
7.378
7.992
6.362
6.424
4.254
4.803
10.412
11.438
9.839
6.82
6.756
9.809
8.151
7.393
10.12
8.638
9.701
7.309
5.301
5.391
9.908
9.552
8.081
7.804
6.79
13.026
10.992
10.322
6.065
6.706
10.159
9.866
10.06
8.929
6.447
6.653
6.279
7.143
6.808
5.501
6.978
5.294
3.338
4.226
7.274
7.354
11.126
7.566
9.338
8.113
8.71
6.074
4.05
6.049
4.504
6.479
11.133
10.139
10.705
12.824
9.043
7.823
9.451
10.436
9.8
8.422
9.379
12.008
12
12.308
9.65
9.623
8.333
6.823
7.138
6.953
5.147
8.186
8.066
6.496
6.908
8.328
7.895
7.934
7.886
8.553
6.312
3.245
6.662
6.193
5.789
9.001
7.884
9.247
10.868
10.712
10.963
9.2
8.699
9.049
9.109
11.38
9.373
7.723
11.58
10.329
10.289
11.456
9.319
9.881
9.543
9.371
5.867
3.942
5.435
8.405
7.662
5.299
7.611
6.883
5.709
7.987
6.636
7.227
4.856
10.182
8.946
7.597
9.066
8.963
9.597
7.652
9.319
7.151
9.611
6.337
11.365
11.392
7.667
8.713
12.224
10.407
9.603
10.16
9.176
8.388
7.804
9.011
8.081
7.937
6.217
4.099
4.26
3.056
9.307
7.839
9.236
8.751
8.438
6.258
9.29
7.839
11.044
8.767
9.435
9.049
9.103
9.121
7.119
8.427
9.35
7.54
7.768
6.811
8.494
8.317
10.771
7.636
9.055
10.714
7.682
5.882
9.556
7.682
9.947
5.577
8.405
8.45
7.982
4.153
4.15
4.669
4.294
4.832
6.719
5.913
4.433
8.144
9.476
10.22
8.197
52.311
52.949
53.305
52.435
46.586
46.36
52.295
52.364
49.788
46.403
49.36
49.577
56.135
54.3
51.408
57.531
55.229
55.443
49.542
47.841
50.742
55.021
50.456
48.478
49.633
57.741
57.917
54.63
50.499
49.535
51.7
56.316
53.158
57.203
53.352
53
48.555
49.965
50
49.787
51.567
45.669
40.125
31.49
49.785
51.004
53.638
39.236
50.964
52.867
51.67
53.52
47.885
47.143
49.362
52.25
54.385
57.376
58.177
53.676
51.396
46.033
51.398
52.265
56.589
54.585
49.577
57.266
56.073
55.189
56.028
55.46
52.486
52.192
51.225
50.975
46.066
50.141
54.24
52.833
51.776
54.027
50.493
52.394
52.516
53.347
51.977
44.176
49.361
52.699
45.129
52.764
51.957
52.643
57.415
57.615
55.929
55.595
51.886
49.289
57.163
54.004
51.416
53.167
53.218
57.071
54.392
57.05
52.152
50.432
53.553
55.776
49.539
45.907
46.408
57.214
56.325
49.366
51.138
52.341
45.992
46.667
48.913
48.753
40.638
46.568
51.133
51.047
47.989
53.846
53.324
50.365
53.655
51.394
52.1
46.093
51.206
53.105
52.066
45.997
54.288
54.958
54.325
57.112
54.986
51.769
34.879
55.014
52.258
57.143
52.046
49.115
46.414
46.024
52.445
53.39
52.561
49.287
51.39
50.941
50.736
46.634
48.571
56.37
52.658
53.753
49.574
48.67
48.831
50.072
54.892
54.923
47.13
53.933
52.996
52.408
50.602
50.774
54.29
54.596
55.393
42.057
56.399
52.966
53.177
50.733
51.909
55.25
53.921
50.353
47.42
54.092
51.613
52.664
54.936
60.113
54.131
52.744
56.336
60.931
57.842
26.344
32.58
31.049
31.507
21.448
25.275
37.729
42.332
48.866
44.942
44.583
43.837
43.914
45.645
46.607
40.096
31.371
33.082
30.499
22.787
34.296
41.197
39.296
34.885
34.637
40.846
41.544
35.699
36.643
32.663
40.846
37.213
42.065
43.121
28.482
22.016
24.155
35.059
27.723
25.926
25.778
27.329
10.214
12.366
24.738
27.864
38.78
35.797
36.502
28.777
34.913
36.326
24.67
19.752
25.761
26.434
36.117
43.122
42.546
47.274
41.904
40.373
41.268
47.939
48.502
45.804
45.384
46.006
42.215
47.175
42.216
42.028
37.948
30.922
29.436
27.383
18.638
25.085
34.057
31.626
33.774
36.213
37.414
31.586
31.399
24.412
26.061
17.16
20.027
29.817
21.754
42.372
33.217
40.944
38.418
41.564
41.148
41.978
40.293
40.486
49.329
48.091
45.386
37.281
41.685
43.345
43.909
47.372
50.968
48.786
46.336
42.507
39.566
31.955
37.465
38.172
35.069
26.427
29.923
32.544
28.103
22.215
33.846
37.924
44.437
37.698
45.992
45.722
37.344
44.82
44.702
35.15
40.085
37.135
35.635
35.12
36.442
50.106
35.466
33.52
45.131
48.826
48.906
45.125
44.484
37.177
20.864
34.74
33.612
35.905
35.084
22.335
15.262
19.194
28.669
28.168
32.892
30.166
32.598
29.509
36.433
47.383
46.956
49.897
45.321
48.336
43.536
43.601
43.572
38.172
41.031
36.886
32.401
38.183
38.446
34.738
36.451
41.672
42.053
40.139
48.414
21.78
32.335
36.503
34.124
26.891
35.625
39.124
32.782
21.884
23.525
21.371
22.003
25.473
26.497
29.945
27.997
34.151
49.406
49.436
44.14
