5.519
81.982
43.419
10.306
16.134
54.134
64.355
65.262
80.766
61.509
63.535
41.553
26.591
7.07
41.93
53.487
62.308
64.184
63.146
61.55
65.272
64.03
63.416
62.433
63.091
61.31
43.927
2.098
43.218
55.28
60.692
62.462
63.937
58.501
58.664
64.693
64.64
60.353
46.08
40.03
62.98
61.609
66.518
65.14
68.616
37.346
65.576
72.174
64.676
64.066
57.486
64.006
55.521
60.817
47.04
58.107
64.883
67.56
65.243
65.87
59.435
40.889
60.806
57.42
72.806
63.341
66.39
41.195
70.36
63.25
55.436
63.976
52.184
22.048
46.448
56.15
58.533
58.701
64.178
67.398
46.454
6.088
26.667
61.374
40.896
62.293
60.82
65.049
50.826
22.996
69.543
61.898
65.422
63.555
63.914
64.867
65.382
63.285
64.763
62.853
61.603
67.97
67.684
63.868
65.956
64.178
65.444
64.715
42.664
70.217
62.528
61.912
64.313
54.844
49.494
62.717
62.831
65.146
69.699
66.766
61.727
65.087
68.873
60.212
60.823
60.873
70.17
68.842
63.747
62.759
60.62
67.186
64.264
62.301
65.882
62.538
64.222
73.309
65.693
61.704
66.89
55.17
63.566
69.631
69.343
62.538
62.803
69.197
63.267
54.202
57.437
55.156
63.534
64.834
42.823
63.032
62.615
61.094
69.398
74.78
54.277
60
52
7.353
44.151
39.969
62.881
43.031
29.275
63.03
55.212
63.5
63.166
64.896
63.754
66.79
64.441
50.938
64.27
61.731
63.699
62.417
60.254
64.389
63.279
64.042
62.312
72.348
64.232
63.209
64.106
22.214
38.088
65.285
64.78
62.509
64.003
63.936
49.205
61.568
63.787
66.068
77.368
91.181
93.435
93.166
79.451
70.036
70.381
64.58
55.564
59.535
45.576
26.753
7.872
32.272
42.167
61.174
65.592
59.045
71.284
66.249
61.876
59.665
60.428
58.327
62.81
58.734
7.307
26.638
48.216
56.111
58.435
61.515
60.062
57.243
63.222
59.579
62.453
57.37
26.212
58.508
65.504
64.446
64.15
61.97
44.726
49.002
57.979
41.973
58.618
63.21
57.817
63.671
61.713
63.664
58.692
56.734
54.826
37.134
34.56
57.443
42.03
60.96
61.022
62.934
58.952
62.727
53.787
46.88
52.899
54.553
56.905
52.851
38.235
29.136
59.5
60.015
61.733
62.806
57.71
55.138
13.633
7.973
56.447
49.15
57.91
58.052
64.28
73.043
65.945
45.105
60.184
57.842
61.021
62.576
61.339
58.212
60.979
66.001
58.792
65.353
61.58
64.666
57.771
63.589
60.295
62.146
60.734
40.192
58
60.092
62.394
61.831
50.08
45.511
61.22
61.561
65.436
63.095
58.639
67.181
59.392
60.508
66.071
58.109
59.373
56.485
39.813
61.498
65.502
63.002
60.731
57.767
69.287
58.065
64.114
60.706
48.657
44.92
71.562
57.321
62.253
59.692
62.491
60.214
62.615
63.546
62.117
63.265
48.074
61.226
72.921
55.075
54.821
40.833
55.436
63.03
60.662
64.366
45.527
58.935
58.741
68.755
14.232
26.528
72.209
64.067
54.312
16.012
57.165
53.113
65.214
63.827
61.386
58.986
59.596
61.246
49.724
65.059
61.184
62.557
59.601
57.209
59.674
61.014
64.438
61.977
60.296
59.693
66.965
60.046
40.324
21.094
58.438
66.467
61.29
61.615
70.87
58.597
46.82
59.529
1.259
46.006
68.96
19.487
6.935
32.031
58.231
57.47
57.468
58.735
55.293
46.5
22.905
8.273
27.431
40.097
54.319
58.734
59.056
56.003
61.417
57.475
63.027
60.662
60.244
59.185
57.611
11.595
17.458
46.603
56.134
57.481
57.704
59.677
57.121
55.754
63.78
58.837
54.689
22.136
57.483
58.837
56.333
59.771
58.891
45.177
48.054
52.544
29.502
61.66
64.169
61.621
63.416
63.338
71.512
65.423
56.09
61.568
54.531
41.144
62.729
43.475
64.291
60.953
67.549
61.462
69.028
72.264
72.805
62.127
93.628
90.423
81.587
52.829
26.966
76.963
89.848
80.786
77.618
63.331
68.072
80.573
60.449
69.064
54.497
48.594
65.863
69.866
55.322
25.178
37.811
63.581
72.1
71.064
59.251
59.782
57.232
57.686
58.449
64.392
61.89
57.438
57.043
70.022
59.62
62.87
63.261
59.615
39.167
60.311
61.022
64.812
61.731
72.599
47.905
62.137
60.263
60.546
59.908
56.621
59.754
62.215
63.54
61.824
57.232
59.39
55.356
37.078
62.319
57.512
61.198
62.425
61.236
57.903
60.14
60.893
59.39
51.965
43.229
59.098
57.447
62.471
53.37
58.621
60.587
59.624
61.966
58.301
59.736
44.223
58.855
46.565
57.233
52.324
57.53
59.07
56.897
58.685
58.902
38.76
66.134
66.124
64.297
34.038
18.894
48.22
43.099
66.769
55.802
68.117
51.582
59.245
58.915
61.562
60.456
60.174
59.256
61.33
58.019
58.952
62.634
60.613
59.672
62.394
58.883
59.394
58.095
60.791
55.087
57.765
59.62
43.559
14.774
59.242
59.906
63.32
57.81
60.311
64.742
68.544
66.348
8.611
55.12
36.6
6.942
18.285
68.296
68.043
73.086
63.162
74.037
82.374
92.743
93.05
84.928
94.224
89.092
76.879
74.317
73.259
67.364
66.667
65.034
63.806
74.688
66.59
67.527
73.756
66.758
93.318
97.356
92.7
92.636
72.231
89.985
99.699
72.475
69.51
77.181
44.969
49.662
84.389
69.74
67.223
56.207
63.058
34.36
63.186
34.351
52.587
60.309
60.272
63.74
50.639
59.062
44.141
69.595
65.431
35.714
50.868
47.203
70.37
39.734
70.943
72.618
61.149
64.065
59.511
62.908
51.239
60.608
55.22
61.457
56.559
70.029
65.742
54.676
59.015
75.852
60.277
68.018
51.418
4.04
31.214
58.492
38.654
63.91
59.204
57.668
44.858
22.082
60.415
58.937
57.264
57.276
61.348
61.568
58.746
63.05
58.855
65.06
57.209
57.854
57.614
62.5
57.143
61.799
61.485
58.864
41.924
64.161
65.152
58.58
58.704
53.92
68.769
56.57
61.602
59.634
61.017
58.759
63.17
59.112
56.329
57.459
55.307
54.992
51.306
56.255
60.859
61.402
60.987
61.586
59.621
70.501
58.262
63.672
58.814
33.282
60.594
58.193
62.5
52.344
60.047
59.711
60.968
59.402
61.598
60.761
55.797
41.109
47.902
50.239
54.141
48.619
38.202
62.519
61.751
58.819
61.58
44.113
63.788
56.874
47.389
5.11
54.333
34.121
60.802
42.076
32.833
56.308
61.295
56.522
63.111
60.698
63.505
61.285
64.583
44.745
60.415
59.836
61.432
65.365
61.901
62.162
61.769
60.672
68.286
55.991
60.194
60
63.905
79.777
56.925
57.275
58.696
60.59
59.738
61.256
45.674
61.171
59.334
5.433
83.089
38.647
8.197
14.632
52.377
56.323
58.603
52.692
58.037
61.184
29.477
26.73
7.012
40.273
53.191
59.248
60.51
60.643
57.423
55.164
60.837
61.637
60.978
62.748
65.837
47.147
2.268
38.261
49.412
57.68
58.787
59.786
56.998
59.185
59.923
62.271
62.558
74.871
64.114
60.632
59.228
58.476
68.571
63.954
74.747
60.896
36.357
54.303
65.746
58.915
66.864
52.872
59.877
46.682
56.26
62.803
37.894
47.623
39.62
63.239
43.431
60.389
59.938
58.687
67.815
63.519
64.091
53.521
60.155
55.257
58.591
50.82
23.002
53.644
63.043
61.556
61.912
61.927
59.435
45.817
4.828
27.479
62.913
45.433
63.261
65.571
61.887
50.274
22.669
64.511
64.533
59.661
62.5
67.73
61.228
71.24
60.153
66.816
59.601
61.76
66.543
64.68
63.005
63.346
63.589
63.65
61.704
39.802
62.185
62.425
65.657
66.171
53.733
53.127
66.814
61.898
61.056
62.814
65.789
62.73
63.407
66.617
67.111
69.771
68.185
44.498
54.284
63.719
63.473
59.969
62.414
72.896
58.796
66.888
61.731
64.528
31.5
63.146
66.071
64.985
55.039
67.378
61.862
62.772
62.857
65.237
60.813
65.861
48.019
61.887
56.535
65.889
51.198
42.348
62.395
63.657
70.896
58.077
48.944
57.731
63.547
72.537
68.475
60.55
37.046
65.038
43.705
31.697
67.737
54.219
63.256
63.574
64.978
65.859
64.329
62.133
49.06
63.415
66.912
62.135
63.122
67.528
64.475
62.04
63.457
61.725
61.934
66.886
67.38
61.645
21.21
43.675
62.84
64.389
64.955
68.312
61.191
48.556
60.5
63.032
