61.099
58.897
61.977
57.87
59.847
60.278
58.846
59.147
56.416
57.154
57.22
59.363
60.233
58.406
58.915
60.701
57.244
61.474
59.555
59.206
62.027
60.465
60.756
46.761
51.415
57.583
60.319
60.592
61.814
60.69
58.98
57.981
60.775
58.417
60.283
59.346
60.108
58.995
56.294
59.611
57.02
60.964
56.674
56.985
56.709
59.722
58.755
58.41
60.571
59.02
57.576
57.469
63.437
60.38
57.704
33.719
57.367
61.201
59.599
57.581
57.331
60.739
59.112
58.596
57.467
60.86
56.782
60.55
62.087
59.537
59.69
58.714
59.101
60.681
58.249
60.494
55.451
61.781
59.268
60
58.933
64.478
58.869
57.674
58.677
61.966
62.548
57.825
58.548
61.413
59.173
58.548
61
36.364
56.715
59.612
59.196
61.753
58.651
60.496
56.825
60.031
60.951
55.757
61.357
59.002
61.58
57.323
58.583
56.505
57.891
58.801
62.066
57.041
59.656
61.086
59.813
60.866
49.193
34.942
60.465
58.161
59.922
57.378
56.323
60.485
58.556
58.118
60.232
62.691
57.266
60.498
58.548
59.436
59.245
59.377
58.438
61.385
61.308
58.613
56.987
59.704
56.799
58.493
58.424
59.563
60.139
59.123
59.752
59.411
58.003
56.467
61.814
58.15
60.374
59.514
59.314
61.026
64.183
58.237
59.038
58.372
58.262
58.256
61.012
48.762
48.732
58.675
61.789
61.927
60.093
58.759
58.491
61.072
59.204
60.046
60.154
61.92
60.168
58.255
59.877
66.491
56.703
60.262
58.003
46.018
48.492
57.955
57.734
58.424
59.094
58.626
62.205
58.929
59.455
57.895
58.824
60.462
58.235
59.984
59.059
59.907
61.713
62.529
60.636
64.656
59.985
64.844
63.897
58.162
60.66
67.766
61.17
61.454
61.268
65.94
58.444
63.243
60.846
62.274
63.374
59.217
60.434
61.93
44.668
52.706
62.983
59.893
60.736
60.354
62.189
63.554
63.954
61.799
63.528
60.665
59.553
65.712
62.374
61.644
60.526
64.363
60.469
59.225
63.411
59.424
62.296
61.414
62.105
61.872
61.449
62.122
60.566
61.872
61.908
65.339
41.172
61.433
62.807
63.872
62.144
60.216
60.518
60.684
61.209
58.652
60.469
63.657
60.712
61.394
59.738
61.474
60.792
60.061
62.251
61.492
60.957
59.394
60.299
62.528
60.968
64.054
61.261
61.602
62.808
63.718
62.177
62.472
61.239
62.623
62.614
61.858
61.416
63.242
43.155
63.498
62.833
63.29
60.534
63.927
61.288
60.839
60.793
61.835
60.433
60.833
65.332
62.069
63.351
62.822
61.668
63.47
60.97
63.391
61.544
61.749
63.416
62.05
59.476
60.747
36.95
60.41
68.253
62.7
64.324
63.011
60.783
62.748
62.864
60.327
64.167
65.909
60.031
65.214
60.355
61.646
64.297
59.535
61.668
62.378
64.022
61.621
62.864
62.072
62.741
63.065
60.567
61.971
60.979
64.728
61.068
62.462
65.402
63.17
63.3
60.728
60.917
59.627
59.259
59.922
60.343
58.054
60.863
60.545
59.165
61.076
43.944
51.677
60.639
61.526
60.095
59.857
58.327
61.622
59.315
59.466
60.987
59.444
59.276
60.522
60.557
60
60.062
59.554
59.719
59.548
47.041
45.827
63.462
62.087
60.859
60.062
61.404
58.567
62.809
58.295
59.755
62.909
59.719
61.598
60.488
63.295
61.223
61.258
59.428
58.529
60.537
57.188
59.891
59.907
57.333
60.703
59.767
59.427
62.886
57.188
61.414
59.392
60.11
61.978
57.021
58.521
60.536
59.891
54.732
46.275
61.974
59.843
60.264
59.675
59.676
59.084
58.93
60.613
57.529
60.172
62
59.276
60.524
58.947
60.979
60.186
60.336
62.221
59.455
65.28
59.077
58.443
62.681
60.903
60.17
61.32
62.183
58.75
62.348
60.327
40.045
64.377
59.72
58.764
62.433
60.896
63.162
60.383
59.923
60.543
61.419
61.39
62.69
60.712
59.688
60.488
58.998
64.634
63.063
58.346
58.204
63.512
59.317
59.663
59.706
61.09
59.783
59.358
59.193
62.481
60.26
60.015
62.096
60.553
65.104
61.485
59.209
61.468
45.791
57.437
59.271
60.215
61.905
61.288
57.87
61.234
60
64.688
57.445
59.813
59.938
62.785
61.839
60.327
60.277
60.139
59.611
60.992
58.027
61.945
58.992
60.979
60.508
58.846
34.191
58.976
59.576
57.671
57.285
60.534
59.846
59.292
57.289
58.956
57.234
58.07
59.245
56.535
57.378
57.154
55.511
63.479
56.226
57.783
58.64
57.232
57.022
56.255
58.828
58.294
58.072
58.044
59.112
57.866
59.47
58.065
56.988
59.688
58.235
60.826
56.672
59.768
58.962
57.447
57.154
62.128
55.484
58.047
62.481
57.402
46.1
41.369
57.516
57.477
60.216
55.714
61.29
56.735
58.758
59.859
58.892
56.93
57.912
60.312
58.842
59.705
56.602
58.696
57.954
61.767
47.645
40.84
59.059
60.93
59.765
57.991
59.621
60.819
59.627
59.535
57.533
60.062
59.401
60.169
59.846
59.327
59.377
56.592
58.109
57.808
61.402
57.552
59.094
58.268
59.23
61.927
57.566
58.149
58.43
62.604
61.217
59.126
59.018
56.75
57.625
61.004
58.696
58.09
59.923
61.45
40.244
61.615
58.782
61.068
62.283
57.309
60.326
59.176
60.498
60.171
60.277
59.397
62.058
59.416
61.813
61.591
59.985
57.076
61.85
60.726
59.37
55.871
61.051
59.242
59.815
59.077
60.291
60.349
61.631
57.87
59.518
57.858
39.371
59.507
60.291
59.893
59.146
59.411
60.108
59.817
62.819
61.372
59.789
58.062
60.322
59.644
61.861
59.553
58.45
58.467
58.805
57.919
57.989
55.798
59.692
57.944
58.02
58.873
57.177
57.11
63.182
60.578
61.872
59.112
60.55
59.059
59.126
59.487
59.548
62.33
40.635
57.276
58.98
57.998
58.567
57.65
54.495
60.236
59.276
58.08
62.082
58.764
57.423
56.672
60.281
60.415
56.975
59.288
59.101
58.294
58.891
60.802
57.816
61.12
59.8
46.763
47.438
59.691
58.544
57.944
60.59
61.663
58.919
60.202
58.159
62.338
58.833
57.849
62.289
58.86
62.231
61.778
57.836
59.736
60.171
66.913
56.381
61.385
61
58.158
59.002
59.845
59.751
60.248
61.598
57.4
59.105
62.585
60.152
58.423
62.043
58.32
60.372
58.898
57.265
60.578
61.836
58.684
60
62.227
56.434
60.681
38.257
57.728
58.314
60.972
60.077
63.353
60.942
60.077
61.655
61.427
58.43
61.97
59.546
60.201
59.555
63.288
56.24
59.695
59.969
58.865
36.176
59.042
59.815
58.801
59.69
63.636
58.17
59.969
59.815
62.594
62.663
60.062
57.526
59.648
59.656
60.613
59.751
58.197
58.65
59.147
60.613
60.792
60.092
60.606
61.273
62.287
58.014
60.769
59.233
60.434
58.379
59.094
60.496
62.471
58.709
59.368
63.17
59.042
60.139
47.677
52.676
60.671
61.699
60.557
58.682
62.615
62.763
57.968
59.711
61.567
61.42
59.985
59.557
61.353
58.092
61.352
59.334
60.107
63.515
59.206
63.05
58.719
59.487
59.614
59.038
59.954
59.846
60.418
59.251
60.799
59.14
38.304
58.301
58.52
61.626
60.979
59.233
58.537
62.726
58.605
62.406
59.831
61.883
59.136
60
61.179
59.544
60.218
60.682
58.691
62.711
60.232
57.412
60.826
58.104
63.13
60.123
57.353
65.776
56.562
60
57.734
59.661
60.571
61.818
58.626
60.742
63.23
56.738
43.888
59.394
61.034
59.847
58.095
59.654
59.845
60.316
57.268
58.64
57.612
58.266
58.879
59.415
58.145
60.69
56.85
57.671
60.234
58.81
56.121
58.112
58.669
60.431
60.184
54.652
36.991
57.883
58.864
61.195
61.427
59.923
57.692
59.308
56.765
57.992
60.046
60.89
57.321
60.806
59.938
59.969
62.31
59.799
60.686
60.063
59.077
59.382
61.293
65.341
58.768
60.062
60.247
58.783
61.515
59.709
60.401
60.355
59.476
60.308
58.255
58.385
60.974
59.433
63.037
59.416
60.606
59.073
58.223
61.934
56.907
62.214
41.053
56.116
60.357
58.235
56.522
57.266
59.303
60.615
60.896
59.105
59.831
60.917
59.119
62.366
61.261
60.156
58.372
60.641
58.801
60.492
47.698
49.392
62.156
58.796
62.51
58.281
58.418
60
59.522
58.578
64.413
60.933
59.291
58.764
60.583
60.684
