72.674
63.091
79.762
78.004
64.873
68.448
72.865
63.753
71.418
69.927
67.723
73.561
63.862
58.629
74.964
83.401
59.57
83.392
80.858
79.29
64.823
73.466
68.732
67.243
72.76
73.41
57.829
62.701
37.422
69.397
78.291
71.116
82.821
68.398
79.695
76.546
65.436
73.049
69.086
73.703
68.332
80.469
66.086
65.51
63.404
78.114
70.66
68.172
69.826
72.053
72.641
75.036
88.773
75.789
74.269
66.348
71.284
76.896
78.129
82.666
73.248
73.612
74.486
81.806
62.02
59.969
66.789
75.231
71.224
83.109
79.848
65.791
69.847
78.691
67.994
79.023
75.54
60.227
75.691
83.615
73.82
69.534
70.76
77.36
66.07
71.795
73.018
73.405
52.262
14.511
70.197
61.681
70.294
86.103
77.132
75.732
77.455
70
74.803
65.805
70.982
69.578
68.312
72.747
71.367
69.169
59.22
74.374
67.511
76.96
67.158
77.232
66.568
76.951
75.091
72.234
75.522
64.992
79.389
67.766
67.378
77.195
74.576
73.822
64.015
72.983
68.189
76.612
73.28
58.41
68.576
75.106
71.292
68.26
72.569
67.671
75.036
81.366
73.441
79.079
68.978
71.605
71.758
73.559
69.537
76.709
73.338
63.831
68.444
74.23
55.487
71.772
28.674
56.894
74.72
72.813
67.923
65.954
77.637
64.093
81.949
66.716
72.125
67.744
87.829
76.587
63.596
76.233
65.39
71.179
67.763
70.296
74.625
82.659
76.572
65.06
72.939
77.263
69.034
76.63
66.592
67.857
74.103
63.922
70.861
77.449
69.985
77.377
70.842
70.311
64.71
67.695
70.037
77.856
66.542
67.692
77.135
78.267
68.222
67.933
66.494
70.593
69.648
70.117
63.17
73.163
68.828
66.815
68.021
67.206
78.516
61.973
73.382
71.265
65.843
67.333
67.061
61.934
58.998
63.925
57.329
77.71
69.192
72.682
64.926
69.388
68.778
68.041
48.841
39.474
71.242
77.486
63.939
57.895
77.361
62.851
61.439
70.3
67.897
72.484
65.256
65.646
67.623
64.928
61.073
67.574
64.627
66.968
75.352
74.946
73.314
69.053
66.417
68.95
73.266
69.271
63.982
67.5
73.869
72.597
65.59
66.94
65.139
69.904
70.42
83.047
64.409
66.056
73.401
66.591
66.865
66.517
65.697
74.729
73.627
70.622
66.035
65.237
76.251
64.307
68.652
75.523
67.073
75.525
67.754
63.174
67.017
65.459
64.883
44.293
19.294
63.186
66.163
68.338
25.019
59.698
71.734
63.407
68.206
69.134
64.857
64.867
73.137
71.46
66.392
71.639
62.921
55.361
65.641
64.662
62.809
72.655
71.326
59.953
68.755
74.764
68.856
65.465
72.166
70.081
70.119
64.398
70.942
66.123
78.182
65.336
61.988
69.71
64.174
65.221
72.559
65.03
77.467
68.682
68.625
69.675
70.46
75.674
65.604
72.975
69.175
67.794
74.382
69.338
68.047
76.939
64.139
70.993
76.495
67.165
72.435
72.515
60.26
23.125
58.077
45.419
72.55
60.709
67.617
71.733
69.236
73.477
72.218
63.733
75.753
76.757
64.521
69.773
55.223
70.413
64.067
65.819
64.097
66.767
63.06
49.814
66.443
71.627
62.528
70.33
64.75
86.53
63.122
73.968
60.407
59.3
65.141
70.674
69.471
62.424
65.625
71.429
66.443
72.959
66.118
66.988
83.526
65.597
69.333
81.001
73.824
64.468
70.944
61.956
66.135
59.346
72.384
64.6
67.262
62.452
64.715
67.487
70.794
62.759
55.096
63.897
68.535
67.791
59.848
61.176
56.464
61.503
66.181
62.003
63.623
63.17
69.866
74.317
56.882
28.538
65.214
61.799
62.193
60.622
61.437
66.939
62.538
61.937
65.224
76.462
66.267
63.705
68.445
64.583
59.844
71.594
64.923
67.312
65.396
65.776
70.842
58.801
73.651
61.223
68.134
61.778
71.747
66.616
67.988
71.814
65.038
73.195
68.421
69.912
64.89
60.671
68.551
70.575
74.658
63.162
71.154
65.839
82.401
68.241
73.654
70.373
66.088
67.873
64.636
68.778
67.664
64.231
66.419
63.931
63.426
66.271
67.799
72.629
62.631
58.141
11.111
69.365
69.679
67.55
37.295
39.985
64.12
66.616
71.711
62.606
84.218
68.521
67.879
81.787
70.968
73.768
66.039
55.599
63.409
68.379
68.033
69.055
63.92
57.713
61.379
69.71
68.819
64.034
69.174
66.468
64.631
69.83
67.212
79.441
65.347
85.014
60.247
67.953
70.182
68.759
72.411
69.825
63.664
63.979
72.234
64.323
64.215
73.609
66.324
76.923
70.378
66.985
69.001
76.18
63.908
64.928
68.472
66.767
65.12
76.133
77.686
51.881
59.537
30.496
42.846
56.187
59.198
71.884
60.714
68.053
64.027
67.409
68.491
67.452
69.733
60.567
63.344
71.047
53.895
69.754
74.715
77.754
71.936
71.974
60.428
39.747
67.941
74.212
54.738
68.503
73.57
68.242
63.102
65.385
66.495
55.564
76.334
76.079
59.955
71.523
77.365
64.458
66.518
64.372
65.906
61.077
63.72
74.515
64.895
70.219
65.276
70.488
67.161
66.391
65.641
66.147
75.513
61.509
68.648
70.596
61.62
66.045
65.3
62.16
71.584
78.55
64.71
65.997
58.714
64.079
57.443
61.179
71.623
65.295
67.953
74.75
71.253
63.589
59.48
63.802
81.643
73.935
60.218
61.654
69.575
62.462
82.23
62.726
55.825
62.859
69.904
62.903
87.701
62.851
65.491
83.239
63.943
70.896
62.338
69.81
70.102
71.241
55.449
74.728
70.37
69.208
67.216
66.138
71.882
69.197
67.198
66.489
66.819
68.35
74.464
65.335
63.946
53.864
72.206
66.213
64.475
66.817
66.82
68.647
67.099
64.253
71.025
68.158
74.497
65.254
69.62
65.644
66.895
67.614
69.738
63.904
67.262
70.392
72.993
66.28
69.492
86.883
72.511
63.002
68.042
63.444
24.528
74.607
68.429
64.962
67.549
66.642
63.231
69.406
69.675
66.893
72.786
73.26
59.474
66.143
76.655
67.757
72.456
65.686
61.145
69.726
71.45
67.797
65.59
68.703
75.429
64.981
72.327
75.107
63.463
70.812
61.762
73.559
70.34
68.109
77.574
57.665
65.565
70.211
78.496
70.197
65.623
64.665
70.707
66.89
65.744
71.523
67.43
82.78
64.759
73.91
68.472
70.022
72.616
76.16
63.623
65.171
64.414
53.834
78.215
71.939
59.676
52.927
67.498
75.342
63.56
68.68
88.146
62.725
61.658
70.863
70.897
64.419
71.035
62.387
69.214
73.654
78.681
69.152
65.008
65.956
55.35
59.322
63.801
55.711
75.869
77.927
64.389
74.893
73.096
67.994
57.198
64.932
66.243
76.657
63.554
64.749
62.798
65.768
87.716
65.744
66.097
69.804
69.051
66.816
63.596
65.022
72.321
63.609
81.062
62.424
71.977
73.434
64.993
75.196
68.134
63.802
76.912
67.918
63.514
70.885
60.497
63.63
74.212
63.623
77.653
68.345
73.707
61.994
59.239
71.669
73.775
80.335
71.839
68.015
63.982
80.042
50.431
73.86
71.093
75.316
65.059
63.895
64.101
80.266
68.983
75.625
72.643
67.825
72.339
73.613
76.314
60.399
86.658
76.495
73.047
76.603
76.648
58.557
67.982
65.802
64.538
68.91
78.212
78.531
78.186
69.242
67.715
68.182
73.443
67.238
66.443
68.021
59.681
63.343
84.314
68.633
74.337
64.203
75.397
74.696
71.241
69.598
70.623
73.363
67.552
61.265
71.449
72.21
67.878
72.927
74.626
64.492
66.267
67.778
68.904
79.178
43.686
19.45
75.894
70.241
65.732
23.908
69.056
67.788
67.464
67.312
75
64.018
81.806
66.542
67.997
67.985
72.279
79.94
66.156
70.416
77.548
66.315
80.466
70.717
86.91
65.111
62.472
67.083
73.947
71.48
69.062
80.314
71.898
70.233
65.517
66.642
64.843
75.107
73.926
65
60.077
64.844
81.103
68.676
72.507
71.346
85.513
80.887
65.517
66.243
68.55
65.308
74.432
66.692
76.918
67.38
70.511
73.793
68.145
72.337
75.489
66.345
55.905
68.241
22.652
70.301
52.856
75.529
70.058
66.292
67.186
65.566
66.387
79.257
73.631
64.409
67.061
78.452
65.468
57.798
68.971
70.632
64.339
82.759
79.274
66.218
46.178
81.228
65.442
65.353
68.402
65.178
66.084
78.154
72.266
74.982
66.29
63.939
72.394
70.051
78.02
82.775
80.344
70.419
75.45
73.418
86.397
75.107
63.484
75.874
67.217
64.697
85.442
