12.442
37.099
31.818
39.128
28.106
28.392
32.032
24.983
18.236
33.599
28.096
34.556
33.045
40.292
39.01
21.722
33.289
18.842
16.601
21.162
23.408
24.834
26.267
32.517
46.761
35.581
18.329
33.976
25.25
21.733
28.381
27.339
22.591
39.255
20.704
26.07
29.96
17.045
19.215
9.656
26.116
29.755
41.307
36.043
26.582
26.773
25.497
31.727
38.089
24.917
33.825
29.973
24.072
20.521
24.696
22.424
19.493
18.923
24.597
57.263
66.474
20.329
22.594
19.651
28.515
24.699
19.156
23.768
36.272
27.7
36.745
35.681
36.024
43.185
27.953
28.899
37.691
53.238
28.562
21.865
22.37
14.973
37.278
37.467
24.069
33.088
18.896
23.225
22.995
26.613
37.639
16.711
30.336
48.697
44.825
42.515
14.372
20.805
24.328
25.216
12.732
18.444
27.395
42.951
36.072
20.659
22.244
18.382
41.188
16.667
16.644
31.128
43.447
27.513
46.479
42.557
26.058
22.583
20.639
19.507
26.879
25.963
25.284
23.992
23.373
20.081
44.637
47.106
23.401
38.022
27.737
25.817
37.45
35.529
23.979
23.533
21.081
45.655
27.219
10.621
19.691
23.318
26.743
28
24.013
33.489
31.171
31.618
54.253
42.658
31.117
24.279
28.297
28.486
23.36
21.098
21.543
18.218
21.896
22.479
10.231
27.981
35.578
30.516
27.061
25.575
42.402
37.275
39.231
26.689
19.907
22.811
24.008
42.295
41.477
15.02
25.894
25.747
27.554
18.394
18.883
19.947
21.108
23.886
45.801
46.436
50.033
50.496
26.471
30.299
22.493
21.909
14.488
19.019
17.867
21.196
22.349
26.821
37.306
42.753
28.961
50.57
34.48
34.125
46.588
44.385
34.004
34.129
23.765
42.82
52.069
33.267
29.686
28.944
36.709
31.976
19.88
22.585
48.043
55.007
55.088
41.628
30.429
34.721
30.214
27.87
24.818
48.72
57.018
29.458
23.923
33.047
33.068
18.14
34.426
24.884
58.105
58.224
48.008
52.378
66.356
35.904
34.396
29.926
27.885
21.433
36.566
48.019
45.347
39.257
29.013
22.561
43.409
38.915
20.424
29.632
51.185
49.83
43.498
34.375
25.331
38.177
34.574
26.626
26.815
31.67
41.109
44.973
37.345
21.699
33.533
39.435
44.027
32.303
24.339
32.269
32.845
44.104
42.08
31.184
30.073
37.697
51.263
39.907
30.591
26.102
33.891
41.205
37.89
27.007
42.385
31.163
25.067
42.485
36.187
34.46
29.615
53.599
45.529
28.486
31.857
14.644
24.016
38.114
44.694
29.856
30.172
47.671
53.712
31.52
17.915
19.503
27.51
34.212
42.225
49.499
39.15
32.632
43.816
39.446
26.474
26.368
32.955
28.713
29.894
47.28
52.726
33.245
40.239
46.484
23.413
34.832
41.854
32.657
32.606
29.632
40.459
41.982
36.669
57.997
68.914
30.965
26.59
31.688
33.399
28.562
26.208
37.624
42.221
24.133
40.578
41.851
30.831
36.054
37.699
25.772
25.084
50.775
47.465
45.205
27.121
26.4
47.782
20.924
34.392
27.364
13.189
31.09
24.323
29.346
39.191
44.91
41.423
45.794
36.936
41.813
47.099
36.005
33.11
30
20.817
30.6
46.917
49.025
41.711
22.259
18.844
31.229
29.933
32.107
34.112
25.1
37.651
58.266
55.16
49.148
33.398
25.05
32.053
29.733
34.501
34.377
52.256
36.316
30.073
24.274
17.278
29.933
33.133
43.936
32.891
16.867
26.64
23.992
24.901
29.416
29.497
54.959
44.929
20.412
18.497
18.43
27.165
27.968
26.529
39.799
35.171
39.961
18.494
18.742
24.104
22.995
29.497
36.727
45.638
32.235
38.922
17.173
14.547
20.986
17.651
14.049
29.642
28.619
39.841
29.153
38.492
28.162
23.016
20.145
25.201
38.253
43.679
23
27.46
36.558
29.456
23.355
21.77
24.834
27.941
19.139
26.253
32.409
35.799
36.577
27.541
26.044
20.858
45.43
40.885
31.365
23.584
33.158
58.638
44.949
29.875
27.182
22.954
21.527
28.889
43.247
23.23
32.855
36.464
25.636
22.68
26.179
21.574
31.762
41.386
27.063
41.81
39.171
25.495
24.113
26.471
27.907
13.364
24.392
43.369
31.939
53.166
32.034
26
24.918
38.446
34.867
18.924
21.377
41.755
19.351
37.575
30.335
25.446
22.97
19.073
26.184
23.942
26.058
39.593
34.416
39.276
28.249
34.526
38.852
20.134
17.683
29.632
37.591
20.634
32.633
33.844
26.877
25.585
26.351
27.065
35.729
35.516
22.653
17.081
25.231
38.039
38.689
30.581
27.399
26.599
39.891
23.379
16.886
19.256
21.386
38.734
35.662
27.966
26.649
32.795
36.145
18.75
19.974
23.947
38.368
49.46
26.226
19.063
31.453
36.511
20.579
23.157
20.806
25.311
32.218
41.688
32.15
24.854
28.815
29.291
34.113
23.596
28.01
38.231
35.518
42.348
22.655
22.965
34.321
29.896
21.2
22.785
26.067
28.871
33.884
42.178
29.583
15.974
16.866
25.837
41.656
23.174
36.894
37.094
25.597
32.039
12.641
29.043
35.473
40.777
37.094
32.133
26.396
21.667
13.123
22.334
44.038
27.881
26.189
29.597
28.552
13.418
23.877
16.567
22.237
34.457
40.574
31.611
32.508
25.549
24.883
38.877
17.542
24.933
21.969
25.267
30.027
20
21.2
27.693
19.28
34.702
15.04
40.46
33.904
17.319
31.758
27.068
37.384
29.887
22.386
28.638
23.271
17.794
24.899
18.687
22.52
29.186
37.657
20.554
37.963
27.146
19.621
24.389
28.754
40.147
45.098
23.061
21.562
22.2
27.285
21.424
20.797
37.525
24.917
31.656
21.948
20.227
10.292
21.733
32.732
37.376
32.152
25.617
42.952
28.053
20.932
17.001
26.693
44.55
30.013
19.664
24.513
25.101
24.752
20.819
20.199
21.429
32.842
42.408
29.94
21.324
31.987
26.256
22.985
33.819
23.679
27.577
25.15
24.016
21.722
29.58
16.071
16.745
19.63
18.87
34.056
37.441
25.876
16.611
21.13
42.269
28.963
31.225
36.382
19.267
24.667
26.892
22.888
27.23
18.152
22.421
24.319
27.883
40.591
29.349
37.015
25.948
28.752
43.631
28.916
38.911
33.267
23.816
37.541
16.722
27.561
23.851
30.524
26.494
22.61
22.266
20.345
37.793
53.689
22.874
20.706
28.175
29.524
24.804
20.993
21.614
18.474
32.895
39.191
16.103
19.556
17.483
30.944
29.131
21.433
11.3
29.667
55.991
45.279
20.767
23.39
24.09
25.264
26.385
19.244
24.967
36.546
39.585
19.58
23.765
21.589
20.106
22.103
22.044
16.623
44.756
39.657
39.01
31.073
27.862
24.718
19.041
15.233
16.383
24.177
29.428
43.393
24.652
27.424
26.333
26.024
8.328
22.408
25.316
17.346
15.987
27.129
20.866
16.282
15.835
30.164
26.165
64.576
36.789
24.175
22.918
8.579
19.095
11.221
15.932
18.361
19.746
23.112
22.709
18.536
36.568
16.634
10.717
24.835
56.516
40.471
23.886
15.602
16.524
19.618
16.601
12.884
12.566
21.25
11.243
11.974
24.218
29.654
28.849
15.156
15.079
35.099
26.036
45.374
31.579
16.491
15.4
17.328
18.122
15.087
22.814
16.163
19.261
17.314
30.423
27.413
34.312
16.667
24.11
34.214
24.008
25.332
46.405
15.879
19.035
23.541
21.844
14.525
7.246
13.748
22.49
26.933
35.153
19.575
20.563
37.933
20.197
12.179
20.582
24.883
41.483
31.95
17.895
20.441
18.381
14.864
14.21
13.218
24.256
39.504
22.112
16.982
30.976
19.359
16.766
25.337
45.559
21.462
19.814
19.575
17.926
21.964
12.467
14.153
14.286
16.733
20.414
34.019
19.681
18.031
32.303
19.468
19.21
15.19
23.16
39.646
30.627
23.062
16.811
18.612
15.475
15.897
17.628
18.411
31.18
28.083
33.643
18.879
19.639
18.575
19.622
14.238
22.458
37.287
24.192
17.451
18.991
17.287
21.06
21.242
16.054
15.772
36.117
52.537
39
14.143
13.14
20.802
23.577
18.737
15.182
18.377
15.456
35.344
33.311
22.338
11.851
15.984
17.785
22.164
14.892
25
26.496
29.678
33.444
15.73
17.577
17.091
18.127
24.379
12.673
16.446
23.702
46.871
37.558
18.452
15.379
14.96
22.378
37.607
13.007
18.975
32.577
29.471
25.901
19.041
17.931
13.603
9.145
12.492
16.005
19.311
17.2
28.045
33.042
40.854
40.214
