23.394
24.293
24.486
25.021
24.669
24.095
24.895
25.186
23.987
22.437
24.604
20.955
12.636
25.349
25.472
24.147
25.062
23.937
24.812
25.911
24.558
29.345
22.452
26.711
20.992
23.9
12.879
24.567
25.954
23.95
22.121
24.897
24.774
24.25
23.383
24.663
24
25
26.965
22.378
23.829
23.539
22.833
25.839
23.361
24.359
24.222
23.256
25.248
25.146
27.152
25.166
25.693
25.147
25.745
11.679
22.562
24.146
25.647
26.446
24.45
24.372
23.564
25.438
22.918
26.515
24.48
26.018
12.272
25.858
21.346
26.069
23.813
25.785
26.054
25.166
22.855
24.45
26.201
22.121
23.598
24.245
25.041
24.874
25.948
25.745
24.298
24
26.39
24.609
24.053
24.404
25.566
12.6
25.145
23.578
23.81
24.192
23.95
24.57
24.135
24.23
23.311
23.682
25.719
25.432
27.915
25.103
29.295
24.832
24.398
23.63
26.015
25.25
26.098
15.664
21.446
25.564
22.712
23.129
26.12
25.907
24.311
25.31
24.118
23.924
29.822
20.112
18.085
27.096
21.494
23.051
24.374
23.578
27.644
23.584
26.473
23.283
19.968
14.551
22.447
22.395
25.272
25.126
23.559
24.115
24.919
25.825
12.5
22.12
25.169
24.706
23.837
24.814
27.129
25.765
25.988
23.5
22.708
25.146
26.48
23.682
22.952
25.291
23.584
25.062
24.77
24.563
25.521
23.316
24.753
23.195
13.785
24.426
23.826
23.997
23.369
24.958
27.502
24.097
24.745
24.749
26.029
25.397
25.469
25.021
29.064
26.582
26.364
25.126
24.48
25.392
19.434
19.495
24.71
25.609
23.559
25.859
21.735
28.715
24.26
26.52
24.553
28.952
24.227
25.505
25.083
25.691
26.805
25.484
27.617
25.207
24.793
13.383
25.319
25.144
25.23
24.498
27.866
28.285
25.917
28.595
29.17
29.469
28.209
27.615
29.75
20.281
20.079
28.054
26.267
28.392
26.991
27.651
29.442
29.302
27.385
28.047
28.378
28.981
25.333
29.867
27.508
27.25
26.819
29.958
26.672
25.532
28.392
27.704
26.478
27.388
34.685
27.454
28.751
29.231
22.054
17.536
27.064
28.051
28.38
27.234
27.852
29.689
29.163
29.097
27.997
27.234
29.652
22.935
16.577
28.833
27.849
26.094
26.995
27.665
27.235
28.924
29.347
29.085
28.096
27.546
27.461
28.194
27.825
29.858
28.845
26.975
27.717
26.644
27.899
28.547
28.096
29.089
21.685
21.406
29.362
28.655
27.334
28.255
26.225
28.01
28.426
26.65
26.981
28.809
28.078
27.973
30.567
26.639
26.683
27.165
25.667
25.779
28.559
25.913
26.6
16.377
27.647
28.963
32.375
27.782
29.397
25.95
26.329
28.475
26.199
28.054
29.966
14.154
28.125
30.017
29.575
25
27.85
28.63
29.094
26.527
28.114
28.43
12.805
24.958
26.667
28.583
29.482
27.536
27.763
26.564
28.654
12.671
25.398
28.377
26.091
28.939
26.202
25.413
27.903
28.749
27.205
31.363
29.392
24.748
28.318
25.766
28.096
28.354
28.436
26.587
26.991
26.852
25.605
28.03
29.53
19.26
26.817
26.874
29.067
34.553
28.824
30.034
27.09
29.521
27.032
25.743
29.908
26.241
27.939
27.151
26.426
24.495
28.84
27.401
28.524
26.127
16.182
27.778
29.826
28.654
33.278
29.407
29.49
24.596
28.8
25.436
24.57
27.167
25.021
24.979
25.476
26.711
28.874
25.71
27.227
17.556
16.499
25.167
24.747
27.586
25.061
24.2
26.105
23.298
25.353
25.234
24.751
25.66
27.445
26.439
14.726
26.224
25.965
26.917
26.51
26.734
26.936
26.65
26.723
25.042
27.735
26.395
21.57
23.264
27.94
28.665
26.728
24.533
25.869
26.757
27.113
26.387
28.023
24.247
25.414
26.37
25.844
23.706
24.386
12.6
27.107
26.029
25.745
25.846
26.206
27.066
23.161
26.259
25.165
26.556
24.647
25.982
14.264
26.134
26.259
27.144
31.73
27.658
28.714
27.243
24.531
33.306
28.209
26.478
24.422
26.537
25.556
25.333
25
25.917
26.456
26.6
26.904
26.517
27.032
27.487
23.727
11.881
25.145
27.28
28.512
24.225
25.369
23.704
25.29
26.955
25.269
28.359
23.064
29.34
25.166
26.325
25.186
25.381
26.145
25.289
25.876
24.706
26.062
14.15
23.642
25.516
23.983
25.745
26.105
25.914
25.295
26.456
25.865
26.473
26.929
18.103
21.187
24.585
25.392
25.587
29.003
26.199
27.196
21.535
21.346
24.549
17.152
19.46
25.969
26.008
24.938
23.733
24.043
24.522
25.889
23.997
12.805
22.848
25.205
23.3
24.673
24.714
21.584
21.919
23.98
29.238
25.507
26.678
23.386
26.795
22.222
25.985
23.539
23.422
24.382
24.667
25.923
27.234
24.121
25.688
17.132
26.396
25.963
26.772
23.603
26.678
23.558
27.719
26.059
27.16
26.063
27.43
23.997
26.689
23.954
27.213
27.138
25.084
25.376
25.553
15.448
22.067
24.979
24.073
24.179
25.306
22.14
21.736
23.559
24.916
24.161
23.954
26.04
22.965
26.888
23.778
23.926
27.517
24.388
23.449
23.667
11.458
26.109
26.116
25.652
25.189
24.378
25.289
24.618
25.19
23.569
26.672
26.268
24.958
23.817
20.695
19.149
25.293
23.228
26.434
26.351
24.589
25.963
25.144
24.545
22.148
26.578
22.789
22.158
25.766
24.917
25.162
25.394
23.444
25.415
25.988
24.141
26.346
24.897
23.232
24.979
25.453
25.145
23.423
20.048
13.883
25.79
26.978
27.626
25.814
24.747
26.531
27.512
23.951
25.849
24.633
26.32
20.126
16.858
26.298
24.094
24.533
26.946
26.194
25.55
24.094
22.893
26.116
25.738
27.165
25.905
28.404
25.885
25.149
27.28
22.724
26.711
26.19
24.437
25.518
24.61
24.688
16.547
20.268
24.73
23.579
26.79
24.915
27.782
23.185
24.751
30.954
26.429
25.381
27.403
24.378
25.316
25.738
24.732
25.541
27.833
25.609
24.958
24.203
23.993
14.868
25.234
24.349
22.204
25.021
24.813
24.873
24.571
23.48
24.092
22.072
25.125
14.738
20.854
25.419
25.293
25.338
26.238
25.105
26.116
23.813
25.52
26.907
10.549
23.539
25.679
25.394
25
25.669
24.439
25.167
25.351
11.175
27.043
23.033
24.916
25.589
25.637
26.364
25.672
26.196
22.027
27.861
25.686
25.686
28.56
29.268
28.325
27.89
28.059
27.258
28.069
25.189
25.393
25.652
24.834
17.378
26.002
25.21
27.318
28.76
23.96
21.358
24.503
25.541
24.237
23.211
22.98
26.871
25.125
24.937
21.637
23.39
24.258
23.75
24.457
23.374
12.377
25.021
24.207
25.251
23.951
21.282
23.97
26.565
26.815
26.979
28.143
27.705
25.041
27.235
24.433
26.241
23.588
25.71
25.164
26.753
14.686
23.817
24.456
24.937
25.207
25.738
25.422
26.92
24.661
23.006
25.311
26.546
23.09
24.358
14.318
25.394
25.796
24.959
25.228
22.517
25.558
24.585
24.158
25.356
25.435
23.636
22.12
20.396
24.626
24.771
24.979
26.232
24.563
23.44
27.08
24.037
26.463
24.628
24.937
26.098
25.062
24.01
24.874
10.793
24.384
25.169
25.982
24.242
25.233
26.451
25.771
25.126
25.684
25.042
23.102
24.481
12.832
25.415
24.164
25.532
25.632
25.439
26.738
24.386
23.064
24.39
23.192
24.19
27.1
23.806
24.247
23.833
24.959
27.302
25.647
26.29
26.831
27.378
25.564
25.532
25.581
13.459
23.445
27.713
25.164
24.728
26.616
26.187
26.446
23.682
26.448
24.833
26.364
25.809
25.31
23.587
23.185
25.275
25
24.263
25.74
24.713
25.523
13.473
23.353
25.862
23.667
24.433
24.73
24.204
24.631
25.128
25.664
26.311
24.273
18.686
21.849
25.271
24.897
24.257
24.897
26.843
24.644
26.124
26.167
24.164
17.933
18.961
24.853
27.782
25.564
22.122
24.894
26.5
24.959
23.227
11.894
25.733
24.068
23.187
25.647
25.352
25.632
24.01
24.979
22.412
25.29
25.624
22.14
25.042
23.35
23.378
25.357
25.539
25.105
25
23.746
26.138
23.926
22.822
16.807
26.497
27.205
28.003
23.352
25.898
24.834
24.563
23.662
26.515
25.97
22.871
25.748
24.388
25.164
23.411
24.392
22.559
23.505
26.01
15.186
24.448
24.573
29.536
22.709
24.25
25.514
24.938
25.329
