24.675
20.64
18.733
18.605
16.986
22.314
26.717
28.103
26.487
31.254
28.836
26.458
18.772
19.836
19.876
23.05
21.62
19.863
20.028
19.397
20.292
19.267
17.364
17.474
20.055
21.766
22.429
17.403
17.83
20.532
17.703
16.78
16
17.995
17.867
18.511
19.355
20.737
20.287
18.617
21.332
18.052
20.484
20
17.199
20.484
22.62
24.019
18.307
19.671
18.009
22.095
14.631
21.757
16.927
18.463
22.459
19.742
19.946
17.84
20.836
19.26
19.184
21.002
18.337
19.328
21.61
21.645
17.647
16.056
18.779
14.855
17.978
18.169
18.678
16.667
19.946
17.559
17.639
18.468
19.226
16.756
18.694
20.081
18.41
18.656
26.505
21.563
21.986
19.09
17.598
19.435
18.542
18.565
20.839
17.184
21.638
21.027
18.557
18.629
19.204
18.96
18.031
19.028
17.459
20.499
22.9
21.247
17.779
18.081
22.025
20.411
18.405
18.045
21.175
19.375
23.513
18.256
19.771
19.507
19.473
19.636
20.44
18.681
20.676
21.318
20.868
19.519
17.284
19.223
21.463
17.055
19.231
20.853
19.904
19.077
21.487
21.024
20.673
16.06
16.109
16.928
16.346
15.623
18.904
19.782
21.443
16.896
20.576
17.587
21.659
19.044
20.248
17.952
20.354
21.594
28.286
27.889
28.179
31.254
30.591
26.387
22.23
18.554
20.614
17.595
20.94
22.039
21.39
18.548
19.145
20.234
19.49
17.5
16.259
15.962
18.299
17.719
17.178
15.625
15.951
14.939
17.055
16.678
18.38
19.103
20.751
20.645
19.038
19.359
18.608
20.879
18.704
20.368
16.499
19.355
24.71
20.177
11.699
20.163
19.215
16.151
16.207
17.288
19.515
17.281
15.447
21.355
20.706
16.722
14.613
18.12
13.32
20.068
15.8
14.344
20.04
22.68
16.735
16.995
14.583
19.096
18.687
13.244
16.611
15.655
20.516
22.326
16.059
15.164
14.344
20.907
13.739
15.06
14.334
16.993
14.8
22.131
16.005
16.7
19.837
16.667
14.459
17.341
19.27
18.398
17.121
16.747
18.458
18.627
14.219
15.447
16.655
18.478
15.436
15.421
13.812
19.863
18.139
16.288
14.479
14.344
21.113
16.99
14.489
18.274
14.49
21.916
15.536
16.655
16.396
18.539
13.094
15.197
15.694
14.439
19.22
18.554
12.239
16.129
17.379
12.979
14.169
12.399
15.312
20.568
14.885
18.521
17.436
20.15
16.498
17.838
13.728
17.838
19.361
17.525
16.276
21.76
22.57
15.323
16.935
16.35
17.011
15.364
15.69
16.577
16.532
23.473
17.539
15.786
15.416
17.891
17.937
16.173
18.99
15.4
17.813
21.531
17.703
16.203
15.992
16.164
17.937
18.287
15.41
19.182
15.718
22.616
20.887
19.184
18.206
15.364
15.684
16.833
17.79
16.779
17.27
20.952
17.937
19.49
16.168
13.276
14.315
18.366
13.725
14.865
17.488
19.821
19.973
16.633
16.408
16.89
18.281
16.78
15.562
15.949
15.989
21.871
15.633
15.061
17.599
18.329
16.489
15.648
15.369
15.875
15.112
18.38
14.578
18.387
17.952
14.733
16.757
14.98
16.655
14.72
12.17
13.374
16.192
17.263
13.861
13.137
14.41
15.948
13.938
13.795
14.247
20.19
20.081
15.578
15.364
16.059
17.476
17.371
17.049
13.87
17.133
23.711
15.644
11.333
15.087
14.956
12.272
16.345
15.953
14.694
14.898
15.572
17.49
17.01
14.706
15.474
13.723
16.325
15.39
14.722
14.848
16.826
16.496
14.962
13.876
14.579
17.598
13.807
14.461
15.693
15.332
17.246
18.593
12.722
13.67
18.132
13.56
14.765
15.03
14.554
12.245
17.16
15.621
16.238
15.337
16.7
13.883
15.149
16.781
15.29
14.325
14.827
16.88
16.915
13.844
14.344
16.712
13.59
14.237
15.453
13.784
17.108
17.667
14.036
13.997
14.617
16.431
15.027
13.732
15.541
15.293
16.804
15.593
15.718
15.553
15.369
13.805
12.756
16.623
15.462
15.282
14.96
14.478
14.807
12.17
13.377
14.674
12.318
15.489
14.344
14.286
18.294
15.786
17.663
17.018
14.559
13.424
15.348
16.837
15.704
15.946
15.4
16.678
13.486
15.793
14.141
13.597
15.494
11.678
16.192
13.184
15.825
17.72
16.812
16.177
12.847
18.703
14.16
17.719
13.779
16.168
14.334
18.402
16.588
13.122
18.367
18.007
14.286
15.054
16.451
15.285
17.014
15.612
14.403
14.68
13.32
14.774
13.664
13.966
16.366
15.141
17.459
16.588
18.63
16.849
10.967
11.448
16.081
16.292
12.796
13.45
16.734
18.349
14.081
14.704
16.61
14.943
17.778
16.238
14.678
13.924
18.43
14.78
13.737
16.543
17.659
20.318
13.874
15.828
14.702
14.528
13.838
16.372
13.02
21.007
17.782
15.117
14.15
14.404
13.058
14.757
12.601
14.793
16.622
14.219
14.795
11.306
13.584
11.793
12.046
14.83
17.151
17.769
15.606
15.501
14.547
15.26
15.274
14.082
16.599
15.338
14.413
19.386
13.974
10.178
13.908
13.921
44.333
42.618
46.936
46.444
39.006
46.24
42.412
44.997
43.629
42.51
44.235
45.161
41.242
43.296
43.882
45.069
48.839
43.672
43.423
40.599
43.454
43.851
41.543
43.087
41.102
42.058
51.473
43.017
46.791
46.96
48.591
49.755
49.339
45.877
50.913
39.164
44.22
44.373
46.272
40.52
44.397
41.143
43.414
46.043
46.078
43.475
49.081
42.373
42.172
39.65
45.423
46.901
47.911
49.435
51.656
49.125
53.361
51.977
50.387
50.739
49.41
44.672
40.979
42.601
44.46
40.265
51.602
45.078
40.859
40.52
40.281
35.829
41.172
40.455
39.632
41.902
46.62
42.364
39.848
39.889
31.597
37.5
39.109
42.739
45.34
42.967
49.794
44.88
45.286
47.691
46.244
42.036
43.063
45.712
43.072
45.791
55.324
54.705
59.148
56.498
50.671
52.966
49.367
50.559
45.702
44.616
50.949
45.588
40.645
40.434
44.803
46.947
44.053
45.397
43.466
43.613
47.783
42.292
43.439
44.608
42.202
39.776
45.06
42.847
43.256
44.282
49.756
53.576
51.367
51.581
48.977
51.228
51.727
50.499
52.414
44.696
48.327
41.62
43.006
47.293
36.145
36.813
42.748
36.056
43.232
42.636
49.474
42.917
44.359
44.168
41.029
41.714
44.368
42.987
42.978
45.123
49.399
45.035
40.484
44.101
45.877
44.105
48.732
51.681
49.14
52.687
52.066
49.539
52.042
46.947
40.978
44.213
46.255
51.781
49.895
47.697
49.18
43.241
41.903
37.902
39.136
39.499
40.375
32.493
41.802
33.083
48.734
47.31
40.069
45.202
45.213
44.365
47.905
42.649
43.066
40.634
51.626
42.116
32.845
44.806
39.862
62.724
62.851
63.714
59.761
63.611
61.249
60.351
61.206
62.166
61.368
60.056
62.055
58.567
62.665
60.111
59.388
61.406
64.121
61.781
62.322
63.228
52.554
61.861
60.879
60.587
65.328
58.194
60.934
57.35
59.149
57.054
59.223
58.184
55.408
57.133
62.294
59.739
60.617
64.306
63.661
61.263
59.758
62.006
63.18
62.587
64.081
61.288
59.024
60.098
64.133
58.987
62.907
58.542
58.217
58.304
58.674
57.243
58.504
61.096
58.626
56.08
59.351
63.81
63.039
61.03
61.787
61.484
62.851
61.592
61.62
60.583
60.502
61.948
61.279
64.876
63.01
58.55
62.561
59.641
60.38
60.907
61.217
60.085
58.385
60.335
59.609
57.958
61.56
62.979
59.972
61.49
58.569
60.185
63.399
64.71
60.776
53.38
54.688
55.618
56.794
56.519
58.193
52.498
55.673
63.701
61.334
61.458
63.054
61.151
58.17
62.387
62.306
59.048
60.457
61.575
60.653
61.618
62.849
62.258
60.535
62.721
62.919
62.273
61.485
60.443
63.83
55.21
57.517
58.271
57.964
57.282
59.379
59.494
59.698
59.746
60.687
62.726
61.239
61.254
61.096
59.443
63.02
61.252
56.125
60.225
62.686
62.775
61.299
63.162
60.802
63.617
63.958
60.742
62.771
61.302
61.588
59.199
59.427
61.752
60.791
65.083
55.817
58.538
58.982
57.388
59.494
57.536
55.439
59.637
64.379
60.195
61.63
59.469
60.209
59.522
59.218
60.139
60.876
61.213
62.222
60.912
61.881
63.147
57.847
60.972
59.944
60.9
59.65
60.156
59.205
62.081
58.931
59.351
60.426
58.735
61.992
64.356
57.202
38.73
60.722
62.517
