12.424
11.832
15.047
12.4
13.14
12.892
12.805
12.123
13.555
12.45
10.924
11.855
14.916
15.107
12.867
11.446
12.726
14.028
12.918
11.611
11.269
12.577
12.703
14.103
12.06
12.886
13.514
13.096
11.824
13.49
11.949
12.66
17.181
12.442
13.391
11.541
11.595
8.946
11.392
11.386
11.745
13.146
13.11
12.877
9.933
10.519
9.671
10.04
9.774
10.359
18.585
19.679
23.823
13.459
13.554
11.037
11.992
10.932
13.71
12.408
10.544
12.164
14.745
12.592
11.549
11.304
13.049
11.847
12.441
10.359
10.135
12.107
12.774
12.399
9.182
9.603
11.567
11.721
11.667
11.402
11.943
12.947
16.498
11.729
13.156
12.374
14.153
10.516
14.761
13.963
10.593
10.786
13.131
9
12.15
11.425
12.048
12.947
11.014
11.336
11.848
12.921
13.208
12.06
13.163
9.826
11.677
12.559
12.06
10.955
13.306
11.458
18.084
13.415
12.886
13.194
13.652
12.091
12.117
12.508
12.093
13.329
14.84
11.4
11.345
12.71
13.51
11.484
13.218
11.096
13.115
11.892
13.863
13.459
13.55
11.382
11.306
14.035
10.303
13.566
11.356
14.095
16.329
13.486
13.262
12.357
14.295
15.441
15.655
15.593
10.814
12.113
16.196
12.04
11.523
11.96
12.458
12.382
12.234
12.767
11.828
12.054
16.011
12.903
12.85
12.321
12.525
11.469
10.329
12.234
12.879
12.727
15.562
12.847
12.918
12.756
12.274
11.037
10.798
10.523
11.603
11.326
15.111
12.275
11.97
13.242
12.5
11.995
12.14
11.968
11.458
12.282
15.733
11.247
13.103
11.622
13.597
11.828
11.689
16.499
12.274
9.176
8.112
10.904
8.647
9.565
8.411
6.098
7.85
9.65
9.596
6.614
8.273
8.788
10.365
8.344
7.723
7.612
8.251
8.151
7.199
7.929
6.969
13.752
9.031
6.946
7.115
7.356
9.14
6.562
7.718
8.59
8.716
10.407
7.407
6.803
7.87
7.976
5.354
6.627
7.859
8.777
8.372
8.339
8.933
7.642
7.979
6.926
7.4
6.978
8.218
7.41
7.697
10.791
9.247
9.441
7.647
7.662
6.667
9.518
7.642
7.502
7.839
12.079
10.972
7.237
7.044
7.627
9.313
10.665
7.106
8.203
8.169
10.955
7.293
6.045
6.61
8.906
8.3
7.376
6.377
8.71
9.873
9.808
8.92
7.429
9.367
9.764
6.908
6.815
9.361
9.199
7.42
11.668
6.003
8.988
6.958
7.255
7.572
8.3
9.133
7.732
7.874
11.812
9.677
8.416
6.494
9.126
7.891
9.043
6.79
8.509
7.572
11.681
9.954
7.208
7.521
8.748
9.98
5.588
8.173
7.422
8.638
11.34
7.444
7.454
8.716
8.653
7.576
7.461
7.195
9.748
7.713
11.404
8.12
7.533
9.701
7.478
7.285
6.562
9.703
8.721
7.148
13.664
14.486
9.69
7.449
7.56
7.483
10.046
8.549
7.485
6.242
11.459
9.253
6.887
7.966
6.967
10.654
8.635
6.781
7.303
8.966
13.497
13.893
11.528
8.11
8.822
8.748
7.352
6.928
9.927
8.767
11.178
8.707
7.364
9.272
7.718
7.914
7.562
7.879
8.613
6.628
10.874
8.825
9.199
8.63
6.794
7.464
8.053
10.04
6.811
7.143
10.831
10.686
8.934
7.39
6.812
7.96
8.488
6.689
7.346
6.593
7.799
8.87
7.779
8.361
6.266
8.115
7.582
7.407
7.702
7.728
7.417
9.677
7.143
6.632
7.672
7.293
7.793
7.068
8.536
6.131
8.103
9.508
8.676
6.771
8.525
8.627
7.175
7.571
6.942
8.687
9.241
9.055
7.021
7.427
7.157
5.515
6.125
7.171
7.52
8.083
7.311
8.946
5.789
6.466
6.983
5.902
6.013
6.649
7.622
5.53
7.861
10.467
7.723
7.148
6.833
6.614
7.799
7.49
6.649
6.471
10.046
9.646
6.671
7.485
6.156
8.818
8.35
7.027
6.234
6.689
7.803
8.158
6.291
6.766
7.106
6.689
6.854
6.057
6.632
7.264
8.53
9.527
6.279
8.971
7.541
6.526
6.793
8.795
7.319
6.955
8.322
6.942
5.963
7.157
6.87
7.526
6.697
8.163
7.893
6.937
7.728
9.549
7.255
6.185
6.987
7.383
8.585
7.842
7.068
6.324
9.967
10.613
7.881
6.928
7.309
6.711
7.436
7.162
5.945
8.076
9.902
8.167
6.135
8.594
7.332
7.717
7.035
7.395
7.953
6.955
8.224
8.571
7.794
9.589
7.349
7.091
7.511
9.521
8.279
8.106
9.902
8.965
8.355
7.883
6.899
6.526
7.848
8.764
6.693
6.061
8.158
9.284
7.035
6.007
8.142
8.806
7.525
6.18
7.162
6.844
9.727
9.269
7.555
6.667
7.51
7.687
7.373
7.021
7.91
7.29
8.547
9.33
8.246
7.586
7.551
6.919
6.606
6.992
6.405
5.647
7.982
8.411
7.143
7.427
6.566
8.333
8.159
8.753
6.377
7.368
7.336
8.73
8.547
7.312
6.79
7.547
7.403
6.849
7.478
7.003
28.897
26.066
31.561
27.699
28.323
27.728
25.226
26.491
26.913
26.001
25.701
28.858
29.492
30.042
22.642
25.608
25.293
27.222
27.018
26.606
25.104
26.003
27.007
27.26
27.191
27.646
26.63
27.285
27.944
27.701
26.432
26.882
32.367
28.328
27.956
33.241
34.192
27.179
23.566
27.003
27.956
24.532
30.286
26.885
21.256
21.433
22.429
22.705
21.016
19.107
25.5
25.227
33.615
26.389
28.017
28.262
28.193
25.087
26.078
27.879
25.824
25.478
32.324
28.301
25.675
26.015
26.91
26.503
26.826
26.676
27.64
32.033
41.701
35.028
36.09
34.302
37.561
26.648
26.732
27.548
28.402
26.253
30.999
30.939
25.962
26.568
27.643
25.202
25.908
28.72
30.87
32.784
39.862
33.518
35.461
33.54
25.259
24.691
26.75
27.862
26.243
28.044
31.11
27.517
26.999
24.022
25.205
28.782
26.533
26.29
28.384
27.66
30.062
28.846
26.949
26.084
27.973
30.269
27.839
27.498
27.732
26.731
31.302
27.964
27.044
28.931
26.147
26.46
27.517
25.616
25.86
27.044
32.76
27.174
27.184
27.732
28.541
26.415
28.138
27.567
26.671
28.631
34.135
33.725
28.273
29.371
27.172
28.986
28.807
26.778
26.792
27.166
31.409
28.792
26.24
27.893
27.797
26.477
27.108
25.653
26.508
27.95
31.765
27.26
26.153
27.055
28.212
27.228
27.553
27.398
26.105
28.69
29.53
27.149
29.545
27.824
28.942
34.538
35.862
34.554
34.804
35.079
32.892
29.432
27.375
27.178
26.399
25.82
25.466
28.74
28.343
28.811
32.822
26.625
27.166
25.069
27.173
26.426
28.214
25.14
28.084
32.987
35.286
31.706
34.36
32.353
33.217
31.796
32.666
31.378
32.475
31.22
34.248
31.631
33.713
28.672
31.655
32.64
32.55
33.172
31.684
33.699
30.801
32.089
35.139
33.401
32.497
33.677
32.683
31.922
33.99
32.804
31.812
32.675
32.072
25.312
29.215
29.28
25.538
32.214
34.032
29.436
33.194
31.355
39.72
40.236
39.109
42.468
38.974
38.719
35.92
31.586
31.458
30.977
31.433
31.934
31.962
32.431
32.788
33.765
32.475
31.456
32.153
33.287
31.659
33.721
34.993
33.173
32.262
32.274
30.063
32.533
28.892
27.736
25.344
28.435
27.155
29.658
32.618
31.37
33.173
33.008
32.737
30.716
33.423
33.835
33.543
33.863
33.102
33.723
29.31
29.327
31.122
24.084
24.483
28.689
34.106
32.208
33.287
34.037
32.692
33.564
33.401
33.734
32.512
27.07
32.573
32.568
35.533
30.068
30.654
31.082
30.062
30.286
32.302
31.391
33.75
31.053
30.187
32.065
32.297
31.22
29.783
30.743
31.143
29.951
34.163
29.175
31.12
31.373
32.419
30.711
32.365
28.739
32.553
32.419
30.213
34.852
29.444
31.916
28.897
33.148
30.914
28.817
32.601
32.26
28.069
32.069
31.645
32.391
28.691
30.484
32.438
32.094
32.829
30.994
30.941
32.966
31.294
31.633
31.496
30.276
30.007
30.124
30.732
31.215
32.249
29.986
29.945
30.579
30.495
30.848
32.185
30.833
31.79
31.185
31.063
29.294
26.019
27.736
26.762
27.861
27.692
26.992
33.981
31.853
30.506
31.815
31.058
30.775
31.037
32.743
31.328
30.103
29.728
32.899
31.07
32.442
31.377
33.536
32.285
31.601
