31.27
27.932
25.331
27.007
34.402
34.621
23.154
28.08
21.088
26.835
24.773
29.829
27.176
25.564
30.998
28.954
29.82
24.104
16.257
21.177
24.394
26.726
29.053
29.095
25.679
26.601
26.705
24.245
25.926
30.873
34.483
22.139
26.333
25.408
23.632
25.759
24.452
24.448
26.324
25.89
24.874
28.821
27.732
13.861
23.397
22.757
20.947
26.611
26.6
25.418
24.98
23.834
23.837
12.826
26.611
22.352
28.017
20.684
20.917
24.161
22.435
26.036
25.398
25.719
26.076
26.519
27.483
26.259
24.811
14.958
19.693
25.021
26.102
27.059
25.49
23.713
24.938
26.134
23.199
23.49
26.811
24.29
26.007
24.21
22.981
18.859
24.959
27.554
24.937
27.778
25.042
25.494
25.546
25.354
23.064
19.666
16.07
29.03
27.842
23.734
23.77
24.734
19.447
24.132
21.533
26.734
26.131
27.5
26.991
23.608
25.042
23.275
24.771
25.945
25
23.52
26.276
27.356
26.171
21.832
24.587
23.231
25
26.503
25.123
27.801
22.259
24.728
26.065
29.032
25.369
25.248
28.254
23.98
25.662
25.103
26.307
12.955
23.665
32.533
27.564
23.161
21.359
23.837
27.032
25.812
21.446
26.346
27.152
25.911
25.92
24.132
24.896
23.882
26.913
24.027
24.415
11.994
23.651
24.532
25.146
26.316
23.289
22.575
24.514
26.051
24.654
24.306
24.288
22.686
13.184
23.051
23.376
22.418
26.22
20.74
24.169
25.266
25.393
26.228
23.367
24.516
25.465
26.404
24.875
21.729
25.323
32.899
24.411
21.275
25.907
16.173
21.239
26.342
26.32
25.444
22.906
20.773
26.772
22.96
27.205
26.247
26.79
32.545
30.993
30.947
26.026
28.619
34.874
31.306
31.917
35.924
31.129
28.707
24.939
29.315
27.787
28.928
35.129
17.969
25.06
25.02
27.205
27.718
24.772
30.884
29.083
28.026
30.671
31.759
28.792
29.794
30.966
29.334
27.166
31.203
25.911
26.236
27.952
29.339
32.616
31.592
28.417
22.955
17.213
28.56
22.731
26.639
27.672
31.724
28.583
27.136
27.769
27.361
17.201
28.947
27.5
29.893
19.807
31.224
28.714
27.387
29.352
31.41
29.209
29.725
25.359
27.226
28.76
29.952
12.371
26.868
27.492
30.493
28.192
27.482
28.257
31.78
28.896
29.441
28.861
25.393
28.182
28.989
26.807
29.645
21.515
28.383
29.377
29.328
29.605
26.772
26.6
28.133
28.023
27.872
14.328
29.214
30.093
28.62
28.56
27.862
29.367
24.536
35.86
27.097
27.615
31.074
29.04
27.182
26.218
26.333
28.357
28.667
27.75
29.983
29.768
30.391
28.536
26.387
25.681
28.367
28.041
29.856
27.221
29.097
30.008
33.636
28.97
28.775
28.427
28.089
26.768
27.997
29.782
27.149
28.167
26.7
17.286
30.075
23.366
28.511
26.882
22.558
27.318
25.398
28.91
26.78
30.165
22.713
28.151
28.277
29.431
26.466
28.74
28.416
28.138
20.032
20.381
29.593
28.275
26.461
28.787
28.335
26.744
29.342
29.299
28.294
27.107
27.963
25.908
14.444
26.917
27.557
27.258
28.815
36.127
27.951
28.222
27.617
25.729
26.65
27.58
26.167
25.891
26.853
36.615
28.838
24.771
24.225
28.51
28.037
13.971
28.313
29.639
27.895
26.249
24.135
25.607
27.388
26.381
27.203
35.243
26.055
28.096
28.983
25.408
30.665
31.124
25.876
27.644
28.99
27.214
30.418
27.625
29.058
28.801
26.329
33.55
30.635
14.113
31.363
23.515
23.102
24.505
27.707
29.383
28.663
32.746
31.633
27.214
26.612
24.835
25.231
24.091
25.477
22.911
25.583
28.211
26.403
28.513
26.337
29.397
26.473
28.678
12.518
26.783
21.445
24.917
26.971
27.111
26.012
26.705
24.877
31.296
13.875
25.593
25.671
24.768
35.036
23.122
27.508
25.995
25.062
23.845
24.542
26.062
25.469
28.76
24.918
25.376
13.037
29.765
27.606
26.891
25.513
26.749
27.045
25.453
25.513
27.334
27.726
24.358
25.276
26.429
27.546
27.242
38.857
26.894
26.258
25.783
27.235
26.044
25.369
26.263
25.229
26.473
15.201
23.089
25.612
25.021
26.633
26.163
24.61
19.62
25.518
22.258
22.02
22.93
25.697
25.354
26.689
28.643
25
25.356
26.134
26.333
24.275
27.35
26.817
23.797
20.977
24.979
25.418
25.814
27.462
25.144
27.5
24.39
23.753
25.78
24.465
26.373
27.548
24.169
26.355
26.633
25.566
26.395
13.739
25.163
21.011
27.075
28.03
23.127
26.105
23.98
26.917
24.138
26.036
18.39
27.522
28.109
26.23
27.683
27.385
27.736
27.525
15.451
24.634
24.183
24.212
28.332
26.333
26.756
25.397
24.791
27.092
23.95
25.626
25.398
34.807
13.68
27.152
26.298
27.137
26.032
26.634
25.825
26.094
24.791
22.85
25.562
24.417
26.91
24.959
27.872
22.24
27.878
19.57
30.016
28.12
24.621
14.16
24.342
27.144
24.493
26.116
23.363
26.109
27.075
26.854
24.141
25.658
24.53
40.641
27.689
26.861
28.595
25
25.431
25.021
28.205
26.628
29.346
27.533
29.194
28.503
25.947
24.318
20.014
27.865
36.656
35.382
31.905
25.497
24.861
24.426
23.52
28.197
30.067
23.89
28.571
24.938
23.682
25.566
27.357
26.874
25.458
24.194
26.461
29.302
25.859
26.065
25.558
12.363
23.833
22.034
21.475
28.007
28.228
25.876
24.581
27.412
27.764
16.827
26.488
25.417
25.291
28.085
29.612
26.805
29.672
26.294
25.498
23.908
27.919
29.224
27.609
26.777
26.268
14.318
23.774
24.444
21.202
23.579
24.56
26.137
29.29
25.333
26.08
24.531
26.116
25.777
26.7
27.855
26.634
19.609
25.734
24.199
25.673
23.25
27.099
27
26.232
27.28
26.756
20.113
18.745
24.959
26.351
24.629
25.415
24.771
35.479
25
20.13
27.646
26.509
24.646
25.664
25.876
25.993
28.77
27.833
24.503
24.69
25.514
24.053
25.598
26.065
19.777
29.488
24.195
24.834
22.039
25.272
26.073
26.41
27.482
23.778
25.272
25.02
26.13
27.113
22.862
25.801
25.721
26.645
14.586
25
20.081
23.448
24.331
20.758
27.158
25.844
24.229
34.156
23.838
31.894
24.406
24.043
28.056
26.058
26.799
25.203
24.875
25.315
13.704
26.025
27.121
23.717
25.551
26.639
25.435
26.805
26.432
27.02
26.412
25.645
23.275
14.091
24.661
25.183
24.667
23.944
20.65
24.544
26.606
27.646
26.79
26.263
24.112
25
28.057
24.894
24.183
25.92
21.423
26.434
22.742
24.376
17.475
19.649
26.959
26.444
25.68
29.681
32.465
24.627
25.419
26.259
27.598
27.383
26.218
22.042
25.468
23.386
26.521
30.008
37.423
23.745
27.597
25.424
27.92
36.167
26.042
24.02
27.809
26.006
22.068
14.329
28.226
25.2
34.634
32.191
30.171
29.19
27.508
23.79
25.105
22.798
22.222
25.286
27.027
27.471
33.413
24.222
26.802
30.525
24.533
28.811
28.571
25.145
26.303
18.14
18.706
26.04
36.948
23.579
24.596
23.997
25.415
27.403
26.864
30.196
17.007
24.583
25.944
25.938
21.877
27.438
26.612
26.997
25.759
24.648
25.436
28.867
25.438
27.227
25.853
24.306
12.287
26.076
24.222
26.333
27.792
30.233
27.377
26.789
23.673
26.805
27.372
25.793
27.204
24.639
28.283
25.876
20
24.242
27.778
23.778
26.946
25.923
26.303
26.342
24.065
26.505
13.263
31.36
25.188
26.827
23.187
26.667
25.56
20.469
22.303
27.806
26.539
24.374
24.554
27.096
26.22
24.743
24.469
25.654
23.367
28.01
25.945
23.774
24.495
35.203
26.254
26.823
28.548
26.549
23.644
25.229
24.877
25.021
23.441
28.023
24.235
26.805
23.269
26.862
25.334
27.173
24.957
24.4
13.489
24.336
19.297
24.45
24.507
35.041
27.273
22.841
21.774
24.294
18.567
22.01
24.875
26.879
25.101
24.092
22.414
21.743
25.334
13.127
23.913
24.351
22.91
25.702
24.446
27.025
25.269
25.124
24.368
25.583
25.555
25.124
17.716
17.933
24.173
22.667
26.036
24.731
22.506
27.782
25.103
25.041
27.629
28.066
25.71
27.184
26.57
25
21.313
25.705
23.833
21.001
25.521
26.616
12.491
24.582
24.036
26.398
26.988
22.649
28.25
28.263
25.874
26.566
