21.618
12.899
16.213
20.254
14.017
22.802
15.751
14.477
13.293
17.209
14.745
26.87
11.14
23.968
13.083
14.247
13.087
17.745
16.299
20.093
20.253
18.43
25.709
19.825
14.581
14.571
16.021
18.725
14.639
18.46
21.774
21.543
14.737
13.13
16.432
15.344
13.075
14.702
24.751
26.055
18.675
24.641
13.298
16.866
17.241
19.211
11.576
17.325
14.668
21.166
30.178
14.825
15.452
17.327
20.173
22.237
14.021
23.289
12.795
25.297
24.528
11.851
11.531
8.052
15.768
18.908
13.953
17.507
13.995
13.521
37.044
12.93
17.031
7.292
20.199
14.258
17.6
14.78
25.955
15.436
25.697
18.194
19.67
14.172
16.032
17.033
13.927
17.101
12.974
15.349
24.737
25.1
21.537
20.288
13.964
15.013
11.569
17.385
27.411
15.426
26.067
14.515
18.799
18.329
17.94
14.83
13.266
22.193
16.778
22.848
18.476
29.657
20.066
16.798
16.019
13.539
13.779
28.772
21.109
24.122
15.856
9.199
15.197
13.772
18.608
13.777
14.487
17.804
22.865
38.064
12.793
13.151
23.596
13.519
18.389
15.723
14
21.927
24.416
29.782
15.119
12.642
14.352
17.124
16.387
14.456
14.889
28.851
19.003
28.581
13.557
12.342
15.263
25.886
18.007
15
14.745
21.879
27.485
13.263
28
13.399
16.733
16.954
11.886
19.411
21.443
16.176
16.387
17.458
32.213
10.993
15.327
13.733
27.83
17.782
11.726
14.542
11.338
28.851
22.859
18.64
14.048
15.698
14.201
18.14
24.599
12.101
13.711
18.501
18.139
23.628
20.093
11.259
18.036
17.371
24.101
13.949
15.323
14.135
24.142
25.351
15.824
17.547
26.121
20.845
20.504
20.961
15.754
25.802
24.917
25.315
18.75
17.588
20.027
25.464
25.665
17.267
24.652
22.897
28.21
19.48
23.215
17.463
19.277
16.712
27.297
20.213
23.377
27.212
22.924
27.508
28.418
16.722
15.639
20.421
21.748
24.079
24.35
22.081
19.571
23.194
19.596
18.435
20.278
21.51
22.897
34.457
18.194
18.758
20.384
27.432
29.431
19.08
22.088
22.274
26.6
24.408
22.596
8.707
22.17
21.419
15.782
17.452
9.629
18.476
20.201
27.826
22.416
23.278
26.609
18.079
18.844
20.685
10.241
25.22
12.159
23.742
25.397
23.584
26.357
22.96
17.371
23
19.13
20.861
21.783
28.619
21.587
35.337
19.346
16.543
17.423
21.881
24.326
25.96
20.533
20.844
28.029
22.075
31.752
16.855
16.833
20.215
22.252
21.656
24.801
33.856
24.749
20.477
27.57
19.83
15.817
20.825
27.708
25.989
30.06
25.182
22.546
22.794
25.839
25.352
10.854
22.742
18.462
21.419
36.915
19.493
20.825
22.817
16.478
26.157
20.429
16.79
27.438
22.178
25.531
27.559
21.854
22.215
20.833
21.571
26.34
19.082
18.085
23.015
29.696
25.753
21.182
21.634
20.148
15.779
31.333
27.23
20.839
20.912
18.629
31.889
21.954
22.989
12.733
20.388
32.51
20.722
18.336
26.985
18.754
26.609
22.163
20.972
18.446
22.148
29.966
27.424
17.918
20.362
21.38
16.061
30.502
13.624
22.572
22.432
28.032
20.161
20.59
17.686
28.008
21.602
19.197
26.288
22.636
25.168
30.876
28.656
26.073
20.632
22.282
16.845
16.967
16.409
30.718
22.155
14.022
20.53
19.317
14.118
19.541
18.259
16.053
14.38
16.515
15.196
22.067
17.71
21.073
16.306
23.041
16.403
24.983
19.338
15.879
16.391
15.59
19.657
21.218
18.158
15.16
14.583
16.187
17.845
13.991
26.13
14.817
16.211
22.766
21.557
17.588
16.6
19.459
16.365
14.76
15.652
17.359
14.582
24.204
16.209
16.488
18.645
13.144
14.093
25.215
17.198
14.391
18.641
27.243
19.757
18.598
16.522
22.576
13.374
11.834
15.642
17.149
23.982
13.223
8.296
19.098
17.444
14.528
16.933
23.333
13.419
13.855
22.23
17.667
14.286
15.463
8.937
15.614
14.842
17.683
21.471
17.888
21.883
19.517
15.094
14.286
17.258
13.243
13.735
12.583
23.237
21.314
17.971
16.409
13.887
21.716
18.935
10.943
17.791
15.92
16.22
22.985
25.55
15.587
19.057
16.251
15.775
13.926
18.746
17.324
15.898
22.296
22.643
16.733
18.435
23.44
16.071
13.709
17.255
18.218
15.258
14.739
30.979
18.315
16.131
18.393
12.929
14.399
17.722
19.523
14.928
24.161
24.587
14.401
17.342
24.917
19.133
15.252
16.756
17.793
16.005
18.833
22.024
16.843
25.731
17.441
15.421
14.087
16.511
18.004
16.589
23.743
22.857
13.36
18.683
16.112
27.448
13.991
17.694
18.588
22.568
15.562
15.344
17.076
17.267
17.928
21.684
11.493
15.825
23.634
27.009
15.832
11.215
26.443
15.123
16.153
18.037
23.679
13.499
25.542
16.745
16.644
10.839
15.111
17.639
14.524
11.984
14.595
21.372
29.659
18.188
18.476
16.202
14.219
20.791
17.333
17.44
25.082
18.218
23.929
17.101
16.387
13.542
13.715
17.667
12.241
15.863
16.957
19.089
30.67
13.186
14.554
15.013
28.31
15.705
24.477
11.944
16.31
25.236
17.379
17.111
14.842
17.969
20.916
15.293
16.947
23.416
26.081
15.857
17.493
16.433
17.476
15
16.151
21.41
13.754
27.547
18.981
13.648
15.261
28.011
16.16
23.861
21.122
12.668
26.627
20.242
20.418
15.65
17.702
15.804
27.74
16.5
15.501
17.133
19.14
20.105
16.103
16.944
17.449
20.949
17.443
17.04
13.386
36.478
9.397
16.622
16.995
15.385
26.48
16.911
14.741
15.4
11.808
19.179
7.662
13.392
9.747
18.121
20.727
21.748
14.722
27.448
15.807
20.352
25.941
16.577
16.947
25.316
27.595
15.339
16.198
13.63
17.893
19.156
14.125
13.365
15.07
25.083
19.359
19.572
15.8
16.069
12.994
32.909
27.689
24.484
23.762
14.827
19.221
21.06
23.65
13.087
15.093
20.066
21.372
25.958
15.063
17.007
19.117
20.345
14.832
18.845
8.383
29.084
36.863
21.597
11.976
15.133
21.566
21.131
14.589
13.338
14.21
27.678
27.64
18.62
15.452
13.707
19.667
18.964
19.308
15.796
13.807
35.537
26.428
25.362
15.415
16.157
18.942
19.318
18.332
14.076
17.845
22.876
27.029
17.584
16.887
17.325
17.928
20.437
10.665
17.831
23.031
33.047
22.98
21.112
16.733
12.933
17.024
17.721
18.37
18.93
21.112
23.041
14.822
16.667
30.769
14.267
14.926
11.2
19.432
19.297
17.651
21.733
23.113
37.623
12.693
17.014
14.209
14.078
18.662
19.137
20.662
23.041
11.495
22.311
16.834
25.398
26.102
14.459
14.987
14.775
13.72
10.227
10.64
13.101
15.037
10.748
21.046
14.501
12.218
10.481
11.485
10.92
12.815
16.721
11.898
12.648
27.439
12.442
11.252
12.692
10.464
12.131
14.917
16.316
12.541
14.067
10.972
13.151
10.569
12.64
12.731
19.448
15.072
8.75
11.184
21.31
20.508
13.63
11.337
13.118
22.485
13.451
12.728
9.796
14.812
15.677
13.258
7.505
14.144
11.706
16.755
16.457
9.443
12.989
14.857
24.222
30.501
10.544
6.74
12.335
14.314
12.182
8.845
9.967
5.696
12.5
15.298
12.997
10.738
9.559
11.237
21.774
9.565
9.299
8.268
16.146
12.549
11.074
21.333
18.583
13.564
13.971
10.013
16.275
10.883
13.052
11.465
11.03
13.23
13.681
13.285
19.608
12.159
16.971
16.547
10.047
8.995
11.561
12.179
18.888
26.438
9.031
13.955
12.327
15.02
12.035
10.926
11.193
12.459
14.37
23.222
10.92
21.513
13.046
10.807
13.591
9.031
11.897
13.784
13.887
19.974
20.762
8.882
10.533
10.495
12.592
9.449
10.502
13.231
13.612
34.091
10.579
10.505
10.62
10.414
10.861
11.608
12.765
10.64
14.228
15.694
8.953
15.817
19.174
23.077
12.075
9.742
11.824
19.086
20.04
10.614
22.874
9.747
12.525
13.772
12.575
12.192
10.294
14.667
12.064
9.483
15.971
9.325
11.345
21.127
9.049
23.347
9.947
23.603
10.854
13.373
14.623
14.446
13.551
9.145
14.086
8.099
11.936
10.877
10.451
13.924
10.013
7.703
12.153
11.526
11.082
11.749
31.638
11.571
16.242
18.957
12.824
11.425
18.553
11.508
13.974
12.994
8.206
9.584
14.486
10.551
