41.957
44.737
43.453
41.563
41.201
39.23
43.353
42.988
38.852
42.904
43.457
42.916
41.465
43.56
42.17
18.524
40.512
42.774
42.241
42.03
38.162
42.669
33.386
26.761
41.742
43.468
44.481
42.893
40.986
48.983
43.35
43.709
44.137
43.539
42.114
42.075
43.35
44.03
42.496
41.723
42.928
41.605
42.384
41.962
42.11
45.222
44.036
43.432
43.259
43.489
41.263
33.643
41.847
39.816
36.464
25.785
42.457
41.032
42.273
43.286
39.57
39.752
43.32
43.01
43.503
42.984
43.333
41.226
50.248
32.012
29.176
42.301
23.348
43.189
44.023
41.393
39.371
43.436
43.934
43.186
41.764
42.645
42.292
45.028
42.643
45.314
42.811
42.717
42.975
42.975
45.995
43.611
43.97
44.123
40.394
42.494
44.253
42.647
43.212
43.535
22.036
41.564
41.376
43.009
42.681
42.184
41.653
43.012
41.467
41.841
43.322
43.539
44.261
42.656
45.67
41.311
44.536
42.705
39.268
44.896
48.497
42.211
43.735
42.062
42.075
44.922
43.059
42.917
41.632
44.039
42.228
46.347
43.817
43.161
44.426
41.75
41.688
42.775
43.672
43.301
43.02
41.584
41.433
43.012
43.058
42.419
40.541
43.615
41.633
26.973
42.097
41.368
42.409
41.326
47.373
42.267
41.972
38.538
42.156
43.274
44.363
45.652
44.908
40.744
42.798
44.082
43.325
43.007
41.061
42.693
41.39
23.379
40.699
41.878
42.502
41.893
42.998
42.62
43.105
45.164
39.752
43.864
42.537
43.898
44.856
42.175
41.709
47.861
42.985
44.444
44.875
42.527
42.984
43.506
43.55
44.435
41.259
43.387
43.546
41.379
42.188
39.531
43.461
39.967
40.891
46.845
38.301
39.472
42.118
38.192
36.395
40.661
40.612
41.015
38.772
25.169
46.054
43.008
38.002
39.098
33.817
40.351
40.134
18.836
38.203
37.838
39.817
41.311
35.702
34.754
39.069
39.722
44.059
46.267
39.163
37.489
37.856
39.68
41.722
39.587
40.466
39.48
36.68
41.176
40.199
40.464
39.509
39.123
39.361
40.116
40.496
26.262
33.252
38.27
38.039
19.941
37.271
40.195
38.599
38.861
36.386
38.123
42.926
40.784
39.519
41.279
40.71
43.131
41.339
38.277
20.83
39.78
24.196
41.25
42.371
39.934
35.974
40.732
39.9
40.992
39.706
39.669
39.688
39.527
39.78
40.838
39.9
40.947
40.28
39.604
41.554
39.671
38.935
40.15
38.998
45.752
41.688
39.9
41.342
42.904
40.638
20.654
36.44
39.224
36.364
37.176
40.433
39.496
41.292
34.707
41.245
42.062
40.415
39.884
41.04
42.651
40.898
41.422
40.992
40.671
42.594
36.477
40.365
42.74
41.408
39.152
38.294
39.648
37.813
42.417
40.441
39.983
38
40.924
40.633
41.695
40.871
42.634
39.421
41.359
41.946
41.77
41.514
39.785
40.913
39.934
40.615
41.24
40.294
26.26
38.929
39.588
39.917
39.113
39.884
37.845
41.917
37.273
40.383
43.435
39.967
38.784
39.07
40.033
40.099
39.901
39.45
40.928
41.162
39.277
40.397
23.338
37.829
40.049
42.028
41.055
41.278
41.419
38.539
39.95
36.557
39.851
40.359
40
40.218
41.172
39.324
36.953
40.698
42.035
40.149
39.138
40.828
40.336
38.385
40.433
39.62
40.301
38.884
39.698
39.934
40.92
40.134
40.853
41.438
38.36
36.213
39.018
41.148
40.759
37.469
39.476
41.269
40.115
40.522
37.28
19.082
33.361
38.15
38.5
39.967
47.54
36.047
41.23
16.236
36.788
41.555
37.637
36.442
34.983
34.338
45.087
38.099
37.277
36.379
39.578
39.145
39.427
38.552
38.291
41.301
39.882
37.018
37.323
40.691
38.814
41.564
39.482
38.318
38.715
41.406
38.604
26.926
32.98
38.64
37.761
20.359
39.817
38.087
39.933
38.758
38.028
43.225
40.37
39.763
39.303
40.947
38.963
38.842
38.843
37.015
19.179
39.901
22.804
36.929
35.997
40.796
45.05
39.751
40.049
40.486
43.91
41.245
42.323
41.086
40.383
41.845
42.271
39.238
41.002
40.704
39.703
38.792
40.482
40.756
38.442
38.699
41.06
37.862
40.643
40.574
35.602
20.818
37.641
38.31
39.646
46.997
45.07
45.728
43.891
43.847
39.209
35.644
38.595
39.169
37.345
39.016
40.017
39.038
37.364
45.301
38.631
35.697
39.623
37.366
37.583
39.187
39.354
40.461
38.321
39.421
40.541
38.111
37.759
38.861
38.543
39.374
37.783
41.002
40.198
38.365
38.298
39.386
40.149
42.339
39.702
41.261
40.769
39.5
38.404
21.805
37.224
40.438
39.426
40.115
37.2
42.892
42.741
40.148
43.217
37.968
41.07
38.377
40.099
38.494
40.017
39.64
39.006
38.347
39.006
35.874
38.99
22.033
39.043
40.867
39.028
40.674
40.099
40.879
40.518
39.362
33.723
39.456
41.928
38.95
39.934
40.771
40.617
36.833
40.391
40.332
39.138
39.261
38.944
41.138
38.76
40.97
38.65
38.148
38.007
39.983
40.712
40.488
41.646
39.174
40.679
44.508
38.143
39.832
38.506
40.392
45.589
42.602
38.704
40.741
38.372
42.2
16.805
36.772
40.775
39.123
39.9
39.059
41.536
40.133
19.336
40.065
41.977
42.053
40.246
47.171
36.938
41.351
42.763
40.364
39.539
39.506
40.529
40.667
39.13
38.721
40.55
40.845
41.993
39.817
42.367
41.674
40.066
41.143
42.881
43.184
41.674
41.742
24.099
38.5
37.972
37.911
17.76
41.153
37.53
39.775
39.627
35.076
36.475
35.987
39.491
38.642
38.812
38.25
38.799
36.48
35.881
19.024
38.053
20.544
37.354
37.49
38.68
36.885
38.386
39.607
37.551
37.643
38.462
39.19
35.954
36.691
37.948
38.642
39.85
41.694
38.436
39.344
39.967
39.726
39.309
37.168
36.889
38.777
39.725
38.587
38.704
27.28
27.466
39.303
36.591
35.872
38.474
37.82
37.169
38.929
33.715
38.575
39.629
41.613
39.491
40.426
40.354
39.254
40.226
40.032
36.416
40.145
38.898
38.958
40.558
41.517
39.754
40.082
41.564
40.695
39.313
40.955
40.872
39.327
40.413
41.225
39.967
42.609
40.083
41.04
40.319
40.849
40.296
41.75
41.806
38.245
40.83
41.977
38.758
40.625
25.697
38.308
41.322
42.474
40.815
40.592
37.51
42.226
47.72
39.732
40.402
40.28
40.97
40.787
38.487
42.215
42.512
40.559
41.591
44.85
41.413
40.588
24.424
39.901
43.25
39.286
42.295
41.688
40.133
40.316
39.156
47.424
35.927
42.973
39.46
41.797
41
39.016
40.295
40.973
39.274
39.232
39.85
41.564
39.899
41.535
40.935
40.571
40.876
39.465
42.811
42.441
40.116
40.6
41.195
42.716
42.289
39.391
39.772
41.105
40.556
40.714
43.139
41.988
41.606
42.638
41.734
16.183
42.798
41.152
43.893
40.924
39.016
44.058
36.648
22.795
42.429
41.024
41.714
41.153
37.97
36.786
39.888
39.624
40.696
40.179
40.931
42.55
40.245
41.499
41.799
40.32
41.46
46.541
40.495
40.27
39.357
39.729
39.329
39.186
38.684
40.112
40
22.464
42.593
46.979
37.152
20.965
39.652
42.173
39.759
38.8
45.068
37.304
39.935
38.989
37.49
36.537
40.342
37.998
34.508
33.333
22.629
38.614
23.201
37.878
38.321
38.185
37.245
39.783
40.796
40.286
40.607
40.249
39.789
40.525
39.431
41.118
39.684
40.183
40.725
39.798
40.958
41.211
40.338
41.167
38.206
41.667
41.013
44.082
41.847
39.564
28.217
31.406
39.437
38.925
44.288
39.646
42.241
39.802
41.66
38.939
42.298
42.81
42.101
41.362
41.061
40.488
42.07
41.783
42.869
38.167
38.5
39.717
43.369
40.75
41.24
39.967
38.525
43.45
40.265
40.507
42.95
41.393
40.677
40.116
41.172
41.27
41.503
43.128
41.853
42.231
42.703
43.968
39.181
41.797
44.211
42.729
40.992
42.477
41.715
25.386
41.68
41.612
41.235
43.694
41.818
43.184
40.902
41.274
40.856
41.928
41.405
42.482
41.385
42.405
41.433
41.901
42.482
43.303
37.939
44.293
41.748
26.344
42.543
42.432
39.685
40.49
41.061
42.371
42.477
41.701
37.398
42.233
44.903
43.735
41.906
41.83
43.88
38.443
41.449
42.197
41.201
43.997
41.528
42.101
42.845
41.514
40.974
43.5
44.334
41.484
42.482
42.11
