50.483
52.488
31.371
52.315
50.359
48.79
51.288
52.108
53.118
48.057
49.081
42.55
51.474
52.932
50.605
39.306
48.79
52.746
53.424
49.012
51.288
51.25
54.717
51.678
54.017
55.677
68.718
60.272
61.243
58.082
52.131
58.959
57.219
67.517
73.291
69.174
68.802
70.88
86.353
72.055
63.008
88.365
85.132
62.537
68.598
54.056
68.437
86.81
85.441
66.667
65.625
65.487
69.055
73.472
65.207
67.821
68.084
56.923
47.753
66.051
55.414
52.482
54.776
52.689
50.431
57.751
56.335
55.273
61.992
52.937
43.168
2.238
49.879
56.765
58.169
58.734
33.937
52.623
49.719
51.491
52.553
52.042
56.605
51.358
52.528
51.046
48.361
63.797
53.863
50.358
79.811
87.822
87.328
84.476
65.659
56.699
48.867
54.894
53.62
55.347
50.039
50.963
43.619
55.478
48.784
43.074
48.455
51.272
50.431
47.368
46.123
51.144
18.99
2.907
42.892
48.837
46.429
47.171
38.011
44.845
13.062
12.792
52.669
59.497
54.184
49.192
42.08
49.922
50.117
50.595
51.94
46.785
57.93
55.136
44.698
48.946
44.053
46.27
47.344
65.25
49.536
50.943
58.185
51.26
48.896
52.793
28.438
40.095
61.023
46.752
52.083
50.465
54.014
42.857
53.416
50.156
56.806
65.647
56.09
55.039
63.202
54.788
59.518
63.093
62.072
72.981
63.113
54.628
43.745
75.428
57.471
75.283
71.091
67.543
65.088
85.278
65.349
66.59
64.497
59.925
93.41
69.783
96.922
50.271
58.951
75.231
50.811
83.458
84.485
91.14
96.749
99.772
99.783
97.806
97.342
96.639
96.042
98.21
97.399
98.34
93.711
46.535
39.725
40.7
50.282
48.736
48.429
47.554
49.842
49.064
43.951
37.705
46.973
49.96
53.603
42.622
38.076
47.295
47.508
44.627
46.865
51.22
50.081
50.979
51.168
50.041
46.612
44.833
47.658
49.384
48.194
46.098
47.338
47.025
41.845
44.573
48.176
46.872
48.112
46.298
48.163
46.085
44.5
48.553
48.145
48.366
55.267
49.444
54.067
54.451
47.93
48.142
47.102
48.86
48.716
48.019
53.344
49.88
36.109
49.837
50.921
48.749
48.905
51.799
56.305
48.328
49.88
48.234
44.988
49.314
46.298
9.317
20.791
50.201
48.777
45.984
44.543
30.578
41.853
42.667
39.587
42.548
43.689
45.867
46.805
45.008
45.14
41.286
9.258
47.301
41.862
44.814
44.861
44.922
44.996
45.164
50.08
68.158
58.301
56.317
52.4
55.564
47.729
46.178
48.551
40.547
46.032
47.795
47.33
47.923
46.328
44.936
43.14
1.877
21.45
41.48
43.964
41.896
36.032
40.067
28.697
1.283
36.9
36.838
3.099
52.988
67.542
56.518
59.52
58.204
58.773
57.21
55.167
53.258
49.359
48.704
50.08
51.626
53.614
68.122
51.345
49.366
48.544
62.085
89.297
87.723
85.569
31.199
58.465
51.551
41.585
50.669
51.208
48.73
35.614
44.058
53.791
55.801
49.248
52.297
65.494
48.927
51.387
56.44
55.88
53.591
55.194
62.824
45.874
60.496
55.956
56.711
57.301
58.685
58.047
52.922
54.686
54.257
82.282
39.351
44.903
62.121
65.918
62.354
67.742
46.4
41.022
60.97
56.013
50.281
50.117
51.292
52.336
32.113
60.538
58.724
56.954
49.76
32.756
37.942
48.251
63.72
44.325
35.578
37.57
45.887
45.395
43.944
46.191
48.335
49.721
45.884
36.948
49.322
51.474
51.592
44.463
35.778
50.359
47.171
42.541
50.401
49.681
50.921
50.484
51.36
51.371
48.792
48.733
48.668
47.373
47.847
48.082
48.871
46.817
42.079
45.759
47.67
44.589
46.857
44.96
47.394
45.275
46.21
48.184
48.885
48.298
46.117
45.933
44.171
47.467
46.612
48.327
46.695
47.016
46.378
48.216
45.627
48.443
36.613
50.041
47.364
51.485
50.729
50.367
47.962
47.356
48.34
52.665
50.411
46.607
44.113
9.123
21.736
51.111
50.162
49.841
44.73
38.426
68.703
63.115
69.656
66.074
58.416
62.368
61.237
70.862
75.87
75.191
13.739
71.682
50.397
59.857
65.479
62.837
63.15
57.256
55.688
54.229
52.951
57.188
69.861
53.365
56.34
70.266
60.944
72.783
72.155
71.207
64.152
70.462
50.343
57.689
67.747
66.45
74.282
92.212
94.534
96.448
98.797
98.582
70.068
14.581
53.433
53.175
14.605
63.849
78.774
64.701
63.356
72.345
86.217
65.802
72.307
71.084
91.863
95.591
81.674
77.419
71.135
67.789
77.667
85.202
63.979
71.071
60.287
70.359
56.535
62.052
72.46
60.257
74.981
60.091
66.952
46.16
47.162
80.861
56.05
65.466
68.523
72.546
61.736
31.567
54.299
82.894
77.554
74.049
56.374
52.047
45.081
53.37
45.942
72.038
57.275
59.664
58.473
54.17
61.668
67.403
57.665
46.953
72.165
46.587
48.756
44.507
47.205
76.291
59.731
55.677
51.914
55.495
47.41
46.53
44.944
24.701
58.175
53.994
42.822
29.08
25.039
37.167
35.84
43.516
49.922
42.753
49.066
58.113
53.822
46.383
51.109
52.032
52.273
55.672
38.697
49.007
54.173
53.397
47.854
39.501
52.038
46.191
46.754
54.516
52.339
54.531
53.481
56.117
51.978
49.838
49.604
50.918
50.203
49.593
49.075
48.317
51.931
43.944
48.77
46.661
49.959
47.843
56.161
49.356
47.339
49.435
49.841
52.937
48.208
47.016
46.935
46.154
50.284
48.065
50.933
47.971
50.161
49.758
50.602
47.247
51.566
31.231
51.327
50.98
50.451
50.833
52.623
47.974
51.438
52.661
52.431
48.625
51.762
51.858
12.095
21.751
52.51
50.641
52.514
55.948
73.116
58.655
59.236
55.789
61.102
69.984
66.821
68.827
63.078
54.65
73.476
13.649
50.541
63.286
62.963
68.693
88.36
95.282
86.558
74.707
66.614
57.79
51.749
59.875
57.498
52.681
42.332
65.402
52.83
67.966
51.332
55.259
58.851
74.002
54.102
45.625
2.652
29.828
47.314
50.829
48.038
38.69
41.2
36.17
1.289
34.526
30.813
5.782
49.717
46.918
44.346
47.725
46.005
43.339
54.365
46.71
47.771
40.412
38.55
43.981
44.936
43.79
58.32
45.723
76.929
52.57
51.208
55.452
51.899
56.771
24.836
46.308
51.304
53.215
55.361
52.157
48.808
36.489
54.806
59.137
53.973
50.911
55.066
52.321
28.486
43.16
52.225
54.375
51.77
48.454
55.249
35.741
49.683
51.252
56.988
52.065
51.684
51.341
58.81
51.506
52.171
47.059
37.096
52.208
59.137
43.235
46.822
51.418
69.8
41.423
50.313
49.45
48.083
45.213
45.774
40.363
21.71
44
40.782
41.181
30.604
24.061
30.644
35.87
44.782
84.695
83.203
91.016
59.271
74.355
87.672
68.563
64.145
58.869
58.923
85.241
79.861
65.132
59.969
82.432
93.587
90.537
64.541
70.166
60.122
58.352
57.866
53.822
54.138
52.674
56.177
47.756
50.556
52.514
54.729
59.703
64.833
57.96
45.301
51.5
57.328
51.909
49.104
54.885
51.84
55.749
51.749
52.369
52.789
52.876
50.158
49.798
50.364
51.959
54.167
53.653
53.444
54.005
53.339
52.095
55.132
51.486
48.54
46.383
52.903
55.301
53.725
54.183
52.517
57.512
54.016
53.828
51.787
53.998
51.241
63.746
58.147
53.349
52.029
53.375
54.199
30
49.604
51.849
46.596
50.979
50.204
47.039
49.591
50.523
51.505
49.186
19.909
36.943
53.695
48.67
48.432
49.919
49.592
49.295
53.143
49.637
47.429
51.093
51.032
53.93
52.996
42.034
53.709
65.42
51.708
54.235
63.781
51.231
54.052
77.241
58.288
12.853
10.214
45.894
55.717
50.676
49.311
48.168
57.609
83.963
64.946
55.739
7.534
32.788
48.265
45.946
57.075
63.154
49.92
53.208
51.592
54.716
55.365
62.632
70.365
82.568
66.278
74.138
62.738
52.533
72.748
64.506
53.108
53.651
55.799
32.43
47.592
56.893
56.309
65.71
64.164
70.724
53.389
53.901
60.094
55
50.522
56.696
54.295
57.346
26.698
52.013
42.427
59.271
58.404
57.53
42.03
36.526
51.99
57.466
43.685
51.406
54.538
56.601
45.188
47.673
47.861
47.101
33.926
42.928
45.689
47.188
36.255
44.094
38.279
48.832
47.642
48.351
46.515
43.363
42.273
23.494
38.076
42.881
53.385
59.614
30.71
46.341
46.934
50.157
