26.769
26.425
36.236
38.954
45.084
41.97
24.498
28.279
32.327
36.09
39.044
42.323
32.038
47.288
50.138
35.777
29.66
33.806
25.167
32.179
42.001
49.692
30.515
17.932
26.475
55.197
58.23
51.617
24.766
36.913
28.316
31.646
45.722
48.237
39.68
28.714
34.78
35.01
37.634
46.008
48.91
35.599
30.409
27.595
21.649
30.863
39.06
30.62
27.858
33.71
38.114
40.416
42.972
53.566
53.367
63.828
47.063
25.1
21.275
29.388
26.166
37.746
31.309
34.508
63.064
58.572
55.5
25.791
22.282
21.515
14.183
35.959
47.76
42.397
29.296
34.266
42.236
49.65
35.294
52.079
52.12
36.218
24.646
22.044
22.376
45.543
56.407
30.587
14.704
26.206
43.345
50.273
44.654
35.259
38.762
37.417
36.202
41.572
45.498
36.77
19.01
24.166
22.77
34.404
28.581
29.696
30.073
36.81
37.788
38.467
26.361
40.421
62.819
63.1
46.285
28.62
30.488
34.6
43.018
46.372
36.24
30.68
28.659
27.755
26.34
26.081
29.325
37.796
36.853
44.167
27.741
48.907
62.166
59.943
36.024
20.39
27.899
32.529
34.146
38.42
44.932
38.237
30.93
33.744
50.45
49.172
25.501
19.627
29.252
37.943
40.838
40.748
49.239
56.721
45.517
28.274
30.344
38.911
39.346
59.502
59.254
51.781
30.78
39.527
24.768
25.821
27.086
24.467
24.214
29.27
29.3
35.216
33.759
26.421
38.557
55.548
69.472
51.484
52.092
37.691
42.62
44.112
28.316
26.15
33.289
25.709
23.73
29.396
23.51
22.724
29.292
27.086
28.599
39.365
47.788
47.004
45.382
51.133
44.422
45.353
43.638
32.039
19.426
34.483
36.148
39.396
35.842
21.679
19.713
25.118
20.052
14.352
15.318
33.113
43.97
35
19.129
22.908
21.074
26.4
52.869
62.41
45.492
24.2
11.258
26.058
38.911
23.864
19.644
18.791
29.793
23.445
20.462
22.673
49.113
60.266
40.818
38.158
29.412
28.871
24.918
23.386
21.972
30.61
41.683
36.358
15.102
17.647
14.457
19.578
27.851
25.479
22.661
13.061
42.76
66.837
72.345
46.799
33.956
15.42
19.716
19.487
31.158
30.924
32.349
36.381
31.076
20.822
19.92
18.937
15.911
12.41
16.243
21.395
25.337
35.651
64.523
57.708
43.783
45.988
32.818
29.35
15.461
19.34
16.964
16.91
44.839
38.647
24.467
10.813
18.733
21.704
24
27.675
26.27
35.837
27.992
20.567
49.048
59.493
45.645
14.239
16.851
17.173
22.805
26.393
23.416
23.427
37.723
32.883
25.48
18.894
22.695
22.82
23.375
20.356
39.33
42.057
30.14
33.576
44.016
58.787
51.842
23.331
20.561
22.819
19.789
22.846
18.158
12.055
36.933
38.633
28.878
20.2
26.542
22.215
35.473
30.14
29.701
29.443
22.748
18.692
24.074
52.545
59.803
49.269
26.671
29.354
29.191
19.974
29.801
31.102
35.148
28.333
25.612
34.931
31.457
22.414
30.587
24.422
13.715
19.749
21.21
31.034
61.662
64.034
57.075
40.478
21.98
19.003
19.828
24.715
25.965
31.359
21.806
25.367
36.811
28.117
20
28.845
27.841
17.455
23.382
20.521
20.808
21.22
14.238
41.547
69.048
70.965
52.765
20.602
20.289
17.253
22.943
20.295
25.32
24.283
33.601
46.392
42.297
15.877
47.965
36.993
36.159
34.519
30.079
46.499
46.4
45.924
36.152
40.743
38.672
33.814
29.848
29.639
34.987
32.182
28.657
25.948
27.454
37.541
33.093
44.4
49.188
55.094
36.17
26.038
29.915
41.667
37.319
38.333
42.708
43.733
30.211
16.84
24.802
47.258
49.933
44.841
34.19
33.333
28.524
28.212
28.091
31.213
21.579
23.572
54.795
62.603
64.014
46.221
32.447
33.023
44.09
41.4
34.079
27.237
32.91
36.056
40.119
44.814
37.929
32.869
31.135
37.869
36.563
39.604
29.216
59.336
61.333
24.901
28.516
40.951
44.246
32.896
29.205
32.731
30.987
33.311
36.315
31.442
33.685
36.624
42.66
46.102
45.948
39.893
28.117
33.11
39.101
57.553
45.161
34.577
29.346
36.376
42.324
55.921
48.763
38.497
29.451
30.066
23.254
21.892
24.753
25.813
34.377
50.168
43.554
33.616
32.65
41.24
44.617
45.979
43.47
28.836
36.271
47.686
43.009
36.003
35.767
28.562
35.322
47.949
50.819
40.309
37.435
44.682
38.209
25.567
10.619
24.769
29.867
36.538
47.239
39.333
54.848
63.531
51.978
36.633
31.992
30.286
24.54
21.883
28.887
28.61
36.498
50.399
67.469
64.099
58.368
43.75
35.614
35.389
37.273
45.071
42.2
23.545
27.634
33.021
33.581
34.207
40.839
45.225
31.427
32.637
57.55
61.406
49.864
19.085
27.796
25.777
29.141
31.712
37.713
51.081
54.843
57.816
31.481
19.29
34.577
33.556
27.371
25.332
27.339
26.892
32.148
46.888
34.89
32.864
58.091
59.52
44.682
33.972
21.725
28.97
25.586
29.233
34.862
37.772
50.275
44.481
23.712
19.19
30.738
51.613
65.368
62.178
36.929
31.25
47.414
40.349
18.272
22.8
26.122
30.723
33.71
34.525
29.486
30.133
29.337
34.683
61.229
63.12
32.389
22.788
16.268
33.738
42.365
41.551
30.951
29.499
40.524
41.886
47.907
24.983
15.848
28.599
32.33
34.354
46.537
51.869
44.869
33.223
33.043
37.115
25.849
34.127
43.607
35.928
24.573
28.863
36.191
40.885
29.96
30.661
53.737
44.527
27.658
47.265
47.34
31.541
28.064
28.245
34.91
38.159
40.501
40.236
41.138
34.104
29.58
24.369
24.003
17.869
24.649
35.446
38.043
49.763
48.682
40.934
52.549
49.659
33.199
34.388
26.632
29.715
41.833
42.133
31.87
34.094
23.984
20.521
30.254
27.11
34.587
35.325
38.426
38.233
29.528
33.333
48.259
46.725
36.066
18.804
24.851
27.807
47.437
47.952
40.819
32.063
30.572
19.092
26.101
27.394
31.171
33.986
27.007
28.041
26.622
47.685
53.677
51.994
49.189
39.92
38.606
45.872
46.039
31.446
32.568
28.6
19.649
25.632
29.905
32.013
34.615
28.977
29.561
26.684
22.318
27.158
42.185
53.576
55.179
43.018
39.538
31.104
49.535
51.092
36.069
15.426
21.495
31.845
39.307
41.262
40.9
31.025
25.989
21.063
29.821
33.886
38.318
36.31
41.628
51.02
47.785
46.054
50.234
49.603
28.96
21.034
33.818
26.587
29.007
36.426
35.899
33.356
35.541
16.612
16.843
22.119
32
35.428
33.775
26.07
44.601
65.896
63.15
43.162
31.715
43.296
47.835
25.76
26.552
27.778
25.794
26.273
34.063
31.533
33.289
34.873
35.368
28.725
29.377
25.133
38.436
38.697
37.234
37.798
32.515
42.42
49.804
40.04
30.455
24.339
36.129
54.282
54.466
36.981
31.897
29.615
38.223
27.425
42.848
39.368
39.165
46.788
33.891
25.843
46.485
49.192
42.74
30.526
31.388
50.995
52.391
36.45
35.278
37.979
46.402
31.788
38.044
42.045
35.16
33.087
32.708
30.754
42.546
61.81
61.919
46.458
21.896
26.957
32.84
39.744
43.147
44.792
39.732
35.528
32.493
42.595
50.277
44.368
38.383
29.577
37.298
39.617
37.71
46.494
63.597
54.571
30.502
33.201
37.367
40.827
43.406
30.464
38.161
37.878
35.633
38.56
32.29
35.96
38.079
39.309
45.272
49.174
56.432
45.491
46.18
53.451
48.477
17.388
27.061
31.663
38.167
35.199
39.826
32.713
17.255
18.514
41.224
40.881
51.963
55.903
57.114
42.502
30.147
34.028
34.476
37.062
36.853
45.497
37.891
29.607
32.93
31.296
37.108
50.947
48.93
43.674
38.404
41.184
38.403
50.104
45.745
33.8
31.104
32.663
28.475
34.649
50.274
37.756
52.288
56.894
44.422
32.097
31.818
33.173
27.175
24.983
34.913
39.206
45.126
51.696
53.109
52.852
50.485
43.41
35.322
32.999
41.01
36.701
38.488
41.973
39.276
36.849
31.639
40.452
45.14
51.523
51.425
47.759
45.222
39.075
36.141
34.626
37.977
32.889
24.932
27.405
37.216
54.621
67.852
55.338
55.398
46
33.333
29.73
19.599
20.952
23.245
42.706
38.771
50.265
48.79
35.471
47.326
52.097
51.333
31.157
33.4
26.179
26.993
29.766
51.657
48.587
39.757
27.826
33.509
36.091
38.87
34.001
31.101
42.578
45.786
