69.721
66.717
66.145
72.959
65.408
67.83
65.779
66.49
62.966
64.899
66.34
69.333
64.426
74.588
63.588
65.566
65.914
66.566
72.095
65.295
71.179
65.668
66.541
66.291
70.343
70.24
66.592
62.72
78.94
65.916
70.183
65.376
68.445
72.267
67.393
66.863
65.544
68.978
67.015
65.026
67.647
73.692
65.072
64.647
66.592
71.176
72.173
71.492
69.912
63.817
73.42
63.774
64.193
64.386
65.317
68.722
68.394
67.61
64.563
65.28
71.277
64.879
63.725
60.876
68.282
64.411
66.988
63.925
63.267
68.452
70.29
65.47
67.718
66.817
66.216
66.394
65.535
70.45
63.691
68.981
65.545
62.769
73.688
62.529
73.938
67.718
65.748
70.506
67.982
65.587
64.67
68.286
65.008
69.585
66.491
64.058
65.434
67.93
65.148
67.601
67.393
62.69
67.834
63.859
67.016
73.782
67.599
64.441
65.604
68.915
64.466
68.696
70.282
66.147
72.905
67.699
65.015
66.97
64.373
73.094
49.059
53.387
65.457
63.336
65.335
67.92
68.94
71.552
64.973
62.481
67.937
65.564
69.426
69.745
70.769
62.006
71.306
65.046
65.359
75.248
63.482
72.74
63.725
50.224
63.943
67.06
63.678
67.013
66.969
66.79
65.579
54.042
67.862
67.763
64.981
65.701
74.05
66.116
70.34
64.346
65.813
74.233
67.152
67.368
70.416
64.286
68.612
70.403
71.429
65.693
67.466
67.115
69.426
71.397
66.312
68.645
64.039
66.841
76.643
65.821
65.184
66.37
69.208
67.457
70.059
66.389
66.112
68.077
65.957
66.667
71.723
63.622
70.627
63.933
64.248
73.65
71.521
66.692
68.713
73.392
65.663
70.264
75.399
70.368
72.555
64.724
76.82
77.707
65.997
73.86
71.491
70.124
67.185
67.069
66.968
73.813
67.116
67.244
66.344
70.214
70.717
66.139
77.904
67.5
68.347
72.747
68.658
70.791
64.773
69.773
74.368
73.197
75.991
66.387
66.692
72.351
76.45
67.09
69.055
77.433
72.078
66.142
74.875
69.253
66.32
69.035
69.568
69.174
65.574
70.553
73.372
68.922
71.913
71.176
71.157
69.822
70.657
68.307
71.574
68.354
64.226
69.828
73.299
70.182
67.809
75.606
67.456
74.715
70.058
66.042
73.183
68.523
72.15
69.191
67.241
67.217
68.922
68.477
80.756
66.963
66.864
71.324
65.064
72.331
69.721
73.515
66.891
70.925
67.266
72.873
70.219
67.831
69.426
69.679
67.316
71.769
70.918
66.768
73.773
66.791
69.368
70.074
68.966
68.276
72.447
68.39
67.169
74.228
70.044
69.035
68.289
73.96
66.942
74.718
70.909
65.217
75.429
66.395
77.257
64.308
66.892
55.796
69.948
77.685
71.804
65.224
70.818
70.528
74.59
69.373
69.407
69.065
72.424
66.99
68.199
71.243
73.966
65.685
67.079
71.888
72.044
72.374
74.719
60.827
39.134
68.077
75.751
68.338
72.675
71.418
72.353
40.623
68.386
68.473
72.085
69.647
66.566
70.48
68.503
71.69
69.265
69.86
67.857
74.425
68.988
68.882
71.047
65.957
70.051
76.603
72.767
65.486
70.059
68.516
74.587
65.034
69.367
70.83
66.192
68.291
74.425
72.794
72.892
71.725
68.867
73.261
70.654
66.16
68.778
73.392
65.464
68.168
73.167
69.374
66.59
72.553
71.68
75.163
67.373
69.645
72.525
67.79
67.238
66.111
69.388
66.514
69.311
64.286
70.918
63.19
64.706
74
67.795
75.287
65.932
67.713
68.46
64.039
73.74
63.526
68.844
69.379
69.088
63.997
67.956
69.463
67.288
65.943
67.398
67.87
66.022
66.317
73.468
66.192
68.561
66.987
70.626
75.126
64.586
67.735
65.411
67.487
63.279
65.768
67.638
66.117
68.328
67.192
67.919
71.221
71.587
65.762
66.544
69.265
67.383
70.408
69.985
71.595
70.03
66.214
80.179
63.086
70.886
69.118
72.178
69.518
64.92
71.763
72.394
63.492
65.015
67.519
66.865
68.409
65.443
68.703
72.404
67.37
66.123
68.538
69.202
70.239
66.616
73.305
63.887
64.773
69.055
64.591
69.025
68.168
69.122
65.945
71.397
64.989
70.28
74.189
65.833
69.626
71.082
69.948
67.612
68.986
67.613
69.53
70.044
66.124
69.196
65.208
67.417
72.331
70.46
70.627
62.166
68.08
72.714
64.039
74.803
69.795
72.959
66.036
68.287
67.647
54.881
69.856
68.616
67.94
68.796
72.993
74.525
65.918
63.866
68.038
70.169
65.787
67.878
73.462
66.199
69.704
66.496
68.902
66.042
70.536
66.864
64.226
60.341
56.731
67.236
65.227
70.159
71.377
66.742
66.937
49.536
71.185
69.185
70.507
76.228
62.098
69.016
68.736
73.996
64.981
68.282
73.947
66.742
66.291
73.367
70.133
71.665
68.268
65.97
66.895
69.001
73.904
72.498
68.145
72.186
65.185
70.471
65.234
70.332
65.153
69.361
70.913
67.045
66.717
66.866
73.677
63.381
76.632
63.925
73.608
70.346
67.208
66.415
67.944
74.143
69.367
73.082
72.747
62.253
65.616
69.514
70.532
70.839
63.323
71.577
75.089
65.669
69.884
71.049
64.822
66.765
74.928
63.822
64.443
69.35
66.136
72.727
72
69.799
66.841
66.288
68.718
68.347
72.825
63.969
67.017
76.683
74.982
63.595
66.366
66.22
65.606
65.625
66.985
69.214
63.394
63.366
70.213
71.068
67.566
69.511
69.549
70.072
68.331
74.791
64.658
69.418
64.629
69.677
66.086
72.642
65.87
67.142
72.845
69.242
67.089
69.934
69.868
69.068
67.457
71.866
69.866
70.288
64.178
69.749
64.095
69.778
64.538
73.715
67.973
64.421
73.907
63.447
68.553
68.226
65.89
69.51
67.172
65.076
67.958
68.503
68.118
75.373
61.111
66.039
62.491
74.858
62.974
69.675
66.263
66.491
68.571
67.604
69.248
73.733
71.027
65.038
68.866
69.162
66.342
69.09
67.388
71.243
70.912
68.953
65.784
70.433
67.116
69.294
67.396
69.814
76.137
66.441
62.452
66.441
70.08
66.224
68.658
65.699
66.26
66.142
60.902
67.342
69.145
69.639
66.517
71.879
64.879
69.343
72.649
66.392
70.095
67.042
74.217
65.866
71.136
68.105
75.921
64.579
71.501
66.868
68.165
67.036
64.069
48.478
70.381
74.629
67.39
67.485
71.481
71.739
49.654
68.429
68.138
69.299
64.052
67.403
64.147
66.34
71.263
69.4
65.877
68.066
66.717
67.665
69.006
64.891
68.818
67.262
69.796
67.854
73.049
65.191
71.397
65.608
70.256
70.917
65.25
67.662
69.562
74.228
64.875
68.464
66.889
70.23
66.567
68.546
66.142
69.838
67.184
71.316
67.065
68.37
69.432
75.513
60.201
63.946
65.764
72.653
65.309
67.693
65.314
67.013
64.302
64.128
68.539
66.998
67.988
66.516
72.311
73.673
64.925
68.118
72.161
62.751
70.08
67.991
66.324
72.502
68.437
71.76
65.221
66.667
70.778
68.072
70.425
74.52
63.05
70.614
64.382
67.263
62.881
66.194
68.46
66.366
70.644
69.225
64.557
67.136
68.661
67.586
68.876
75.482
68.935
67.085
68.398
65.344
66.497
69.403
66.215
67.241
69.056
72.222
67.034
68.727
69.725
66.519
64.302
68.616
67.142
66.641
66.113
70.387
71.882
67.062
63.847
72.337
66.767
68.429
66.79
69.552
70.791
66.444
68.467
72.323
65.442
69.287
68.429
71.47
64.237
75.035
63.11
68.741
66.593
67.275
66.014
69.52
69.152
65.819
70.043
70.115
76.483
64.252
67.412
70.294
63.657
65.996
72.984
64.504
67.193
67.386
64.118
67.438
66.39
68.745
69.242
69.421
64.875
71.672
68.456
62.319
68.535
64.043
69.339
68.685
72.21
61.293
67.994
68.659
63.699
69.754
70.11
49.268
73.333
66.18
69.941
73.333
66.24
70.478
63.538
66.742
66.237
69.265
65.625
69.897
67.412
69.259
65.396
68.219
75.367
58.929
66.192
66.842
65.822
69.993
43.847
68.252
65.054
69.248
62.471
69.426
66.161
51.982
67.295
65.261
67.321
67.506
65.118
67.142
60.376
66.369
68.561
63.361
64.683
64.932
64.4
68.358
68.812
68.295
67.02
64.808
66.282
71.556
66.289
65.184
66.054
66.34
67.393
66.918
66.342
67.33
65.758
67.886
66.867
68.14
60.329
70.192
63.367
68.968
71.294
66.185
69.173
69.106
66.069
70.793
63.394
65.705
65.783
62.588
65.807
71.668
65.515
72.064
