17.888
24.348
32.975
16.744
13.597
8.735
16.29
20.889
19.188
11.674
16.523
30.079
27.023
13.503
8.978
12.157
34.574
26.684
11.726
11.649
17.612
30.179
24.818
18.146
16.623
15.734
19.703
11.745
14.894
25.134
31.383
13.117
11.966
8.693
40.395
15.929
29.818
11.234
15.876
16.645
21.324
29.272
12.208
18.869
14.399
16.711
10.046
7.227
22.252
13.049
27.043
21.833
13.843
22.812
29.733
23.495
22.748
11.111
11.924
21.825
18.115
16.845
29.205
19.637
14.837
10.329
12.89
15.842
8.599
13.508
17.388
37.714
16.301
18.87
31.984
16.17
24.258
18.134
9.739
10.682
9.823
13.329
9.103
16.834
20.999
32.607
14.445
15.073
11.497
15
10.403
14.154
11.654
31.6
22.613
16.42
32.141
12.05
30.133
24.783
17.898
10.874
12.442
10.561
16.544
24.55
27.984
9.614
12.975
19.355
17.933
18.031
10.544
29.491
23.424
13.257
11.536
10.795
28.131
30.093
24.371
12.169
12.278
14.361
26.09
14.564
13.648
33.511
17.028
14.683
21.719
13.949
15.914
17.455
34.037
16.256
14.827
14.585
3.856
10.392
23.8
25.485
29.94
32.008
16.711
14.585
16.265
10.854
13.24
25.279
22.568
16.193
18.308
18.626
10.502
20.293
33.888
17.485
14.183
10.331
15.755
19.76
36.945
16.789
32.51
24.059
31.295
16.413
14.653
13.439
7.059
27.548
20.685
16.824
10.317
14.95
11.597
19.681
15.563
10.013
17.502
14.115
14.455
11.958
11.585
31.444
30.392
15.374
42.305
37.189
16.967
14.352
10.166
29.334
22.024
8.762
14.739
16.468
14.717
11.942
15.943
37.591
41.706
38.127
28.486
38.782
23.475
34.088
31.296
28.096
26.061
28.638
32.131
29.073
32.639
26.044
37.693
26.662
22.266
32.667
38.67
31.121
33.77
30.047
42.396
39.188
30.301
26.147
27.483
34.899
31.126
26.435
28.079
36.592
47.172
29.423
38.697
32.477
24.655
31.992
32.475
31.349
19.987
20.847
46.533
30.492
28.073
10.053
30.382
35.51
19.276
41.043
34.004
26.492
41.744
51.213
36.219
21.4
20.901
33.244
33.981
30.1
25.366
26.443
30.667
25.614
39.336
33.423
17.647
37.357
39.355
29.447
41.777
34.163
29.813
30.739
15.539
46.959
32.162
18.66
17.135
45.751
70.053
45.027
25.249
24.197
32.425
24.671
21.029
24.113
18.701
32.932
22.237
30.265
42.982
39.142
28.647
20.778
25.933
32.013
38.079
58.217
32.811
14.239
31.224
43.862
39.411
14.618
18.011
27.248
35.422
34.623
22.657
29.533
27.389
21.678
29.695
41.627
32.131
28.231
54.008
43.338
20.602
26.658
35.377
33.605
25.893
29.597
33.628
44.89
35.298
28.562
26.622
30.888
23.407
30.494
22.663
25.78
8.781
26.255
59.091
52.744
39.695
33.641
26.424
29.834
25.864
22.95
25.281
22.876
26.288
35.352
47.361
38.298
27.548
25.561
25.667
25.034
43.362
58.406
26.599
26.309
31.359
29.939
46.042
36.226
29.369
35.415
21.803
31.901
14.919
15.112
26.587
28.495
23.305
25.484
23.867
41.232
45.876
56.84
41.361
30.267
19.374
27.719
25.452
28.236
32.617
33.021
32.746
44.053
38.247
28.827
25.165
22.266
29.773
23.27
16.301
26.104
30.327
47.49
54.434
27.493
35.441
33.201
29.288
32.916
29.524
36.842
28.127
30.713
41.991
34.983
26.012
32.277
31.635
42.602
50.27
39.221
26.905
17.403
39.376
25.841
32.953
29.894
39.663
31.963
25
43.597
38.07
35.573
34.904
33.98
38.165
37.741
36.069
21.745
25.572
35.393
35.271
37.874
35.195
25.525
36.936
24.547
25.428
21.912
24.453
17.686
41.224
47.414
31.675
35.278
32.185
28.85
35.676
38.019
26.291
23.772
34.352
45.755
36.119
33.98
28.011
29.324
22.465
29.482
30.356
27.722
38.37
32.468
56.531
32.091
31.425
27.778
41.303
31.297
27.826
31.477
35.15
30.949
19.777
30.02
31.046
21.604
13.974
29.759
21.736
27.815
32.245
44.459
41.678
23.557
17.167
41.689
38.098
24.142
37.811
35.93
33.733
42.76
29.058
29.808
27.992
24.769
32.237
32.756
30.426
27.13
32.78
55.495
34.437
28.638
31.743
33.753
20.251
34.109
43.899
44.437
31.714
35.49
40.567
31.396
20.279
27.176
46.649
29.416
34.524
37.551
43.191
36.334
47.261
28.326
31.794
25.583
29.301
29.389
24.382
38.918
36.587
46.862
65.793
35.452
18.884
26.55
28.235
33.51
29.479
20.664
33.333
36.182
34.878
30.347
38.915
29.86
28.658
30.661
21.272
35.57
44.104
41.964
28.954
39.867
44.976
37.617
30.932
27.83
30.073
34.608
45.237
28.619
22.027
27.189
46.133
51.123
24.916
29.783
17.886
41.176
31.465
30.962
27.675
15.121
27.157
31.467
39.024
48.011
39.576
27.77
32.537
32.16
42.269
28.514
29.338
23.632
33.401
39.321
31.867
48.068
47.564
28.648
28.161
24.321
20.736
30.688
21.774
17.303
18.533
16.026
10.248
21.095
23.825
17.26
13.957
15.553
21.542
30.204
27.53
10.987
18.758
51.033
28.968
15.309
12.81
19.132
22.266
18.62
23.289
16.535
19.974
24.037
12.962
18.009
21.688
34.172
23.017
10.013
12.583
41.114
53.549
15.693
11.839
18.96
16.777
24.371
13.986
10.644
20.789
11.352
22.234
8.497
13.035
23.087
14.644
22.038
28.161
15.027
23.51
49.932
30.174
23.806
12.995
13.639
21.609
18.327
18.139
16.123
21.286
16.522
12.169
14.372
16.99
9.474
23.097
34.579
16.276
24.666
27.175
36.535
19.029
29.849
21
7.602
11.371
21.567
10.506
8.748
17.556
16.634
20.013
14.276
15.473
11.741
14.993
17.751
33.841
14.894
15.462
33.333
24.248
33.995
15.885
41.322
22.617
17.639
12.952
9.935
18.164
17.211
16.279
17.17
8.312
16.923
18.611
20.95
36.458
19.07
33.378
26.737
13.356
20.285
31.378
13.924
35.113
16.161
31.714
53.123
23.756
20.805
14.029
18.267
17.333
15.328
17.057
24.38
15.425
16.611
17.53
17.44
35.38
27.078
30.764
6.632
9.868
11.643
46.469
41.879
18.072
21.2
12.55
17.033
32.279
18.543
8.693
21.339
21.291
36.442
22.036
10.811
18.975
13.528
18.071
12.696
9.74
30.222
28.778
19.643
38.222
18.807
28.265
32.654
14.864
40.212
33.179
16.743
13.325
14.078
22.73
14.286
14.095
13.681
18.565
14.625
14.191
19.079
28.222
24.305
14.144
15.796
19.029
29.286
34.047
18.121
32.694
31.877
29.385
12.442
14.446
16.185
9.138
14.381
21.919
15.824
11.321
13.903
14.466
26.967
31.254
37.256
20.727
13.98
24.054
29.831
20.907
25.473
36.987
27.432
23.784
23.771
26.396
18.244
39.206
15.224
18.926
15.307
41.74
45.782
34.102
28.032
18.588
23.051
29.993
17.409
20.068
27.871
19.732
31.1
51.391
16.087
25.884
34.746
19.07
28.254
34.78
21.23
31.113
18.887
15.053
20.569
41.212
22.629
14.475
13.546
27.224
17.643
22.007
35.639
26.267
23.175
21.031
45.576
54.521
24.884
17.126
25.741
24.415
26.439
14.949
26.443
24.133
13.066
18.514
31.43
26.986
21
24.917
43.446
19.545
24.967
55.954
29.667
16.722
22.06
11.118
21.688
36.059
29.018
18.838
26.739
18.334
27.082
23.424
17.77
15.846
18.496
16.949
20.053
41.522
50.546
24.358
25.813
39.519
18.949
24.013
23.79
30.55
35.595
15.738
25.547
41.567
28.259
23.67
9.941
17.893
26.471
26.232
23.825
24.554
38.65
18.882
22.985
35.29
39.731
22.311
22.84
34.574
24.491
20.703
30.185
28.092
19.894
22.724
23.974
31.614
35.548
28.703
19.668
21.147
43.122
27.09
18.859
24.733
34.145
7.073
19.205
39.386
40.36
36.46
24.409
26.531
15.828
27.611
53.397
39.235
11.604
22.568
22.821
27.936
45.539
17.559
25.417
16.578
23.742
32.306
28.6
18.572
22.727
25.347
23.525
18.341
36.7
38.498
23.733
54.215
37.116
11.643
14.619
21.084
25.132
16.622
21.395
13.961
22.163
36.033
51.164
36.455
17.271
18.854
17.295
17.919
25.338
27.127
22.043
16.295
20.887
29.647
65.096
57.163
21.127
21.462
11.362
17.299
24.882
25.804
37.525
18.34
