24.933
33.266
21.347
16.444
21.783
42.366
32.535
23.051
25.37
28.239
22.215
20.676
19.041
19.244
27.425
38.168
29.105
20.375
20.392
32.286
16.6
14.112
18.176
21.092
36.72
17.003
30.013
20.634
22.072
10.239
13.462
8.624
21.414
17.835
43.898
27.363
32.937
23.752
16.191
17.041
20.337
21.722
22.037
32.832
34.282
24.437
10.912
13.284
19.946
17.729
20.808
34.638
37.28
42.147
13.981
14.502
27.056
22.815
19.562
26.133
23.939
27.327
37.254
21.41
19.454
17.962
17.643
23.444
43.141
33.99
15.059
20.332
29.327
23.011
16.043
19.613
25.152
25.798
9.661
8.108
16.555
39.162
41.612
16.834
15.856
29.172
40.292
24.85
15.212
22.126
23.698
23.031
33.77
20.747
18.7
14.733
18.737
18.708
20.63
32.343
20.604
17.659
53.701
22.148
15.222
33.554
21.2
21.5
20.227
21.632
19.344
23.072
33.487
23.486
17.099
18.377
15.625
32.599
39.233
22.384
16.9
24.366
24.735
35.921
26.061
16.678
24.702
18.206
21.687
16.979
21.405
18.962
8.505
27.957
38.137
14.984
18.352
32.074
19.571
19.707
17.362
9.037
14.047
16.094
18.291
37.632
39.396
19.172
20.255
24.553
22.148
14.859
9.253
36.533
27.404
35.957
33.751
23.455
17.647
21.937
26.118
18.491
20.508
25.726
39.217
20.213
31.457
32.893
22.031
55.31
27.849
19.261
16.204
21.661
25.132
18.158
22.691
19.84
36.243
18.725
20.731
37.375
22.882
22.193
17.397
24.088
44.22
27.188
15.328
6.68
19.029
35.178
25.427
13.408
13.28
25.133
19.67
22.652
34.884
13.729
14.592
29.111
26.044
20.983
26.133
36.542
23.498
36.531
28.958
30.265
37.484
27.981
26.444
25.346
46.353
36.887
22.589
17.709
28.117
35.471
26.758
26.492
26.533
32.429
26.42
25.247
24.425
17.763
35.561
25.963
36.769
36.024
9.632
26.964
30.106
26.004
23.006
26.358
40.344
32.162
29.817
23.897
29.111
25.611
24.686
23.046
30.417
37.574
41.4
22.171
22.83
36.955
27.912
29.632
25.082
32.762
46.083
28.571
27.926
27.55
23.309
27.399
25.348
33.668
35.428
33.82
35.366
33.06
23.376
24.056
25.499
26.644
28.094
24.615
21.254
37.383
26.794
27.952
29.439
19.594
26.368
29.129
32.76
27.459
34.628
32.527
32.68
25.933
25.329
32.754
35.193
29.867
26.596
23.646
28.289
38.133
30.255
31.851
38.885
28.096
38.208
24.716
28.458
22.422
26.238
39.286
21.282
38.492
34.166
26.267
23.897
23.444
27.194
37.45
23.651
34.441
38.605
38.124
32.056
16.876
29.719
26.658
28.847
27.632
17.883
37.541
45.189
23.529
20.814
27.627
27.542
37.032
26.697
17.406
18.969
33.445
44.721
27.855
21.353
24.933
27.697
22.378
39.32
62.294
23.629
21.552
23.2
27.62
37.692
23.592
29.139
28.42
37.736
22.975
14.55
28.814
28.408
36.725
28.281
31.394
38.959
48.901
40.706
23.72
30.79
23.103
27.058
23.537
27.755
26.617
26.703
33.598
27.725
29.706
14.351
29.262
26.026
37.34
33.896
32.796
29.059
47.967
27.159
30.507
30.869
24.6
25.889
25.919
21.448
13.061
34.379
43.231
27.611
26.42
12.907
36.376
26.093
32.997
29.843
20.474
34.808
46.604
23.404
19.786
33.727
27.218
31.374
27.613
19.266
25.48
24.522
21.537
33.136
25.033
23.979
14.125
18.17
25.586
38.801
27.46
28.365
21.527
26.865
24.689
21.344
22.527
21.672
22.529
26.09
22.449
22.399
18.469
16.985
57.304
19.107
30.816
19.868
20.528
23.456
22.382
19.868
26.176
27.851
23.092
21.367
23.886
19.498
20.69
34.666
24.124
32.1
24.339
28.89
24.282
24.181
21.921
21.95
23.389
29.451
25.449
22.846
18.75
24.57
31.517
36.201
29.122
21.206
24.408
27.844
20.067
18.447
18.812
27.399
27.534
15.613
19.378
18.975
19.159
21.725
23.291
14.906
36.339
38.003
22.802
20.662
19.395
32.587
20.633
21.391
31.336
24.834
16.285
23.373
23.879
17.56
20.197
18.912
22.619
35.738
30.764
34.419
20.606
21.192
27.236
27.085
18.675
24.22
33.751
20.027
22.48
20.465
22.929
20.424
22.008
17.706
29.701
35.477
26.096
27.561
22.449
14.017
23.338
33.936
24.852
33.333
27.955
19.868
14.93
20.452
19.329
22.508
19.502
19.323
21.595
38.373
31.621
17.337
11.829
13.144
33.199
21.16
23.816
29.88
14.696
10.533
29.245
27.255
20.969
18.935
19.038
23.102
26.667
23.49
19.312
26.411
35.658
23.778
22.333
23.138
31.794
26.915
30.561
13.467
21.768
34.751
26.176
19.452
20.933
23.329
21.611
21.523
29.071
32.148
36.191
23.458
12.508
24.398
21.123
32.732
22.527
19.96
22.917
25.33
21.684
23.914
23.819
17.912
23.764
20.121
28.838
45.22
32.126
14.466
23.596
25.084
46.194
17.184
20.836
20.703
19.511
21.017
19.759
11.612
32.761
20.869
19.706
20.372
17.71
19.692
14.589
28.235
28.203
27.675
23.163
37.845
25.694
11.406
24.117
28.232
16.39
26.044
18.937
22.215
24.323
14.864
19.759
22.318
23.246
25.622
23.046
19.973
37.483
17.508
19.933
16.568
18.254
18.437
20.926
21.84
22.912
19.083
20.694
17.738
20.905
24.061
35.04
24.026
22.679
22.689
36.182
21.102
21.553
19.811
20.238
23.736
24.501
22.035
20.972
12.533
23.354
26.897
34.106
18.809
25.904
35.944
12.21
16.088
37.374
20.119
18.048
19.489
21.745
23.313
22.803
11.406
17.148
22.943
20.027
34.618
23.4
32.143
23.766
11.6
12.807
25.716
36.624
19.608
16.633
22.473
26.892
17.773
16.755
20.867
24.916
28.229
30.461
19.732
25.569
26.547
19.153
14.926
22.051
27.826
26.348
24.222
17.987
20.188
15.648
18.396
18.633
20.78
23.185
32.868
22.657
31.408
28.753
19.661
14.295
19.502
19.025
17.687
48.573
26.559
17.444
23.641
22.492
16.857
21.165
16.801
21.279
33.244
23.072
18.268
19.006
22.192
14.696
15.333
24.882
19.619
15.452
32.994
21.261
20.352
18.462
22.363
15.278
17.902
19.88
20.041
21.038
17.902
20.839
26.951
24.527
18.133
17.068
26.676
25.369
33.088
25.682
20.516
36.941
23.432
31.291
15.711
17.616
27.223
20.839
19.307
23.752
22.589
31.132
28.6
8.851
16.04
24.317
13.113
26.014
25.745
39.171
30.219
18.499
17.945
9.703
24.332
28.916
24.308
19.035
26.11
35.034
17.473
12.401
10.333
15.282
24.613
21.51
10.934
36.576
38.025
18.901
18.877
18.02
20.574
9.537
16.398
28.457
41.347
14.84
10.635
13.338
10.047
28.1
16.995
21.94
21.929
16.216
17.852
14.495
11.936
13.533
10.25
17.339
14.21
25.418
21.912
12.159
11.819
28.146
30.49
17.647
11.451
14.126
26.612
19.973
8.679
28.892
20.026
13.377
15.706
12.873
15.898
30.565
17.513
11.325
12.632
18.23
18.194
16.423
17.807
18.212
26.07
9.026
12.288
14.352
25.992
23.74
24.38
34.768
19.097
9.552
11.406
20.747
17.114
13.645
20.414
16.867
14.343
8.812
28.344
14.219
13.043
21.377
22.615
38.977
25.802
9.282
15.533
11.623
16.93
14.116
15.587
19.814
20.399
6.068
5.563
13.763
32.652
15.007
13.02
13.788
46.267
19.284
26.596
11.68
18.182
17.86
15.288
16.356
16.388
15.436
10.2
14.859
13.688
19.841
23.475
16.778
23.144
20.637
13.201
26.719
12.815
30.887
17.036
15.528
14.649
16.544
16.831
12.699
15.349
12.716
19.226
11.462
34.254
30.62
16.678
15.344
19.774
11.566
30.816
13.255
29.216
17.437
15.471
14.884
13.107
17.6
13.66
8.979
21.277
26
7.727
26.56
22.785
16.32
14.756
15.588
7.465
16.204
10.212
21.141
27.043
30.455
18.412
18.048
18.696
14.133
12.441
8.59
35.112
21.144
33.311
13.029
20.306
12.997
20.484
19.552
13.142
17.871
19.666
35.93
28.543
17.848
17.543
21.774
17.64
8.868
16.929
11.348
20.334
19.085
13.118
17.282
31.37
18.771
10.423
12.839
19.174
19.063
28.222
35.106
22.068
28.222
10.417
13.101
6.441
17.342
19.003
35.274
20.913
10.719
20.385
30.351
12.598
18.049
9.336
