30.53
48.278
43.865
22.244
16.491
18.031
31.308
46.113
39.895
41.192
62.449
27.579
43.245
41.661
22.134
21.419
26.041
35.911
25.56
30.217
40.092
39.605
23.634
32.979
46.902
45.306
42.503
24.835
48.471
24.952
24.819
25.484
24.539
29.566
24.638
53.567
55.882
26.192
46.103
44.026
33.443
36.856
44.626
19.536
26.395
14.314
37.442
46.771
43.102
36.922
41.227
36.358
14.957
15.685
24.537
47.541
38.497
27.912
52.426
64.142
31.83
22.207
31.683
28.944
27.032
28.496
28.381
22.391
23.432
35.961
40.314
42.978
38.579
43.816
45.036
31.208
36.766
44.605
16.099
13.702
25.701
28.252
40.921
50.527
38.703
31.366
32.633
38.497
24.163
32.013
24.9
29.553
42.781
38.558
38.446
53.171
56.424
36.574
27.984
30.489
31.003
27.261
24.967
23.056
34.305
38.518
30.339
45.315
50.793
51.031
48.445
18.369
16.766
40.093
46.689
25.083
30.785
33.399
33.4
48.596
47.462
21.579
37.718
31.067
24.294
24.835
27.212
26.162
43.705
40.106
25.639
38.838
47.404
49.272
36.601
25.716
27.689
30.554
25.231
24.784
29.186
23.987
40.662
34.694
31.358
29.283
20.17
53.252
58.713
43.91
37.419
29.551
25.724
29.47
36.964
31.421
34.261
26.323
25.066
34.2
36.587
36.88
45.789
26.486
27.589
29.59
32.715
60.576
55.707
24.486
26.174
32.525
38.379
41.882
49.261
31.854
25.05
31.47
45.026
24.9
15.467
27.781
18.318
26.414
33.906
40.933
46.419
58.63
55.196
40.092
21.662
29.167
28.4
26.689
31.806
35.965
32.396
34.554
37.027
21.453
26.712
32.427
33.201
38.067
30.779
51.255
60.168
42.876
39.257
36.467
30.659
53.94
54.564
35.113
26.577
43.192
58.712
50.87
35.672
30.289
35.894
45.125
50.467
26.408
29.396
47.337
51.415
45.889
62.748
45.368
29.714
30.217
50.541
48.101
30.858
43.227
46.582
28.82
31.926
34.506
39.154
38.477
43.338
53.125
60.452
56.799
39.599
49.228
37.576
40.199
39.192
38.671
22.587
23.829
39.678
41.26
41.316
52.073
45.839
36.083
35.193
58.969
51.847
34.713
33.4
47.248
50.474
45.332
44.952
31.171
24.303
28.363
32.361
37.764
35.286
35.776
48.554
49.057
59.676
66.618
46.605
36.304
35.605
33.245
36.563
35.633
34.664
25.515
37.24
43.564
40.888
43.527
45.999
37.392
35.849
39.906
58.27
51.153
39.707
37.24
51.488
45.027
38.8
45.799
47.567
26.671
25.677
33.955
37.566
37.483
39.987
45.627
48.003
66.768
59.615
50.1
49.402
38.542
36.691
38.386
34.754
37.333
20.703
32.134
46.592
43.938
38.777
46.97
47.46
34.974
33.198
52.646
62.326
45.338
40.08
20.378
34.837
47.39
51.503
45.858
53.075
39.372
21.852
25.231
37.659
41.845
34.007
24.453
29.562
51.171
77.897
74.284
49.618
48.956
51.652
40.311
39.396
39.247
32.23
29.22
27.267
18.09
31.888
53.574
51.034
49.415
50.513
38.87
44.082
60.238
40.804
34.307
37.39
42.819
46.407
50.664
53.209
50.379
44.64
32.639
20.943
22.28
30.522
25.167
35.259
35.805
35.997
39.479
64.265
74.828
59.524
55.139
51.844
33.979
31.533
32.799
39.254
39.295
31.922
23.522
22.624
32.241
36.393
44.248
30.739
46.527
47.785
33.399
27.189
33.533
34.933
37.947
30.94
26.946
26.263
38.344
41.689
22.724
26.774
29.53
42.933
35.923
48.016
34.943
34.693
45.093
31.875
24.7
30.108
41.165
31.666
26.764
19.116
28.873
40.363
46.752
32.043
41.712
64.693
50.984
29.113
30.935
30.941
33.873
45.01
41.405
26.394
15.744
24.851
31.212
33.199
34.458
31.204
49.965
70.329
60.86
44.649
30.887
29.514
27.205
26.06
26.11
26.738
23.502
34.309
45.659
41.398
30.087
30.02
33.54
56.909
54.521
53.157
47.333
31.086
32.112
31.745
29.03
27.733
24.883
20.158
18.905
42.385
43.6
29.104
29.817
33.537
33.066
43.82
47.938
48.619
31.925
39.864
44.719
30.349
31.037
31.43
23.731
25.427
34.483
34.754
32.224
32.472
47.877
42.904
36.894
52.064
53.784
48.274
32.084
30.728
31.208
27.778
37.746
41.212
33.312
27.011
28.505
34.098
33.942
31.677
29.086
32.425
58.78
63.057
52.247
47.289
30.789
23.953
28.394
29.191
30.343
26.711
25.629
27.183
31.053
20.065
43.43
45.935
29.088
28.251
25.948
29.408
62.151
70.469
43.131
33.311
36.128
36.595
43.64
24.074
17.819
18.024
27.756
27.973
30.941
32.232
33.399
31.525
42.27
46.618
40.135
72.168
66.138
32.074
28.93
29.521
26.233
31.842
23.336
20.817
35.801
49.45
42.723
35.887
32.846
27.978
21.696
22.957
28.675
40.383
62.821
68.514
52.664
56.349
43.221
32.752
34.412
29.245
18.849
18.241
25.858
26.48
29.694
37.517
44.986
45.166
31.922
30.432
39.046
56.697
64.201
48.568
31.966
30.93
35.094
18.804
17.815
20.462
33.956
34.46
38.667
58.616
54.76
33.112
30.693
22.105
24.752
19.96
32.63
32.759
27.6
33.311
46.487
36.37
23.899
24.817
31.579
46.225
49.761
31.746
32.385
19.78
32.225
26.513
28.639
27.1
22.672
19.244
21.084
30.548
51.246
41.565
36.259
43.867
41.411
40.49
28.188
19.601
30.088
30.115
38.565
33.311
29.625
16.397
15.143
18.26
36.183
45.198
37.802
26.408
46.035
50.305
36.985
27.26
34.759
27.979
26.536
28.33
31.992
17.409
20.027
19.813
22.349
32.381
33.4
47.18
42.944
32.795
55.227
48.871
14.388
22.222
28.41
27.236
33.558
34.721
30.511
28.658
25.301
19.009
27.12
35.529
24.075
30.66
44.571
37.45
49.758
59.437
33.863
33.826
27.955
29.78
30.666
27.8
28.466
24.101
22.452
24.684
31.124
32.043
33.491
44.697
46.626
38.878
51.142
33.024
29.502
31.098
34.267
34.93
31.121
36.278
24.67
19.921
19.601
23.514
27.505
24.434
26.047
31.312
43.667
58.562
54.582
47.27
32.533
35.51
13.208
27.437
28.571
34.99
30.287
25.614
24.95
15.933
24.356
36.346
34.734
22.617
30.067
52.076
64.743
55.688
30.271
27.715
27.662
32.409
33.556
38.528
33.866
27.793
28.382
21.91
17.655
22.724
30.922
24.301
27.93
28.886
43.434
69.925
70.404
43.086
31.699
35.939
36.673
26.649
25.926
28.543
27.393
31.702
24.005
19.974
16.678
25.615
20.817
31.117
34.944
33.906
46.038
72.5
64.601
25.372
23.734
29.505
29.086
29.455
29.901
34.117
36.597
25.533
16.799
20.798
30.667
25
25.817
46.433
22.421
27.55
24.605
27.195
37.368
49.095
32.531
19.183
19.802
25.804
16.89
17.143
15.047
25.417
34.751
38.718
22.53
39.205
32.697
37.567
20.584
21.956
29.649
35.644
18.758
25.639
14.054
27.458
20.608
20.171
20.932
43.154
21.466
29.954
30.073
28.438
32.889
45.503
24.166
17.054
22.508
38.863
14.974
26.176
26.032
30.907
31.554
51.387
41.361
13.444
11.934
23.813
24.272
23.113
37.695
34.579
24.753
15.128
23.791
42.351
23.27
20.955
24.376
27.774
48.367
76.905
55.571
14.191
22.788
27.273
24.364
27.309
24.26
27.4
18.121
11.089
12.368
19.121
20.24
24.357
25.991
20.563
36.501
72.124
71.793
41.444
26.531
17.391
19.368
18.897
25.52
24.395
15.156
21.146
27.595
24.07
22.028
19.226
20.159
20.867
32.273
61.817
59.986
39.426
39.892
27.346
23.077
21.414
15.821
12.795
19.318
26.502
20.699
25.386
26.752
24.615
25.469
34.706
40
36.351
35.306
26.113
37.003
27.729
20.205
23.949
20.294
18.273
16.7
29.792
28.958
13.368
18.921
20.12
22.752
21.777
36.08
42.485
32.606
23.133
46.201
37.347
39.417
23.143
19.762
18.928
12.721
15.676
21.523
26.09
23.169
26.56
30.845
25.195
27.537
44.459
51.663
18.367
16.678
36.66
35.45
21.742
32.166
44.661
19.073
19.591
16.557
22.444
26.887
33.735
21.638
24.133
16.209
37.775
54.015
41.083
14.21
10.63
17.784
34.041
50.974
43.152
25.135
20.547
13.44
16.356
18.642
19.707
23.32
24.25
24.375
23.092
25.875
42.53
45.71
34.671
26.173
24.884
