60.52
58.228
58.736
60.72
58.696
59.336
59.239
64.458
60
60.96
57.734
59.829
56.362
60.077
58.792
60.643
58.883
58.32
58.444
59.434
59.271
59.722
58.022
56.664
60.506
60.047
58.837
60.583
57.276
58.143
59.002
59.421
57.052
59.034
57.692
60.524
59.55
58.517
61.31
60.415
58.488
57.92
60.031
57.053
60.186
57.412
60.739
59.641
60.199
55.626
62.061
59.609
60.627
59.526
59.225
60.995
56.907
60.111
60.723
57.187
59.583
60.308
57.659
61.556
56.734
59.418
61.064
60.599
57.683
58.996
59.422
57.422
57.945
57.429
56.126
60.946
58.47
59.166
58.865
61.674
57.332
59.196
56.687
58.223
58.751
56.822
59.3
57.514
60.508
41.975
59.985
59.969
60.186
58.236
58.86
57.402
59.518
58.711
59.436
61.09
62.056
59.023
56.919
57.842
57.874
60.03
57.956
59.531
56.722
59.441
60.062
61.573
59.641
62.359
56.338
59.723
59.271
59.586
60.846
57.255
60.031
60.108
43.155
51.762
59.642
57.255
60.373
58.477
62.048
59.363
61.662
61.462
60.821
59.225
60.078
59.441
60.046
59.609
58.81
60.062
60.28
57.109
59.645
59.627
63.982
59.152
60.78
58.152
59.738
57.11
56.643
58.477
59.196
57.707
59.268
54.502
57.309
61.151
56.542
57.729
59.489
57.594
59.703
59.236
47.589
48.294
58.64
54.553
53.302
59.908
60.93
58.966
57.886
58.405
59.862
57.417
58.584
60.512
57.628
59.969
62.424
57.992
58.929
59.55
57.188
58.602
58.897
59.231
59.939
60.108
57.799
59.487
58.837
60.172
60.341
60.156
59.325
57.41
60.467
59.969
58.243
62.018
63.623
60.934
61.047
62.117
65.627
58.962
58.924
60.031
61.927
61.598
62.433
62.771
61.401
60.686
59.487
62.997
61.515
63.39
61.509
59.468
60.047
60.171
62.317
60.775
62.175
61.821
61.374
61.691
62.442
62.529
61.355
62.327
62.787
63.493
61.39
61.436
62.008
63.441
60.684
60.576
61.957
60.125
61.149
61.077
64.733
60.451
63.04
60.279
62.433
60.985
62.1
61.162
61.367
61.449
62.692
64.653
59.151
61.568
62.337
61.348
62.238
61.355
63.247
60.077
61.603
59.466
61.248
63.251
62.108
62.538
62.093
62.864
59.193
63.448
62.366
62.713
59.529
63.248
59.581
63.016
62.085
62.214
60.272
61.84
61.241
61.883
59.893
60.942
44.36
60.433
60.709
61.86
63.035
60.853
62.655
61.86
63.025
63.158
60.412
62.021
61.137
61.787
62.93
62.239
61.432
60.604
62.423
62.04
61.503
61.28
59.767
62.615
62.043
62.122
61.538
62.329
60.062
61.989
59.282
61.868
62.568
41.743
60.218
61.158
61.141
62.414
61.337
62.375
63.629
61.467
64.124
61.598
62.692
63.06
59.799
63.849
61.658
64.365
60.331
59.518
68.226
60.078
62.787
58.353
60.769
61.603
61.239
61.762
60.761
61.64
62.615
60.94
60.75
61.521
59.219
60.557
61.569
61.317
58.092
62.106
60.634
64.604
66.058
42.729
61.376
61.801
50.315
60.759
62.222
64.012
59.565
63.685
60.405
58.952
67.491
60.262
60.452
60.325
61.408
61.616
61.305
61.327
60.108
63.476
60.278
64.985
59.541
60.319
61.223
63.063
62.164
61.894
64.55
62.652
61.444
62.585
63.952
63.383
63.427
59.861
58.225
61.432
59.418
57.659
59.923
60.154
60.481
58.544
57.639
61.644
61.044
58.814
58.716
61.29
61.789
58.467
61.715
60.137
60.597
61.208
59.39
58.512
62.108
60.736
58.475
60.121
58.215
60.821
59.5
60.812
58.653
59.066
58.93
58.938
57.312
60.204
60.692
59.468
57.4
58.425
59.635
59.906
57.857
60.53
59.169
58.406
57.03
56.761
57.039
58.118
59.119
59.443
58.634
61.094
60.569
60.157
60.62
62.452
62.162
56.873
63.27
59.828
61.699
57.878
56.459
61.111
58.011
60.784
59.691
59.609
58.123
59.451
58.031
61.421
55.917
59.954
59.922
59.777
57.713
58.865
62.064
59.43
60.429
61.039
58.197
61.662
58.714
58.313
60.689
37.406
59.466
57.557
59.954
59.568
61.397
60.046
62.597
61.64
62.577
60.856
58.733
60.418
64.345
57.12
59.846
59.954
59.045
57.94
59.417
57.288
59.073
59.201
60.759
57.351
58.607
59.259
60.823
60.728
58.022
58.082
58.701
59.907
39.275
57.468
58.491
59.663
60.578
59.325
58.41
59.524
58.507
60.947
60.804
60.329
59.027
59.449
61.325
60.557
58.017
61.438
57.496
61.422
60.52
59.045
60.14
60.076
60.077
59.399
60.309
59.091
58.314
61.456
59.416
60.092
60.836
64.13
58.165
60.295
61.479
60.425
61.395
59.846
62.406
60.81
41.774
51.524
59.829
52.632
54.453
59.799
58.75
60.748
59.434
59.953
58.542
61.094
61.332
58.425
60.278
61.298
61.339
58.178
59.028
61.223
57.432
62.315
60.187
60.418
62.718
58.112
63.221
59.052
58.841
59.674
59.251
61.06
62.003
60.627
60.69
59.677
57.334
56.875
60.34
57.875
59.522
58.567
61.828
59.612
58.372
61.196
57.3
61.803
59.922
58.418
62.557
60.107
63.589
56.85
58.924
61.206
57.932
58.268
59.474
60.585
60.203
63.424
58.896
61.009
59.646
59.048
58.14
59.816
61.427
59.004
60.167
60.465
59.385
58.782
61.787
59.502
59.692
61
59.151
62.691
59.409
62.148
60.449
60.873
61.094
59.985
59.053
59.937
59.169
61.305
60.248
60.42
61.609
57.176
60.847
61.154
61.725
58.143
60.916
58.949
57.176
59.242
60.544
60.484
59.105
57.874
59.077
59.615
58.65
59.242
60.836
63.958
57.5
57.498
57.671
57.792
63.354
58.648
57.773
58.224
59.43
59.799
57.268
59.781
62.661
58.86
44.729
59.531
60.078
58.859
57.552
58.938
61.259
57.626
57.812
58.294
59.177
57.496
59.815
60.245
59.876
58.391
57.578
60.69
60.184
56.85
57.59
61.697
59.188
58.011
61.414
59.877
59.751
59.723
58.723
56.614
65.646
57.232
59.28
49.023
48.679
57.991
61.696
58.96
63.439
61.065
59.042
59.478
58.488
58.141
59.409
60.094
62.384
59.908
59.609
61.137
58.805
61.772
58.569
59.785
58.597
59.091
60.294
59.206
59.066
59.754
60.965
62.491
59.844
56.654
59.023
59.498
57.891
60
58.482
58.653
62.822
58.642
58.658
60.428
57.613
57.132
48.667
60.948
58.937
54.078
56.909
59.785
58.314
57.452
59.094
61.997
58.179
60.55
60.618
62.842
59.566
59.516
59.711
60.789
62.642
59.462
59.435
61.009
62.68
59.491
63.878
58.042
58.537
61.556
59.565
61.073
58.891
60.467
60.44
60.139
59.783
62.652
59.893
58.968
58.307
59.3
59.041
58.773
61.288
58.075
57.087
60.604
61.421
62.238
64.963
58.21
57.874
59.614
59.767
60.594
60.236
60.759
58.439
58.447
60.522
58.605
58.192
57.899
59.094
60.518
60.836
58.741
58.951
57.927
62.377
59.739
62.256
59.319
62.624
66.52
59.681
63.451
61.393
60.076
62.375
62.197
57.299
58.613
59.332
60.476
60.338
60
59.584
60.404
60.031
62.209
58.372
60.107
58.865
60
60.601
61.014
58.906
63.098
59.297
60.047
62.299
60.408
59.923
59.285
59.705
58.333
63.997
61.604
57.686
58.906
58.261
59.207
57.545
61.682
58.405
58.837
59.735
57.211
61.697
60.723
57.611
61.521
57.018
60.648
60.524
42.257
60.689
64.526
58.602
60.107
60.078
58.892
62.5
62.108
58.26
60.373
59.509
59.538
61.414
58.605
59.579
60.866
60.522
59.675
60.447
62.652
59.253
57.423
59.105
57.832
61.285
62.202
60.52
60.109
58.288
59.248
62.595
59.188
39.097
61.713
62.453
57.749
60.781
59.059
61.468
60.031
58.915
59.353
60.031
58.956
59.19
60.652
57.994
60.65
58.613
60.396
59.034
62.912
61.315
59.753
58.584
59.457
61.778
62.291
58.132
64.021
57.665
59.599
60.155
58.927
60.337
60.69
57.076
59.066
60.766
56.784
60.139
61.725
59.062
58.87
41.239
56.044
58.281
45.008
58.746
58.43
58.974
64.116
56.505
61.699
60.819
57.211
60.72
62.395
60
60.883
61.111
61.821
60.292
58.923
59.954
61.246
61.189
59.271
60.25
58.892
61.022
58.596
59.404
61.509
59.438
59.922
59.491
59.691
58.653
61.787
58.952
