10.66
9.157
10.245
6.533
18.521
13.666
13.795
38.989
11.397
13.807
14.599
8.306
14.95
9.782
9.371
10.879
12.829
12.029
29.123
15.675
7.667
5.49
16.024
12.221
12.426
11.28
13.57
14.475
39.693
9.461
11.675
18.832
21.632
10.9
12.722
14.61
14.581
22.566
11.906
13.035
13.544
13.478
9.037
12.401
8.459
5.991
9.928
15.971
11.734
15.091
27.404
28.478
6.793
12.139
8.802
26.823
9.821
14.565
12.69
17.417
20.77
6.045
5.727
11.163
10.066
13.168
11.66
24.9
9.639
14
14.029
12.31
12.952
17.226
21.797
18.978
11.749
9.356
23.23
12.302
11.564
12.342
9.268
7.161
14.875
52.317
18.548
12.101
9.73
26.323
8.087
14.228
10.695
15.989
11.382
13.907
13.546
14.881
10.367
9.44
14.447
11.911
10.942
10.267
10.25
12.941
14.012
22.156
40.066
13.232
8.73
32.176
7.532
12.276
11.272
10.3
6.836
13.267
12.888
15.173
12.978
15.564
7.961
10.802
8.126
12.202
8.377
8.486
12.75
13.904
11.536
20.237
29.953
32.1
28.939
14.37
8.105
9.549
13.395
14.474
13.45
17.902
9.627
8.192
9.79
12.368
13.453
13.6
9.379
8.656
9.29
13.467
12.648
10.726
7.884
28.609
13.606
41.22
32.603
12.214
10.418
9.954
10.282
11.894
10.408
11.761
13.058
10.754
9.743
9.716
12.402
10.752
11.839
15.537
8.518
13.17
12.195
13.852
7.338
17.337
16.129
10.02
9.639
25.468
55.251
6.684
11.908
12.55
13.329
15.063
8.781
10.589
14.476
7.547
12.931
20.336
10.976
13.174
11.854
17.031
15.677
21.643
23.423
31.979
12.232
14.342
21.794
19.708
25.05
20.927
20.146
35.467
21.848
36.744
28.752
20.701
18.266
32.601
20.307
25.084
24.503
18.594
62.88
36.485
25.484
22.7
23.046
25.757
20.511
22.518
19.188
18.553
39.868
28.61
23.369
23.195
28.741
31.87
37.198
13.624
16.327
30.171
45.789
22.623
14.556
20.555
14.126
17.826
31.069
27.412
22.169
33.645
43.458
17.337
18.62
20.146
24.186
32.578
27.826
17.482
26.743
23.749
47.938
9.085
15.282
20.107
25.365
22.334
19.45
21.618
21.31
25.232
35.527
27.793
13.032
22.812
27.429
34.15
20.487
18.592
22.082
25.854
40.8
31.641
13.29
25.68
17.686
15.43
26.012
19.327
26.578
19.71
21.338
42.896
30
30.979
30.984
21.4
29.045
22.673
14.812
35.729
24.19
36.748
23.067
18.651
24.634
23.256
16.377
20.345
25.875
12.705
28.724
19.023
30.559
29.189
34.209
13.182
20.423
30.072
24.718
37.854
25.977
17.512
20.822
30.138
31.694
18.878
17.009
20.132
27.837
21.228
19.496
20.594
17.115
22.563
28.144
51.064
20.82
22.709
22.266
29.037
39.669
23.976
15.779
15.299
14.829
21.805
25.988
34.714
25.514
23.944
21.634
24.145
20.946
18.985
24.614
21.672
30.199
37.133
33.647
27.049
21.222
35.853
24.486
18.622
24.781
18.194
20.789
22.171
18.67
17.409
16.994
39.225
28.133
16.077
23.979
23.305
26.195
16.523
14.248
35.31
14.343
20.12
22.311
45.308
49.343
38.65
22.645
20.753
27.067
20.411
18.491
24.042
15.741
28.715
27.563
41.307
29.252
24.013
27.164
27.793
22.48
31.918
19.378
14.756
28.933
29.815
24.14
28.111
31.019
17.933
27.907
33.091
28.994
34.851
24.292
20.778
20.559
19.815
27.218
24.636
33.711
8.868
25.653
36.684
25.267
38.467
22.682
23.506
24.817
31.987
27.212
22.237
26.225
37.231
23.092
23.989
28.021
23.189
28.694
15.545
25.284
21.424
24.717
24.784
35.003
12.708
29.054
28.024
37.525
29.521
21.791
21.844
18.419
19.487
27.218
32.404
36.66
29.097
31.137
24.083
22.377
14.163
8.133
33.378
19.773
28.436
30.862
34.665
27.556
32.157
26.954
22.87
21.648
14.408
24.619
32.407
27.681
22.163
26.711
31.019
22.179
23.082
32.929
18.247
25.948
29.719
38.216
22.17
35.063
23.733
16.7
27.4
23.052
27.047
29.568
34.837
39.35
25.67
24.104
11.715
26.053
27.339
31.545
22.017
28.281
32.828
26.89
31.83
19.699
32.935
17.94
27.279
17.862
22.518
20.789
33.29
16.634
23.627
33.488
31.704
23.315
24.206
17.06
34.299
21.48
20.786
30.668
24.122
21.306
25.612
32.695
30.852
28.628
17.959
22.244
25.515
15.522
36.315
24.717
23.942
23.976
25.151
32.891
21.494
16.424
24.59
30.02
24.439
31.806
28.458
20.12
21.589
20.954
19.894
27.731
35.57
34.577
23.984
28.59
32.29
19.393
19.96
17.712
23.36
19.683
30.178
33.887
28.173
28.055
18.721
24.571
30.007
21.537
26.733
15.173
25.41
25.525
31.446
28.552
27.832
22.505
15.047
37.225
21.485
18.553
15.65
21.419
25.1
21.021
27.13
33.137
42.127
23.652
29.145
27.477
26.326
25.281
24.571
26.64
29.318
27.926
11.968
11.823
11.059
4.859
22.288
16.053
13.848
12.257
23.813
18.056
23.947
11.9
16.656
10.841
10.066
10.212
23.623
15.579
20.422
17.663
7.582
6.767
17.824
10.652
14.133
12.575
19.494
26.208
20.782
11.928
21.056
17.959
16.379
12.252
15.88
19.185
20.321
24.834
10.224
8.747
18.565
11.694
33.003
15.156
8.289
11.579
13.869
17.667
26.732
18.103
11.119
23.686
13.276
17.859
11.299
18.224
22.024
13.891
12.003
13.106
24.668
6.206
10.033
24.868
12.649
14.238
17.834
25.115
10.821
18.523
16.788
11.495
10
10.28
15.564
11.251
13.524
22.733
13.172
22.979
19.856
12.127
26.073
10.033
17.403
5.462
17.74
25.313
12.409
14.937
11.017
13.478
15.251
15.441
12.574
13.285
13.311
14.861
23.325
21.311
20.366
9.849
28.217
13.399
12.05
14.427
16.513
20.962
12.435
13.732
10.491
18.121
8.085
14.361
12.113
7.386
9.103
14.751
14.7
11.722
21.853
41.65
8.839
12.492
25.493
13.026
8.558
10.693
15.693
31.765
9.622
11.287
15.664
9.334
13.937
15.538
10.091
10.972
13.738
11.687
26.579
12.013
8.053
25.748
6.986
28.524
14.605
27.177
10.804
9.499
10.132
16.402
24.068
18.526
10.488
14.417
17.438
16.37
12.336
12.952
13.395
11.984
12.376
12.426
14.739
24.95
15.415
11.695
28.925
24.837
10.183
10.166
14.61
14.625
11.082
13.944
27.992
17.197
8.021
10.279
13.342
11.34
9.121
13.046
11.872
8.421
17.166
12.334
15.455
37.996
10.988
19.575
47.726
8.797
16.089
16.755
13.75
16.284
16.986
18.296
27.273
13.584
22.371
21.569
5.236
16.97
19.748
37.508
17.091
12.803
17.776
20.673
14.257
21.877
15.744
14.947
13.472
30.97
16.522
19.176
19.987
19.535
14.681
33.042
21.429
18.188
22.789
30.929
28.013
11.295
15.669
19.746
17.659
26.026
15.789
19.732
22.785
26.869
26.398
13.763
17.352
31.254
18.019
20.065
21.176
10.985
11.398
26.773
28.783
24.528
33.09
20.791
17.671
9.882
21.589
15.619
27.93
42.58
17.573
16.457
40.771
28.185
8.727
11.374
11.686
15.8
16.932
25.15
31.028
13.421
23.447
16.576
16.019
13.36
13.373
21.452
14.362
31.515
33.356
27.151
34.554
13.913
14.72
17.545
12.353
21.362
6.965
16.802
18.822
17.883
21.671
23.987
16.655
18.084
21.486
18.139
18.329
29.913
34.221
29.681
13.601
28.466
24.282
17.397
13.915
15.573
18.575
18.835
14.324
19.744
12.021
15.157
23.475
17.913
27.658
14.939
9.199
13.355
26.07
29.108
32.933
37.226
20.737
10.926
19.325
12.248
33.333
16.106
13.213
21.736
20.94
13.133
16.238
18.231
12.187
19.681
17.301
12.267
14.209
38.095
21.753
61.451
22.445
10.617
26.375
12.427
18.213
18.393
17.869
14.096
12.075
13.63
29.907
32.304
14.295
11.846
17.312
20.884
21.367
15.782
14.987
17.267
11.981
34.34
29.987
36.159
18.809
25.116
20.093
15.566
12.802
11.474
14.566
21.295
19.866
14.267
19.867
20.254
35.456
11.226
13.618
13.946
15.293
11.406
17.221
18.121
25.718
25.425
15.688
34.1
22.016
32.21
33.512
18.75
11.745
21.828
21.277
19.946
19.987
20.692
23.619
25.566
