39.419
37.152
35.917
40.41
41.011
39.286
36.585
34.043
39.055
38.221
38.083
36.706
37.845
40.372
40.86
38.005
36.573
34.625
35.604
31.386
27.755
27.28
23.167
37.53
38.442
35.149
37.072
39.597
37.615
36.507
37.646
38.083
38.577
39.933
36.348
39.014
35.908
37.417
38.856
39.145
39.404
38.742
38.308
37.427
38.409
37.658
39.883
37.117
35.328
36.333
39.193
37.708
37.572
40.657
39.404
32.304
36.846
37.928
18.829
35.275
41.414
37.26
39.713
21.001
37.384
39.12
36.987
36.033
38.728
37.833
37.997
35.997
37.5
35.033
36.816
38.758
38.658
39.9
23.077
38.435
40.806
35.038
37.668
37.24
36.636
23.479
36.561
34.204
36.088
37.634
39.517
37.043
36.587
38.889
23.731
38.095
38.223
41.619
39.769
32.274
28.822
38.417
34.269
37.851
39.087
37.062
39.069
38.287
38.36
39.592
38.147
38.296
36.882
38.012
38.107
39.25
38.657
38.563
39.613
37.542
38.391
40.643
38.94
37.993
40.082
40.461
41.089
39.101
37.364
39.583
37.722
35.411
36.507
40.215
38.949
37.316
38.596
39.163
37.08
38.474
39.152
38.201
26.647
37.678
36.033
37.759
36.803
40.168
38.88
27.008
30.831
41.357
25.701
34.7
39.769
39.386
38.171
36.476
40.268
39.134
40.233
37.399
33.634
34.862
39.238
38.335
39.396
39.295
38.386
38.602
39.076
37.469
37.105
25.639
38.259
38.099
39.059
39.369
38.397
38.059
39.351
37.191
37.605
40.168
39.637
38.301
38.468
36.868
39.283
39.768
37.836
38.25
37.294
38.119
40.332
39.618
44.223
37.865
38.721
37.322
37.934
42.531
41.68
43.745
40.674
42.317
41.176
42.591
42.631
42.008
42.023
41.987
41.841
42.6
42.881
39.673
43.16
39.32
39.658
39.053
42.219
35.57
36.371
23.906
42.975
41.925
40.132
42.217
41.796
43.77
43.46
42.075
39.883
42.951
43.16
43.298
43.632
38.787
43.515
43.699
44.444
42.282
41.508
42.557
41.513
41.391
41.176
40.716
36.942
43.6
41.646
43.361
43.475
40.496
43.496
43.161
30.229
43.575
41.23
23.694
41.303
42.062
43.964
42.66
25.389
42.429
42.881
39.688
42.916
41.322
43.796
42.583
43.105
43.15
45.12
43.333
41.59
42.658
41.162
20.858
37.469
38.82
42.105
42.585
41.756
42.717
26.482
41.167
40.48
42.951
42.535
43.01
44.072
42.798
40.164
24.351
42.447
40.233
40.913
41.339
26.411
38.137
37.307
40.148
43.281
39.933
39.618
42.869
41.445
42.279
42.392
41.988
42.787
42.751
41.826
43.036
41.348
44.12
43.008
41.597
41.535
42.822
41.52
43.379
42.145
42.998
42.197
41.157
42.845
43.355
42.727
40.965
41.348
41.789
42.135
41.694
42.366
43.415
41.646
43.396
42.11
40.932
41.633
20.251
41.903
42.59
41.055
40.352
42.088
42.457
24.944
39.9
42.823
25.969
37.892
41.714
41.941
40.166
41.626
40.992
40.354
42.539
42.527
45.604
49.356
43.931
43.089
41.611
41.99
43.59
43.402
41.436
41.573
45.528
30.527
41.605
44.118
40.689
43.46
42.345
42.904
43.049
43.694
41.59
40.408
42.727
40.82
41.399
42.632
41.141
43.081
42.202
43.689
41.488
41.87
41.791
41.708
39.521
39.819
40.868
43.822
41.523
45.826
45.576
42.527
38.68
39.181
40.249
35.612
34.556
40.049
40.169
36.639
38.801
40.695
39.274
38.694
33.418
35.133
36.518
37.256
37.04
35.662
29.333
23.976
38.728
42.204
36.19
40.793
39.047
37.831
39.638
40.545
40.245
40.992
39.545
39.366
39.232
37.174
37.88
40.3
39.684
38.589
38.931
40.165
38.921
40.529
39.706
38.87
34.829
38.474
38.912
41.771
40.386
37.049
37.865
39.901
35.799
38.822
40.383
21.057
36.743
40.89
40.299
39.384
22.551
42.045
40.494
39.369
39.695
41.611
41.457
40.441
40.328
41.345
35.057
40.541
40.331
40.898
39.105
22.576
38.174
39.769
42.336
39.289
39.517
39.247
23.578
40
37.102
38.215
38.616
39.28
36.573
41.959
38.035
27.336
38.857
37.025
40.213
39.632
32.51
30.244
38.669
37.645
39.668
39.867
41.094
39.623
40.62
41.089
40.441
38.52
39.719
40.445
37.583
38.462
39.55
38.243
39.083
40.166
39.916
40.561
40.362
39.9
39.265
42.68
39.039
38.767
41.351
40.083
38.047
40.232
42.683
42.834
40.536
40.383
38.782
40.438
38.493
41.288
38.636
41.255
40.965
18.135
37.876
38.765
40.547
39.634
41.058
38.723
26.156
33.28
40.151
28.797
33.947
40.017
41.138
39.23
45.065
38.598
43.176
37.007
40.838
36.735
37.013
40.294
39.869
38.857
39.03
40.427
40.295
41.477
36.401
39.984
28.628
40.016
40.698
40.82
41.262
42.308
39.387
39.034
42.787
41.036
40.391
40.098
41.785
39.568
40.796
38.786
40.016
38.429
39.101
41.23
40.818
40.049
39.012
37.739
40.13
40.167
43.145
39.735
39.816
38.912
38.847
40.348
37.302
38.731
40.594
36.439
38.921
38.091
41.034
38.731
40.017
39.935
35.348
38.206
37.552
37.261
36.297
35.212
29.819
35.686
26.491
41.388
41.906
41.195
40.083
39.601
39.918
40.648
40.447
40.63
38.532
40.97
40.165
40.656
42.628
40.857
38.012
39.731
41.457
39.277
38.319
38.259
41.584
41.424
39.901
34.931
40.216
39.417
40.722
39.952
41.1
36.563
41.167
29.521
38.404
36.274
23.561
38.646
35.756
39.983
40.756
21.021
39.097
37.278
34.365
38.94
40.431
39.901
39.654
37.948
39.214
35.596
39.141
38.959
38.8
37.583
22.79
39.244
35.852
39.348
38.449
39.145
40.486
22.152
37.668
36.394
38.487
38.012
40.217
39.684
38.273
39.588
23.349
35.511
38.194
39.485
38.707
28.15
37.814
37.152
37.342
38.151
41.891
39.564
38.103
39.521
37.531
39.026
39.371
38.033
40.552
38.94
40.365
42.01
39.044
39.967
38.111
39.57
41.564
39.566
40.394
41.612
39.155
39.609
41.972
39.448
38.794
39.548
39.178
37.016
37.261
39.784
38.252
39.535
39.214
40.099
40.738
39.055
41.215
40.762
17.375
37.888
39.818
38.833
40.278
39.705
40.248
21.192
37.263
40
20.413
38.898
39.417
39.749
37.802
41.756
40.864
38.474
40.033
41.433
36.059
35.568
38.135
39.917
41.405
41.308
39.083
37.954
38.977
38.544
38.577
27.029
39.801
38.903
39.951
38.921
38.884
40.067
38.875
40.281
39.573
41.068
40.262
36.62
39.494
40.017
39.785
40
39.051
38.734
38.718
39.352
41.374
40.164
35.678
43.642
39.25
41.074
39.493
37.78
39.361
39.541
40.771
40.297
39.718
35.012
39.686
40.215
39.984
40.197
40.617
40.831
40.711
35.656
39.935
37.159
34.729
34.311
39.968
26.107
36.545
29.448
40.478
39.95
36.628
39.037
38.321
39.698
41.988
38.312
42.092
35.926
40.388
41.22
39.138
38.115
40.431
39.533
39.02
40.61
38.044
40.83
38.968
40.45
40.883
39.041
41.233
38.894
39.933
39.232
37.695
37.022
40.22
35.895
34.113
40.864
24.576
32.166
40.725
39.48
38.5
33.707
28.348
40.385
39.301
40
35.618
39.85
38.312
39.083
39.95
36.908
35.304
37.772
39.631
38.723
37.09
25.171
34.305
36.46
36.266
38.055
37.965
35.833
22.484
34.714
37.129
37.894
36.587
38.602
39.899
40.61
28.962
34.003
38.424
38.329
36.626
40.909
27.502
37.388
42.639
38.38
39.837
37.376
36.872
39.69
39.113
37.055
40.924
40.081
39.2
39.005
38.744
39.626
40.931
39.805
38.728
39.23
36.838
36.567
36.944
39.144
37.5
35.678
38.298
36.603
37.48
38.296
38.417
36.521
31.952
36.272
38.742
38.079
37.003
37.458
39.055
36.886
35.684
37.883
33.556
19.333
36.957
41.123
38.21
40.778
37.804
39.083
18.612
39.966
36.686
22.385
37.107
40.641
37.871
35.025
39.599
39.191
39.03
37.849
37.046
32.125
37.131
38.196
38.423
39.583
36.929
38.755
39.274
40.033
39.292
38.64
26.519
40.049
39.798
38.958
38.449
40.667
39.667
40.066
38.494
40.197
41.109
41.005
41.93
42.101
41.489
40.894
39.851
39.664
41.75
41.095
37.885
37.345
40.765
36.855
37.78
39.767
39.773
41.186
