64.867
72.642
67.165
89.373
66.788
69.236
66.001
67.582
68.128
75.745
64.03
65.111
77.433
70.311
63.825
65.584
70.43
65.099
72.84
66.193
69.129
63.665
73.13
62.692
69.536
63.485
70.102
65.768
79.862
53.749
63.817
70.951
72.624
70.174
65.994
72.322
59.301
46.947
61.738
68.063
72.858
70.268
54.856
66.174
69.636
71.628
60.455
64.199
66.987
81.233
68.476
77.183
63.761
77.34
62.358
62.73
67.86
62.032
59.939
65.332
56.031
73.523
63.91
68.185
67.112
81.686
70.998
66.617
71.521
68.603
63.218
73.901
69.248
61.094
58.747
29.145
62.243
72.382
67.967
63.897
63.691
74.911
66.592
64.955
65.083
67.189
66.339
77.347
69.527
66.184
72.714
65.928
67.368
66.543
68.112
70
73.619
73.867
65.833
67.52
75.798
71.723
57.243
65.666
68.722
70.575
61.171
67.528
74.364
64.099
73.127
78.105
62.812
67.94
64.891
71.916
64.826
65.442
61.115
67.932
66.239
74.445
67.19
38.473
71.007
67.385
69.19
61.85
70.052
68.792
68.104
73.16
63.484
74.415
78.72
63.84
69.072
64.226
66.269
72.404
65.861
67.675
77.324
64.97
66.152
75.124
72.883
71.326
61.034
69.158
70.08
62.94
67.698
66.266
68.567
70.923
69.549
71.279
67.134
64.226
68.053
66.167
66.009
69.781
69.905
74.3
69.868
45.847
63.97
62.285
70.773
64.754
66.592
71.158
64.253
66.789
69.565
74.591
70.368
63.868
63.318
68.08
70.545
68.185
77.976
63.138
65.509
66.097
63.258
76.397
67.169
66.188
68.645
65.253
76.458
63.276
73
80.069
73.848
61.843
61.994
75.299
64.742
83.436
75.176
70.205
64.612
71.376
67.959
76.504
69.59
65.945
71.22
69.549
72.061
80.112
81.959
68.116
79.738
68.676
70.905
80.814
68.112
71.47
83.845
70.757
66.139
73.619
76.059
73.314
59.125
70.778
68.115
70.562
69.467
73.237
74.964
62.588
63.07
64.081
75.141
69.735
66.067
72.09
66.294
69.102
76.566
66.865
75.837
67.259
70.93
74.514
75.194
76.068
65.414
76.588
69.451
74.14
67.904
74.071
78.693
66.741
76.207
69.631
74.383
68.009
75.245
63.479
72.474
83.924
70.214
79.668
72.287
75.09
71.831
63.576
30.243
58.563
66.519
77.722
70.674
71.27
68.242
80.55
64.388
81.461
77.113
77.88
67.933
69.442
74.539
71.723
69.845
71.776
75.054
79.764
67.74
69.684
68.338
69.041
76.275
71.231
69.484
64.787
72.495
70.916
73.016
73.797
73.944
70.029
77.488
69.978
71.354
76.246
68.519
78.353
70.306
66.061
71.604
59.799
76.331
77.754
69.019
82.662
67.239
65.608
73.76
70.965
65.58
73.192
73.004
66.893
68.623
76.288
69.214
72.819
71.116
71.418
68.773
70.044
74.639
70.928
66.792
73.999
71.302
70.242
62.023
71.974
70.671
74.479
66.085
66.743
71.46
67.779
76.411
67.876
72.813
71.012
72.78
72.317
72.124
73.18
77.329
65.525
70.999
67.553
71.155
66.544
52.59
73.29
64.258
74.47
72.82
69.465
71.765
70.471
67.474
70.906
68.597
75.036
68.212
66.766
74.207
80.126
75.997
65.67
70.637
65.549
82.403
68.103
71.755
74.352
69.786
75.862
73.247
65.764
71.605
65.283
68.968
71.814
66.041
82.904
68.444
79.608
57.826
65.727
73.777
58.873
66.447
72.839
71.69
67.208
69.956
79.397
66.542
66.568
68.607
70.898
74.856
74.661
70.61
72.444
69.035
69.347
72.504
68.316
65.12
65.023
77.801
67.323
63.63
56.201
69.121
63.106
69.208
67.316
65.144
68.495
49.182
62.045
65.788
68.502
68.413
72.456
68.006
67.902
66.37
72.701
79.043
65.571
65.618
67.87
67.544
62.04
68.266
66.898
62.952
69.728
65.648
58.158
76.375
55.694
69.367
66.965
78.138
66.267
70.095
65.181
83.745
64.97
65.247
70.294
66.417
71.656
65.587
64.819
61.376
26.518
56.988
63.862
69.949
70.138
75.286
72.143
63.616
78.546
71.429
68.855
70.791
66.025
67.56
71.673
67.305
74.2
68.165
71.761
63.876
69.202
71.25
66.32
74.753
69.014
68.437
61.48
62.481
73.966
68.253
73.276
66.642
68.938
69.906
65.026
69.332
70.131
66.494
79.475
69.92
74.39
77.534
65.171
63.759
66.191
74.608
65.338
47.692
61.621
76.918
69.912
62.538
63.028
70.376
70.46
68.077
79.27
69.963
64.929
71.708
72.832
69.831
66.914
82.787
65.139
70.821
72.454
70.254
72.055
78.918
64.951
67.94
70.785
67.014
77.535
65.841
76.269
63.522
66.866
75.768
68.212
72.856
65.984
66.567
68.39
67.365
68.722
73.997
70.709
66.768
66.989
65.376
55.36
71.706
74.87
62.348
68.355
68.755
74.613
76.864
65.837
66.937
70.3
71.98
87.21
62.108
68.722
69.69
77.918
67.103
66.518
79.494
61.314
75.516
65.467
75.157
76.625
61.684
64.504
74.768
65.175
71.708
64.168
73.281
61.927
62.406
79.848
65.94
71.644
63.664
65.136
63.387
70.933
85.571
68.284
66.468
78.066
76.593
69.146
67.572
69.208
69.395
72.921
66.209
72.429
75.559
63.301
75.426
75.764
63.301
68.125
73.623
66.667
71.355
65.841
56.12
75.053
70.416
78.896
74.087
69.584
74.203
52.817
55.823
75.407
66.593
70.25
72.879
57.879
83.037
65.388
61.919
70.146
67.368
80.028
62.682
66.29
80.083
63.734
66.691
75.907
65.297
69.853
57.455
62.605
66.14
59.112
64.996
66.766
67.596
68.514
60.972
65.034
72.59
64.485
70.993
69.92
62.317
68.866
64.833
70.934
69.501
64.889
61.132
64.352
78.728
75.798
65.665
64.826
68.912
71.439
67.083
69.22
68.282
72.046
67.414
68.479
73.367
69.356
67.113
68.036
71.553
65.776
78.571
74.585
63.546
70.982
59.004
69.985
67.761
76.874
68.175
76.252
65.993
65.997
69.75
67.537
64.236
67.487
62.279
65.294
62.766
78.607
61.077
53.846
65.904
64.94
73.754
60.709
39.893
65.054
66.617
65.145
73.742
67.57
64.701
74.626
71.848
64.812
69.762
65.314
72.469
73.741
67.678
61.027
68.354
69.163
73.894
61.226
70.398
63.13
65.795
63.725
64.895
83.97
59.68
66.936
72.061
70.614
67.265
64.4
74.767
65.665
68.782
71.199
71.262
78.035
68.31
70.519
76.632
67.5
70.073
72.591
50.234
68.773
64.419
69.609
68.302
67.283
67.211
69.677
77.809
61.348
75.44
65.208
65.569
71.652
73.069
70.839
63.677
68.857
81.911
67.457
60.092
70.264
69.623
70.384
65.315
80.233
64.746
72.314
69.578
63.126
76.234
61.254
73.449
71.958
65.53
64.34
67.756
68.134
64.943
63.657
69.993
66.097
66.131
75.678
65.843
64.63
68.358
73.803
61.293
65.072
66.92
65.684
62.98
62.442
64.891
66.843
72.279
68.599
65.949
68.092
68.271
67.062
63.988
52.46
70.067
80.686
63.279
72.207
70.588
70.191
73.043
89.234
66.242
66.966
72.194
73.83
57.154
77.117
68.881
62.539
74.569
75.195
68.819
70
65.335
62.442
67.308
62.096
62.462
79.686
71.136
79.145
63.29
77.145
70.726
67.184
70.989
68.496
76.546
68.009
66.414
68.782
65.204
65.303
74.875
66.39
71.585
64.296
60.876
26.211
59.073
74.841
65.24
65.052
71.053
68.253
76.617
65.611
63.359
67.201
66.218
67.831
68.573
67.391
77.762
67.899
69.757
73.695
65.214
71.305
64.916
65.657
71.062
72.046
63.084
62.949
76.657
72.844
66.169
76.227
64.018
74.374
71.603
69.556
72.548
71.037
70.13
62.67
70.809
65.333
68.433
72.259
77.744
65.336
65.794
69.388
52.363
66.878
63.874
68.616
64.562
62.643
71.761
66.617
71.083
67.016
69.023
66.043
66.187
67.554
67.372
65.087
65.064
69.168
70.876
67.235
69.225
67.602
68.968
63.664
61.397
69.27
61.868
65.967
80.809
63.211
82.23
70.41
63.366
63.972
70.067
66.309
73.044
75.889
67.846
67.961
67.533
66.966
67.193
68.154
73.029
75.076
62.576
57.731
67.884
61.556
73.396
62.983
66.494
65.465
74.198
65.727
68.953
65.535
71.577
64.497
64.629
65.787
64.036
65.571
66.441
63.904
69.331
68.848
64.829
67.368
61.381
72.284
62.642
73.521
63.914
63.078
63.313
73.091
60.996
