32.118
36.236
26.319
28.982
30.168
30.077
28.562
26.856
24.259
24.446
27.569
30.159
26.485
25.308
26.265
24.678
20.999
31.63
24.03
26.653
23.606
25.693
17.82
27.854
31.729
34.602
33.94
27.596
29.673
27.61
31.967
33.953
35.274
36.97
29.124
25.673
26.434
30.683
20.423
25.949
28.601
22.549
26.341
25.982
20.14
26.481
27.739
26.744
34.889
34.752
35.684
29.896
23.781
35.082
26.485
34.753
27.632
26.806
28.288
30.479
31.198
26.273
20.927
23.909
22.102
21.229
20.166
17.619
25.332
25.326
21.501
16.404
25.962
27.248
24.423
23.609
24.983
27.755
31.281
31.254
37.762
41.189
41.486
40.464
40.96
42.321
36.243
34.691
37.765
32.111
36.1
31.546
25.609
16.862
29.19
35.52
33.264
33.515
34.14
33.766
32.741
27.424
23.28
26.024
25.364
36.966
34.29
33.31
32.165
31.878
30.417
29.387
29.786
26.334
21.736
16.131
19.186
36.427
36.494
39.886
31.502
31.09
33.148
29.716
29.882
25.533
21.784
30.567
39.236
34.7
35.165
26.495
31.889
22.645
18.926
25.104
22.253
15.915
19.723
28.64
29.778
33.71
26.746
32.519
31.415
28.14
24.302
28.67
26.105
31.898
27.483
25.457
22.245
25.533
20.657
16.164
24.38
38.072
31.272
25.862
27.584
22.661
25.245
28.422
31.464
39.009
29.843
29.752
20.768
20.868
27.601
31.461
25.332
30.215
31.073
32.464
31.704
28.826
32.351
26.731
32.077
29.486
31.767
42.877
36.376
40.656
42.978
44.586
42.216
44.954
45.404
43.889
40.922
39.944
31.146
19.291
25.295
19.097
21.275
16.967
20.216
5.648
11.567
11.133
7.402
10.175
16.861
14.344
12.492
11.463
10.268
17.125
10.02
7.535
12.125
14.257
14.575
10.631
10.382
15.18
10.813
8.571
9.29
10.657
10.647
14.66
16.052
12.942
9.169
13.593
10.614
11.666
15.612
14.724
15.562
13.356
18.657
15.957
15.198
8.579
4.575
7.388
10.918
7.148
8.245
8.478
10.488
16.421
13.741
10.211
10.31
11.622
8.166
3.987
7.062
9.622
11.156
13.22
7.621
7.973
9.645
12.853
10.007
8.228
5.305
8.311
8.427
7.57
4.052
7.381
6.689
7.2
6.059
6.728
10.212
10.773
11.052
7.176
10.714
9.626
7.784
10.705
11.192
10.227
9.055
8.421
15.234
12.131
6.426
8.013
7.602
5.53
16.032
11.694
5
6.475
17.005
16.924
10.112
7.769
5.971
9.207
6.806
4.59
5.086
8.356
12.5
11.081
13.41
11.549
13.058
8.333
9.307
10.601
10.886
11.361
9.834
6.086
6.623
15.623
11.531
9.993
7.708
12.334
8.069
9.333
10.979
11.688
11.839
8.835
12.305
10.356
14.499
11.976
6.394
6.86
9.947
10.897
6.562
3.523
4.862
9.69
9.219
7.79
5.89
11.737
15.693
5.89
6.68
5.733
11.341
10.894
9.867
9.031
5.545
9.753
10.311
5.239
12.91
11.262
8.026
8.837
8.896
5.308
9.036
8.965
14.065
13.664
11.269
8.855
7.209
6.082
9.265
11.623
8.667
10.067
14.668
10.421
7.672
9.572
5.906
6.728
9.486
7.896
8.245
13.234
17.536
8.589
7.8
11.726
10.16
13.365
9.199
9.543
9.729
11.69
10.186
6.987
7.758
4.587
8.417
3.969
8.41
9.256
7.101
6.768
6.019
11.074
11.725
7.053
7.909
6.582
7.728
8.283
5.67
7.353
9.458
10.241
7.526
6.64
9.115
8.405
5.699
6.028
8.096
6.238
9.707
10.505
10.71
6.196
9.914
7.769
5.578
10.505
12.678
12.871
8.687
10.827
8.913
10.02
8.528
4.385
8.144
10.147
6.75
7.432
6.073
7.228
10.854
4.987
9.332
10.652
8.737
5.773
5.253
5.592
7.803
9.68
13.818
9.055
9.404
10.864
13.088
14.925
10.516
5.933
9.146
10.087
9.518
7.28
6.772
9.606
10.251
8.289
7.053
16.021
10.898
12.599
10.728
9.4
12.854
11.222
14.875
14.009
11.267
11.44
8.993
15.269
15.266
8.751
12.357
11.253
8.57
12.432
14.031
8.008
5.284
12.81
14.849
9.521
8.439
7.315
7.058
6.118
6.671
5.508
7.12
9.637
10.516
13.523
14.189
11.973
10.481
9.826
10.54
8.566
8.477
8.094
7.19
5.405
12.827
10.558
9.152
7.02
10.421
8.484
8.005
6.906
7.464
7.545
11.662
9.46
8.748
11.014
11.832
6.862
5.979
6.627
7.081
8.245
4.104
5.349
8.13
8.328
9.667
5.418
9.766
12.068
7.454
6.926
5.219
8.135
10.691
12.366
6.958
3.769
6.981
7.157
6.059
8.835
9.128
6.922
8.205
8.081
8.224
7.275
8.433
11.595
12.871
11.044
9.181
5.933
5.57
6.407
10.452
9.441
8.965
10.526
11.633
6.362
8.477
8.169
7.667
7.627
8.684
8.67
11.832
15.374
9.729
7.963
10.053
9.26
12.34
8.406
9.444
6.671
9.036
8.306
7.471
7.246
6.074
5.218
5.359
57.331
58.819
53.464
50.252
62.5
65.5
61.103
58.703
56.077
58.083
51.854
54.802
52.152
58.446
62.302
58.113
59.467
61.115
60.086
59.841
58.92
59.971
48.974
60.085
59.744
60.199
46.667
55.658
54.259
52.933
61.383
60.934
63.065
59.441
63.236
63.271
59.633
60.086
52.063
55.859
62.932
59.071
57.256
55.421
57.102
59.986
58.655
57.173
60.297
58.849
55.158
47.171
43.944
55.972
59.327
61.177
61.331
62.096
58.708
65.116
62.028
60.821
58.873
56.753
59.399
55.07
52.053
49.305
53.172
56.359
56.954
53.546
62.588
57.801
63.128
61.302
55.371
55.331
55.803
60.692
63.272
53.29
51.275
55.798
60.617
64.482
53.76
52.542
59.759
51.581
64.23
61.016
52.861
41.778
60.34
62.006
63.766
56.632
61.953
65.581
67.873
64.555
61.034
58.601
58.706
68.017
72.155
61.765
60.324
61.146
65.118
65.722
61.761
64.146
58.509
55.072
51.689
63.617
66.294
62.079
60.498
59.249
56.21
52.583
55.746
53.996
51.47
62.143
68.835
67.797
65.686
60.357
64.882
58.636
56.017
58.974
55.079
46.884
44.813
54.357
61.722
60.804
54.351
53.253
61.423
54.334
42.787
53.296
55.721
61.999
62.693
62.536
58.493
60.495
59.246
55.165
57.275
66.273
56.923
57.486
61.131
52.211
49.438
52.999
60.854
66.176
65.627
61.306
59.887
56.07
58.978
59.576
61.224
60.757
63.202
65.205
55.925
54.264
56.321
50.178
61.171
55.345
55.963
64.972
66.176
58.567
56.892
63.879
59.67
62.641
64.676
62.465
59.527
60.619
53.841
57.617
51.23
53.206
58.53
53.462
55.438
37.342
44.316
40.055
39.259
36.364
43.14
42.175
39.615
41.592
37.457
43.663
45.2
36.623
46.577
44.888
37.698
36.91
39.72
42.739
39.82
36.655
33.078
33.448
28.924
41.989
46.138
45.897
36.985
40.237
39.817
46.91
54.193
54.898
52.573
50.315
46.375
50.883
51.092
45.583
42.766
40.433
36
27.343
31.612
24.493
24.432
26.175
24.474
38.511
40.057
36.85
31.461
22.686
28.632
38.698
42.539
44.786
41.685
40.71
35.659
41.226
42.397
35.82
26.709
23.045
30.035
26.799
26.947
25.139
34.286
35.196
30.812
32.332
41.262
36.383
39.103
34.507
42.807
46.1
45.629
54.26
46.704
39.216
46.816
44.196
45.72
42.927
35.099
48.637
42.65
33.449
49.896
50.523
44.936
41.152
54.228
55.351
49.685
51.579
51.509
46.27
51.936
39.655
46.592
39.112
42.236
40.486
44.476
43.111
43.159
40.833
44.421
39.028
41.548
36.396
26.102
21.384
34.746
46.396
46.326
44.648
39.776
38.049
35.914
40.678
31.137
33.218
35.59
45.906
46.273
46.058
46.992
40.995
31.928
29.466
26.782
25.172
28.121
20.014
27.661
36.729
40.684
37.826
25.619
47.13
41.022
29.887
36.107
32.2
35.028
41.814
51.649
41.151
35.8
38.569
38.305
27.266
42.157
47.983
37.309
42.727
38.115
31.141
37.147
44.791
47.969
48.656
50.674
46.915
43.553
41.115
41.431
43.373
36.466
38.039
38.831
42.393
35.827
39.058
32.316
38.215
35.43
39.167
38.615
46.68
49.236
35.056
38.81
44.223
47.906
45.851
40.511
39.629
30.09
33.758
24.278
29.965
33.051
23.8
24.501
19.317
