27.74
26.525
24.949
29.898
28.492
27.059
18.783
28.726
28.93
25.763
28.904
29.79
28.231
29.21
29.255
29.263
28.992
28.552
28.886
30.096
23.124
20.324
27.419
29.045
15.39
29.384
29.167
29.561
31.724
29.164
28.867
29.652
28.17
31.319
28.184
27.006
28.262
25.556
22.783
30.236
27.128
26.942
31.077
27.852
26.644
29.046
28.375
29.925
30.722
31.915
27.828
29.436
30.507
28.377
26.446
29.057
29.513
28.889
31.015
29.129
31.469
29.187
29.043
27.497
28.443
29.132
30.576
28.901
32.483
36.327
26.873
28.326
29.388
21.162
26.331
27.26
24.897
27.563
31.837
26.836
28.076
30.498
27.116
28.039
30.674
26.63
28.323
31.884
30.732
29.614
27.953
25.903
26.422
27.948
26.349
26.096
27.21
27.846
30.272
28.355
29.778
29.273
29.302
27.947
29.533
26.92
29.213
27.992
28.581
29.4
29.006
26.625
28.513
28.591
27.335
27.719
27.816
26.364
32.627
27.719
28.028
29.42
27.203
29.375
23.509
25.78
28.71
27.222
30.007
27.47
24.596
27.412
27.673
28.046
28.105
27.021
27.555
29.617
28.63
26.899
26.912
28.825
27.72
27.92
33.653
29.926
28.677
26.169
29.015
28.61
27.631
27.316
27.953
28.853
27.937
29.597
29.483
27.835
28.776
21.858
28.025
27.868
30.686
26.276
27.989
29.072
29.032
27.755
30.975
28.503
28.481
27.591
29.897
27.766
28.319
30.184
26.823
28.825
31.502
27.143
26.594
27.887
27.671
27.558
27.891
29.28
28.14
29.583
31.318
27.059
31.263
29.003
28.687
27.805
29.263
27.527
29.124
29.076
28.115
29.899
29.469
20.124
21.995
22.466
20.723
20.623
22.793
15.348
19.905
24.983
23.888
20.742
23.276
20.028
21.297
21.277
22.169
22.139
22.072
23.422
22.567
20.622
14.305
21.326
21.293
13.793
21.914
20.055
22.887
23.029
22.415
21.622
20.014
21.404
22.915
22.945
21.701
19.332
23.109
18.742
21.092
20.596
21.871
23.641
20.619
21.171
19.644
21.262
25.478
24.678
21.916
20.027
24.448
20.868
20.782
21.448
20.666
22.526
23.835
24.708
24.176
27.887
21.063
20.19
19.534
23.79
22.802
20.136
22.594
21.909
21.453
22.207
21.623
20.232
20.176
22.596
19.11
21.331
21.59
25.659
23.796
20.275
19.648
21.135
23.035
20.592
21.603
21.775
23.659
24.324
22.131
20.041
21.164
23.251
20.447
19.337
21.187
22.873
21.443
25.716
20.518
23.356
22.68
20.11
19.645
20.64
22.849
21.394
21.235
20.465
21.192
22.473
19.81
19.737
18.263
20.948
19.699
21.031
19.155
23.599
20.842
19.312
21.384
19.834
21.414
18.275
19.263
20.194
22.029
24.636
18.544
19.341
19.395
18.614
20.859
21.424
17.643
19.609
23.072
20.445
19.959
22.26
20.014
19.444
21.473
18.138
19.509
23.072
20.87
20.752
18.793
21.429
21.02
19.509
19.1
18.624
21.696
20.865
21.178
21.644
14.276
21.975
19.255
19.257
21.104
23.517
18.991
20.014
21.794
24.49
21.751
19.281
19.516
21.233
21.967
20.827
19.666
19.708
23.542
23.415
19.931
17.413
21.554
23.293
17.06
19.279
19.504
21.248
21.766
29.808
26.965
21.582
22.759
20.772
21.916
21.375
22.107
19.41
22.253
21.121
20.317
20.604
21.311
19.613
18.802
20.014
20.572
20.233
10.575
21.522
20.516
17.947
20.808
22.027
19.678
20.397
20.762
20.027
19.293
21.124
21.561
19.531
16.016
17.48
19.441
21.482
10.809
20.513
18.839
21.395
22.071
22.253
18.849
22.138
19.504
22.382
20.678
18.908
20.396
19.168
17.253
18.891
22.83
19.687
19.946
20.219
21.01
19.165
22.199
21.605
21.179
23.457
20.83
19.262
20.761
20.123
18.639
17.667
22.702
18.877
20.319
20.891
18.78
21.189
21.277
18.306
19.364
20.799
19.629
19.546
19.317
21.287
18.819
19.168
20.096
18.822
19.448
19.698
18.967
20.028
23.198
19.247
18.577
19.09
20.805
20.628
18.524
20.411
19.642
21.192
22.381
20.291
18.617
20.513
20.339
19.417
20.11
20.868
20.739
20.822
21.1
19.59
20.562
21.409
20.384
18.948
21.875
20.608
19.012
20.303
21.739
20.041
21.007
18.801
18.754
20.388
21.715
21.443
21.118
21.837
22.101
21.332
19.85
18.469
20.708
21.482
16.453
18.463
22.012
20.946
20.506
21.574
20.814
19.783
20.231
21.12
19.537
18.881
19.602
19.779
21.689
20.314
20.47
19.536
19.244
21.171
18.473
20.748
24.29
17.539
20.096
21.668
19.116
19.381
21.488
19.218
18.966
21.468
19.199
18.634
19.225
16.522
18.754
19.403
19.662
18.346
20.319
19.191
20.193
21.404
21.894
19.423
18.921
19.077
21.796
19.094
19.848
20.264
18.416
19.972
21.577
17.051
19.439
19.972
19.001
17.877
19.17
18.339
19.986
19.373
21.311
19.199
18.601
19.888
20.236
17.437
22.398
17.985
19.448
21.96
18.423
20.417
21.983
41.189
41.725
42.321
42.491
42.659
45.038
23.296
42.759
51.077
48.887
45.173
40.39
43.937
42.73
41.949
43.103
43.063
46.101
45.473
44.224
23.537
44.275
42.3
38.811
30.148
42.148
44.057
43.241
46.667
44.633
43.392
44.513
46.058
45.977
42.602
42.405
46.011
28.14
47.232
43.34
42.75
41.563
44.608
43.487
42.608
45.455
43.64
44.894
46.653
43.912
44.074
43.997
41.854
45.974
42.234
43.63
40.822
43.553
44.771
43.502
41.649
43.126
41.379
44.545
43.573
42.334
42.758
43.563
43.654
42.34
40.546
42.483
41.528
38.904
39.067
42.378
44.561
43.01
45.913
43.975
42.094
42.857
44.476
39.435
42.968
44.056
40.291
48.718
43.126
42.496
43.398
43.379
40.738
43.301
42.978
44.594
45.146
43.076
44.731
42.678
43.602
41.765
42
42.946
43.897
44.663
42.029
42.867
45.67
42.71
42.708
43.457
43.964
46.834
44.563
44.871
41.817
43.451
46.033
42.426
43.44
43.932
41.766
41.462
37.017
40.207
39.139
45.591
41.043
43.46
40.634
43.457
45.767
41.487
42.926
43.167
42.798
44.13
44.958
42.445
42.514
45.017
44.674
40.849
43.989
44.452
42.276
43.537
44.733
41.029
41.707
42.534
41.684
43.047
43.724
41.835
45.222
45.704
28.073
42.677
42.837
41.819
42.124
41.901
42.156
42.001
44.919
41.597
46.903
43.088
41.591
42.847
44.053
41.241
43.412
41.44
44.847
46.099
46.217
48.398
44.298
43.268
44.506
39.835
44.124
42.798
42.559
44.181
44.285
42.334
43.365
42.113
43.663
42.131
42.749
43.606
43.651
42.42
45.765
40.769
43.565
44.644
46.154
48.447
43.681
44.606
44.467
23.394
45.658
42.788
40.486
41.592
46.888
44.019
43.737
44.662
43.845
42.069
45.17
46.355
42.267
25.581
45.736
49.028
39.679
28.457
49.789
44.775
45.567
48.362
45.087
43.563
43.117
44.897
44.811
45.666
44.467
44.84
31.128
43.496
45.784
45.15
47.063
45.442
45.572
45.232
43.695
46.249
47.791
44.24
47.002
43.295
46.175
47.018
46.32
47.526
46.612
44.622
50.137
44.259
44.063
43.839
45.105
45.718
43.172
44.695
41.626
43.066
45.474
41.77
42.928
47.723
44.248
44.566
39.781
42.676
44.375
42.818
44.728
41.809
43.967
43.359
44.15
46.223
42.947
45.071
44.191
44.839
44.269
43.21
46.325
45.704
45.95
45.499
44.746
43.798
45.23
44.799
42.917
43.785
42.896
44.213
45.049
44.857
44.042
44.329
43.746
46.685
44.993
41.902
44.437
44.552
44.625
45.697
42.339
45.757
42.45
43.663
45.753
44.46
43.343
46.648
44.53
44.728
44.475
36.431
45.467
44.507
44.263
42.907
40.706
45.828
45.893
44.491
45.436
47.254
44.619
47.675
45.728
45.295
45.964
43.26
43.241
43.043
43.143
43.806
43.897
46.127
43.317
45.931
46.148
44.904
46.233
45.196
45.724
44.537
44.607
44.317
46.191
29.715
43.388
47.956
44.062
43.157
47.724
46.207
46.317
45.813
43.952
43.624
44.784
42.659
43.972
45.83
43.83
44.609
46.75
42.001
45.014
43.469
41.435
44.823
42.224
43.289
44.916
43.595
44.624
45.448
43.4
46.446
45.798
44.499
44.221
44.028
41.996
44.041
45.652
45.385
45.634
43.014
45.366
46.395
