28.059
22.406
42.79
38.564
15.942
16.567
25.834
19.92
21.654
22.259
22.452
19.421
40.633
56.237
17.152
26.908
30.815
39.92
27.17
20.543
19.829
17.6
28.056
36.054
35.364
20.938
19.663
22.49
15.39
18.267
20.673
32.04
43.87
20.375
37.982
54.607
31.984
18.067
18.813
19.973
24.281
31.267
25.083
15.416
19.385
34.151
40.449
21.252
17.857
17.415
36.889
45.206
40.344
10.82
17.577
15.921
41.661
44.752
27.26
58.288
32.392
25.32
27.944
17.956
15.483
20.467
26.043
19.705
16.377
16.567
28.81
60.411
33.976
21.102
11.126
11.104
32.535
36.394
43.009
19.389
24.528
33.574
36.985
28.486
9.599
11.881
25.317
25.585
19.174
24.834
33.444
40.592
22.55
43.094
18.713
7.223
24.783
61.322
38.907
28.799
24.967
26.969
27.708
25.804
20.452
29.447
27.096
21.343
23.051
18.844
17.241
28.117
24.7
22.17
21.254
13.105
20.446
34.512
36.05
61.71
39.445
15.023
23.494
22.483
20.685
20.518
19.921
8.344
25.849
38.436
41.683
19.411
17.717
24.476
32.367
30.066
25.361
9.067
18.303
35.094
48.1
59.386
36.267
14.641
26.401
28.851
21.959
11.757
21.07
15.74
31.712
24.368
36.054
43.362
38.573
37.2
14.741
16.077
18.717
23.353
27.869
28.933
39.067
37.126
36.273
44.782
17.996
16.633
24.037
14.248
29.265
23.746
31.011
29.882
30.616
33.682
25.253
40.44
35.729
16.278
15.88
41.06
39.504
30
19.305
19.389
26.02
19.519
26.698
37.929
22.427
15.512
20.053
21.879
21.968
34.78
19.003
38.811
32.06
19.986
18.509
35.31
42.009
28.675
30.647
19.587
27.955
35.662
18.775
26.897
25.017
38.808
37.582
38.874
21.785
20.969
31.37
14.352
21.722
24.244
26.921
21.377
20.602
36.243
36.442
36.034
30.587
20.268
26.397
18.425
19.13
41.306
33.04
27.49
35.271
34.27
16.129
19.625
18.121
23.949
28.82
26.312
32.644
32.935
33.467
26.154
40.711
29.899
21.077
24.33
37.742
30.128
30
24.149
15.203
19.454
11.03
35.782
39.312
21.137
22.544
22.559
31.333
47.233
24.798
15.902
22.733
28.524
35.349
28.287
36.209
25.199
26.847
30.903
23.667
12.401
13.061
20.297
29.298
25.347
29.217
43.318
25.379
36.493
40.013
11.483
12.624
30.578
25.201
21.869
37.082
38.401
38.128
36.636
24.568
12.815
8.739
20.213
15.635
19.292
33.156
28.197
26.186
31.321
49.413
45.825
13.18
20.767
27.339
27.133
19.238
36.444
34.265
28.064
28.419
24.736
15.075
12.731
21.011
36.551
25.266
30.165
17.643
30.754
37.475
24.735
23.417
13.867
11.933
27.853
29.133
43.44
32.284
33.513
41.503
33.245
26.253
10.047
12.985
22.056
28.148
23.176
21.142
48.723
47.555
41.84
38.134
19.355
16.611
25.876
19.799
32.1
28.167
30.379
39.986
47.403
20.079
16.946
18.543
15.758
28.369
14.516
26.601
33.734
38.4
42.428
49.325
34.297
21.438
22.658
18.877
27.789
27.333
32.367
13.798
17.784
24.561
31.318
24.966
25.837
40.079
21.636
27.345
31.618
25.991
28.591
36.667
36.975
36.091
25.877
18.976
13.576
17.168
37.722
41.092
24.664
13.943
17.185
25.48
33.041
22.058
23.663
27.37
28.714
30.271
22.739
10.693
14.258
15.103
18.933
24.966
33.067
15.519
16.977
18.103
15.658
14.625
23.113
16.481
30.194
19.921
54.118
24.9
19.208
19.695
15.446
18.562
17.295
15.132
27.345
26.781
16.005
18.659
24.018
20.683
15.953
25.281
21.317
13.706
16.523
39.761
42.105
21.372
23.942
13.788
19.176
15.209
15.109
31.087
31.299
20.337
14.021
17.568
26.596
32.723
12.663
12.205
8.504
26.028
36.807
40.401
65.673
26.467
20.094
18.384
14.933
11.155
18.548
25.169
30.995
13.562
15.772
12.991
16.168
21.307
14.608
9.264
9.301
14.113
24.564
45.109
56.327
28.383
12.042
18.127
19.06
7.12
9.511
23.735
19.14
26.867
33.222
19.879
16.622
13.026
17.289
7.793
6.562
14.153
24.161
21.088
38.978
42.282
28.815
26.093
17.03
11.984
9.103
16.09
16.734
23.232
10.757
34.099
27.793
19.105
21.5
14.183
14.121
9.408
20.366
24.507
23.883
38.656
21.725
32.369
15.849
16.789
16.204
9.922
12.342
19.08
22.688
15.158
15.533
25.981
36.585
24.421
25.017
22.662
11.46
18.455
26.738
34.299
14.095
30.375
41.274
23.338
24.288
13.276
13.603
15.053
17.202
24.834
19.709
23.858
17.86
34.439
27.279
12.293
11.474
14.476
29.099
23.23
18.926
27.565
57.411
33.401
18.32
9.42
16.298
13.807
18.787
22.032
18.962
25.588
17.037
30.452
17.207
20.066
17.577
20.491
34.663
14.032
20
26
28.997
54.643
27.516
18.528
21.004
18.489
10.938
12.037
9.464
18.501
17.101
30.386
22.951
17.663
17.234
20.801
30.475
31.749
26.046
31.113
33.003
31.717
37.12
26.68
33.134
41.327
25.901
30.948
40.891
30.653
29.637
36.479
37.211
38.584
47.358
30.357
26.572
31.885
18.614
26.566
32.756
38.748
37.16
35.801
37.202
28.353
18.302
41.965
32.133
33.753
35.46
43.34
30.533
51.782
37.575
20.241
30.657
24.142
32.597
32.327
34.053
37.667
38.57
34.87
32.179
33.882
35.798
24.586
28.505
30.027
35
30.392
41.616
44.89
24.204
31.35
25.813
25.234
26.482
33.092
30.539
43.157
45.405
34.623
32.394
39.279
18.976
25.415
21.722
27.605
31.087
34.331
32.475
50.886
34.803
31.912
28.439
29.28
29.186
18.893
29.4
35.762
43.758
35.234
29.593
40.995
28.827
31.957
30.319
27.518
21.95
36.278
46.9
54.006
29.098
30.769
41.204
34.426
30.4
33.644
34.682
29.213
39.896
29.169
40.77
32.109
43.461
27.392
27.907
30.248
32.936
31.432
39.348
71.738
49.458
11.35
22.066
26.895
34.409
20.941
28.284
21.739
25.199
28.37
44.147
50.741
34.812
29.318
42.292
32.051
26.572
31.884
34.242
31.812
45.847
51.048
34.181
30.688
25.382
29.013
42.799
28.467
30.587
32.979
40.83
31.37
42.522
34.135
34.577
30.013
31.297
28.131
29.953
35.11
40.388
45.676
39.733
34.94
34.237
31.568
32.301
30.444
27.563
29.748
37.332
34.51
33.157
42.109
31.923
31.124
34.044
52.83
35.59
25.781
28.322
26.236
40.311
39.458
40.746
34.04
30.409
38.142
40.87
33.244
26.267
29.175
28.096
17.369
33.422
35.421
26.995
26.803
29.515
49.696
40.936
27.437
28.977
40.04
35.06
14.353
18.829
18.612
22.827
12.641
11.192
14.581
12.925
16.475
36.089
12.977
15.097
19.493
39.497
27.91
22.259
6.724
19.241
32.909
17.841
12.525
13.072
17.418
18.978
15.944
12.616
12.109
25.134
26.796
14.047
19.16
22.393
44.615
33.333
14.77
8.904
12.863
20.252
28.412
15.139
17.365
25.6
14.974
12.741
14.077
12.699
41.062
18.746
16.711
13.135
20.85
49.563
26.908
9.684
11.449
9.115
18.024
31.95
23.49
14.93
15.569
24.801
19.365
12.583
8.011
30.145
27.332
13.132
11.326
14.088
13.922
22.341
51.31
25.936
9.073
7.647
15.852
18.509
39.326
16.241
17.722
14.563
21.566
18.775
5.177
7.708
38.37
20.864
15.4
17.145
19.744
22.388
36.22
38.035
8.262
5.346
16.948
30.887
45.027
19.973
38.812
19.801
22.391
21.08
9.59
8.306
11.858
20.576
15.513
12.867
16.911
18.583
18.139
17.71
24.252
21.806
7.475
9.742
41.644
38.563
21.433
10.613
32.934
45.033
16.413
15.968
9.346
7.124
21.833
19.706
15.096
14.334
13.449
25.05
21.969
16.365
7.827
6.992
28
57.523
19.746
15.097
12.319
13.09
37.709
46.894
16.256
10.37
19.893
12.558
21.838
18.145
18.499
21.035
20.825
15.513
11.184
11.185
34.659
46.568
8.858
17.172
21.672
17.31
28.4
30.806
15.821
31.395
15.108
14.029
18.833
18.66
22.634
28.534
11.17
17.537
19.051
19.302
33.29
23.819
29.677
18.651
20.979
19.435
12.117
16.184
34.137
28.309
20.106
15.083
8.69
10.571
14.777
16.766
17.713
9.527
15.033
32.382
21.815
24.008
33.333
