39.512
25.724
21.344
25.407
37.442
45.808
29.032
27.452
28.543
29.354
30.907
32.22
26.165
42.243
45.979
35.063
27.175
22.778
23.163
29.973
19.987
23.248
27.905
22.062
41.208
34.169
40.263
46.138
27.844
14.436
25.115
23.781
34.656
30.073
32.029
40.374
21.604
25.066
22.733
27.689
33.113
33.048
24.147
26.544
49.529
55.601
18.858
18.122
26.093
29.23
37.372
19.022
14.629
24.647
28.363
28.384
37.906
34.8
40.652
43.094
31.618
21.954
22.715
22.868
17.337
18.816
29.416
48.12
38.712
29.593
11.104
22.616
28.378
40.497
46.46
26.961
36.143
41.976
26.029
23.669
29.493
26.551
24.738
26.024
29.054
36.926
41.948
31.362
18.754
25.033
56.634
35.197
28.127
25.216
20.066
21.745
26.371
33.996
41.356
16.4
27.321
24.465
23.267
42.088
22.208
20.146
25.15
51.513
31.498
28.144
40.184
15.658
24.966
28.457
22.935
25.657
23.58
23.384
22.924
22.325
22.482
11.199
45.393
52.742
40.462
55.701
19.067
23.667
29.278
28.092
17.21
17.612
27.807
35.69
45.241
42.328
15.675
14.881
20.352
26.017
20.836
20.28
38.554
44.632
38.301
29.677
46.556
43.929
26.662
18.176
16.656
19.683
30.027
42.095
40.4
48.069
34.276
19.363
22.773
29.365
22.682
24.303
22.952
29.686
33.622
45.43
40.199
22.083
15.045
19.841
21.925
39.61
22.769
19.264
40.857
33.842
25.263
40.265
34.529
23.291
23.391
23.24
20.941
25.186
39.879
29.874
25.566
24.101
33.689
50.309
26.029
20.625
22.905
23.688
46.658
29.365
20.026
25.87
21.084
23.368
30.073
21.2
14.523
20.476
17.964
39.307
13.271
18.908
21.154
21.186
26.965
42.828
22.422
17.35
32.114
17.945
17.17
15.644
18.94
19.853
17.911
33.941
22.222
16.854
18.026
21.39
19.498
35.686
33.693
15.38
14.657
34.531
19.152
17.29
13.061
21.27
16.543
36
22.969
14.465
21.395
15.539
11.222
22.385
37.583
36.824
50.303
19.644
19.28
18.347
35.979
12.008
8.146
16.821
21.244
18.645
13.926
16.234
21.551
26.574
36.767
15.013
18.683
20.949
31.325
31.159
12.745
18.23
15.671
32.357
21.871
12.302
24.075
23.251
25.132
28.909
17.518
21.462
22.97
14.867
31.879
41.509
28.998
16.299
13.382
19.035
22.164
19.303
27.968
15.41
37.685
19.2
20.121
17.73
11.69
16.6
20.602
21.524
40.239
12.467
35.554
26.87
13.907
16.711
16.932
13.413
34.284
21.562
32.661
20.161
21.806
24.61
16.22
23.016
20.825
11.936
24.917
29.533
16.202
27.965
27.827
11.427
14.276
19.649
39.349
18.684
11.866
16.667
23.123
25.51
12.376
21.447
28.262
21.565
18.933
33.355
14.492
9.521
16.112
30.228
33.878
16.304
22.384
40.121
21.728
21.165
54.216
33.65
27.133
14.133
19.041
28.281
17.757
19.881
14.105
19.254
16.965
14.683
15.007
35.364
29.967
15.585
18.236
27.344
47.418
32.239
18.592
17.107
17.289
10.29
23.401
31.961
9.914
14.867
19.868
20.828
19.238
19.605
18.824
22.555
37.936
16.533
18.361
32.162
42.705
30.626
21.146
18.019
18.521
15.625
10.776
28.439
29.467
11.308
22.119
19.92
14.267
18.725
16.168
17.576
25.672
30.214
26.514
20.509
21.838
24.382
24.154
36.929
30.976
24.596
28.205
25.219
24.95
39.269
34.068
32.76
39.507
31.881
18.608
25.084
22.244
22.334
21.57
25.695
39.538
31.897
26.035
23.686
23.082
35.875
37.466
19.881
28.239
37.076
39.065
25.114
21.881
23.835
26.208
25.809
21.391
26.073
34.437
32.493
26.217
23.331
17.4
32.058
39.973
25.806
24.933
23.164
30.369
43.147
21.301
28.88
30.366
18.841
22.733
25.673
29.102
26.482
43.593
30.323
30.033
46.737
32.288
15.099
23.684
40.338
30.263
45.881
41.888
26.48
27.723
26.124
18.828
22.634
26.221
28.119
42.82
31.995
40.461
31.402
25.728
27.639
37.664
27.488
44.224
38.533
31.062
17.487
21.386
26.058
27.834
19.523
21.164
25.871
23.926
39.041
43.455
30.544
28.628
30.344
33.445
22.848
20.491
35.505
25.701
36.618
36.902
24.25
51.842
35.46
28.97
26.619
19.289
23.185
23.428
32.443
35.469
24.016
49.591
39.69
19.491
25.169
21.277
18.212
20.199
28.311
27.242
33.624
46.206
30.574
25.507
24.113
18.188
17.788
12.88
37.686
29.043
38.683
44.162
32.888
27.075
25.606
26.798
16.755
16.689
30.18
20.362
35.449
45.836
30.493
23.72
37.263
26.443
21.372
31.748
33.602
28.745
26.928
35.369
38.323
30.033
23.873
23.133
24.532
24.453
21.86
12.533
34.977
36.957
47.43
36.835
23.522
24.571
35.676
40.079
23.832
21.69
27.364
24.269
37.418
38.748
22.93
24.131
26.921
25.933
23.907
19.987
33.181
35.499
35.505
33.202
39.33
26.305
35.518
31.078
22.028
24.453
25.781
17.85
24.117
23.285
35.849
28.618
25.941
21.112
18.85
41.622
49.799
31.421
23.344
21.556
23.838
54.693
31.404
25.016
18.717
23.676
24.14
27.309
20.557
27.918
25.965
20.504
25.017
45.053
43.987
26.264
17.576
29.703
32.49
21.86
22.836
26.145
20.133
24.281
21.123
28.677
22.149
23.02
37.692
24.472
25.787
42.352
21.609
30
19.152
20.04
26.944
25.933
21.881
10.894
19.153
26.972
30.481
22.2
16.633
39.906
32.6
27.188
19.522
24.512
56.184
31.84
22.888
16.633
23.185
21.395
27.856
27.103
11.554
23.617
29.879
41.526
23.561
21.871
27.201
32.425
40.337
23.214
41.073
27.685
24.452
26.001
19.376
28.693
26.267
17.666
20.411
38.71
22.437
29.197
24.415
21.218
18.67
36.7
35.644
24.122
20.229
39.181
26.414
23.704
18.249
25.938
20.308
19.932
19.31
37.926
29.169
25.436
18.779
11.726
26.926
39.142
35.557
19.305
26.658
22.46
41.488
24.867
22.758
9.127
22.541
25.49
23.641
35.743
25.956
27.34
29.209
26.465
11.274
16.746
45.041
35.946
49.653
45.592
13.606
22.275
41.811
25.948
20.383
21.801
27.333
29.011
27.733
21.091
18.899
22.237
38.781
32.577
15.067
17.615
28.933
38.716
27.395
22.193
21.529
33.895
31.984
27.061
20.281
21.656
27.789
28.523
41.851
18.152
27.036
20.895
12.762
21.147
21.31
22.73
33.158
24.195
22.133
26.957
30.641
39.382
20.878
22.933
24.682
38.086
25.839
22.275
20.227
28.562
27.867
24.104
21.168
20.283
35.8
29.767
22.045
21.228
26.908
23.682
30.774
36.117
27.497
43.658
26.242
41.478
28.694
44.139
35.023
31.048
25.563
26.382
33.799
30.79
32.645
40.041
37.141
39.398
29.777
29.15
30.339
35.097
33.487
27.011
31.065
42.56
33.913
30.708
25.285
31.669
32.14
27.826
28.373
33.445
54.925
35.904
24.45
24.285
32.258
38.288
27.955
25.904
31.179
42.972
39.496
29.078
19.617
32.407
31.722
22.819
38.38
22.368
38.863
38.492
29.302
27.912
12.846
28.6
43.717
31.8
33.931
46.19
33.446
31.167
31.08
28.239
25.837
29.447
25.889
25.515
53.764
41.833
39.439
39.748
33.421
25.316
37.917
32.883
31.379
33.737
49.051
30.785
33.133
31.406
26.298
29.815
25.552
41.372
42.895
45.817
30.409
28.294
33.622
35.548
21.946
23.458
30.692
28.954
34.117
45.017
33.113
34.174
24.733
25.05
37.416
38.758
29.353
22.372
31.54
48.143
30.821
36.235
30.96
26.111
30.109
32.819
28.487
29.819
33.668
39.163
42.091
28.226
44.943
29.974
29.204
28.723
12.542
27.405
27.648
29.482
29.874
44.399
36.243
32.449
43.171
30.769
22.036
31.52
30.876
27.261
23.396
54.515
44.222
26.249
31.788
22.252
26.445
28.828
30.944
31.2
32.267
39.212
37.583
34.797
44.252
19.854
25.285
30.641
29.767
44.085
27.23
27.188
44.326
39.509
36.463
24.397
28.456
32.77
29.306
27.677
20.473
35.223
45.895
24.24
45.387
34.262
22.476
18.825
39.656
35.243
34.87
27.04
29.093
40.161
47.11
27.038
28.31
23.02
25.938
27.254
31.663
30.916
27.027
25.05
41.361
48.837
36.461
35.777
38.99
32.035
31.87
24.459
29.812
25.017
29.175
27.413
