38.398
37.527
37.83
38.015
41.597
37.863
44.484
42.116
40.098
44.787
33.449
37.877
41.46
40.402
43.044
39.512
39.415
44.361
41.765
35.679
40.138
39.804
39.365
44.193
40.014
34.421
42.456
38.006
41.074
40.368
36.181
37.859
42.917
45.11
38.531
42.196
40.028
37.73
45.804
39.492
40.265
41.201
39.079
47.465
38.052
40.909
39.916
39.859
36
46.122
40.676
36.339
42.348
38.435
32.491
49.306
32.636
33.863
43.961
34.54
33.797
38.974
38.801
40.235
50
38.493
37.096
47.599
32.979
30.78
41.053
40.531
34.264
51.076
40.123
41.731
47.986
35.68
39.902
39.54
33.745
39.916
40.685
37.474
40.449
45.467
34.124
40.979
41.546
34.64
48.234
37.301
40
42.484
37.706
41.086
43.595
35.873
39.903
40.374
36.218
41.608
39.986
43.457
45.068
40.083
37.491
44.797
36.871
41.816
40.556
36.326
41.05
44.643
43.574
40
39.918
40.975
40.699
40.769
33.927
41.771
39.052
37.834
42.957
38.007
38.764
50.724
38.235
40.759
42.7
31.493
39.648
43.98
40.769
40.35
41.132
34.746
41.095
42.698
39.733
40.61
37.216
38.079
43.008
41.079
42.166
42.068
40.235
36.958
40.329
40.206
36.828
46.032
36.197
32.893
35.861
44.132
33.31
45.202
36.753
36.384
43.767
39.89
40.204
42.906
39.681
36.389
40.583
34.492
41.249
42.124
34.966
41.117
39.862
40
36.227
43.382
36.541
35.704
29.837
43.184
38.962
41.748
39.434
39.849
38.558
40.273
39.031
25.77
35.803
34.488
42.976
40.698
39.777
38.241
36.434
38.139
43.084
39.713
40.027
23.902
29.565
32.827
30.914
27.817
30.502
29.245
31.139
37.143
24.197
26.456
31.246
32.056
34.225
31.85
24.788
31.605
34.272
24.792
28.843
33.357
25.105
37.677
31.743
21.082
31.39
32.069
25.293
32.732
27.031
27.042
32.514
30.688
31.485
29.055
29.345
32.958
28.301
24.39
33.99
30.181
24.983
37.917
29.923
31.936
28.833
26.798
29.246
32.228
27.801
28
27.727
33.498
38.139
32.334
26.438
27.037
34.22
25.68
27.584
27.766
29.773
31.805
33.69
27.176
28.94
32.228
27.778
26.216
25.634
26.793
30.021
33.915
32.027
29.784
31.411
29.607
28.279
25.84
31.106
30.07
29.231
32.13
34.161
32.597
31.272
29.306
27.33
34.288
28.823
30.175
34.814
28.047
30.307
35.939
26.473
28.38
36.155
28.145
25.275
34.135
25.678
35.917
37.243
32.193
42.5
29.903
30.377
35.282
29.213
26.547
31.815
33.38
31.752
32.686
28.463
32.962
31.354
29.524
29.784
34.051
27.786
35.549
31.579
33.011
33.616
28.184
31.407
30.459
30.162
27.735
29.648
32.667
31.675
33.747
25.967
26.931
32.871
30.25
28.953
32.751
27.727
31.307
38.434
29.144
31.719
32.125
30.263
32.849
30.368
25.923
30.414
35.576
28.317
25.309
29.752
23.051
30.759
29.497
27.603
31.129
31.889
31.259
31.637
31.931
30.631
28.621
30.417
28.453
29.747
30.946
28.221
30.123
33.029
31.981
28.699
30.534
30.705
25.722
33.403
18.194
32.318
31.671
33.099
30.705
31.44
29.763
27.31
30.69
20.216
29.931
26.76
35.808
31.897
26.833
30.669
29.577
30.372
33.082
27.948
29.42
23.738
29.793
28.323
20.896
33.427
28.933
29.46
28.922
28.37
29.14
26.138
27.983
28.622
28.834
31.15
32.328
25.425
32.534
28.944
23.579
30
27.649
27.368
30.049
26.498
25.07
29.866
27.586
29.424
28.203
28.361
25.529
30.456
29.091
32.343
26.008
28.78
28.264
28.101
25.228
25.923
32.811
25.63
28.531
30.812
27.437
28.89
27.837
28.453
28.72
29.008
26.323
27.203
28.286
24.457
32.365
23.274
24.334
29.4
26.33
23.853
24.514
31.03
25.655
35.768
27.447
27.812
35.695
27.424
20.692
25.75
31.454
24.741
32.871
29.855
27.612
33.631
27.622
27.632
29.313
26.427
27.311
32.061
27.522
32.042
32.777
26.253
25.926
31.259
27.922
31.761
29.735
29.594
27.885
32.036
27.514
29.837
26.862
26.551
30.936
26.194
26.709
29.944
33.172
28.711
31.171
31.039
28.36
31.818
27.746
27.254
28.282
27.4
29.219
32.187
29.26
29.282
30.871
29.277
33.474
26.381
29.523
24.5
29.832
31.927
30.126
28.136
29.175
30.221
27.476
29.866
26.955
28.532
29.216
30.764
30.35
25.225
27.311
30.328
28.611
31.154
32.489
22.045
29.697
31.793
24.842
34.107
28.134
27.292
29.866
26.558
24.347
32.563
27.885
25.827
29.241
22.253
28.763
28.562
27.491
27.864
28.41
29.292
26.539
32.125
25.606
33.193
27.031
24.93
27.44
35.339
27.172
31.572
31.535
31.936
32.725
24.3
31.419
32.41
25.947
29.187
25.339
29.432
22.498
37.604
27.997
25.798
33.518
26.081
17.295
32.636
25.8
25.468
33.655
28.382
25.777
31.89
27.612
31.128
33.38
27.102
55.784
59.301
53.695
74.21
64.509
57.763
69.95
61.295
62.275
66.667
45.718
65.17
69.745
63.714
60.946
58.304
61.605
58.745
74.099
51.255
68.584
62.357
55.705
68.055
58.369
55.337
59.874
64.901
59.859
62.509
56.845
59.663
65.342
64.759
62.032
60.446
58.184
55.249
64.937
64.874
58.937
68.143
62.623
72.066
68.505
59.816
64.143
64.739
55.049
62.33
62.73
59.903
59.12
63.796
53.156
54.814
60.213
59.395
54.302
60.83
49.93
55.956
65.672
66.882
56.565
65.751
60.929
55.289
54.513
47.497
53.479
66.408
59.744
62.831
63.557
60.907
56.751
68.318
50.914
54.149
55.806
63.847
60.028
63.267
64.093
64.907
63.191
53.114
63.511
62.392
59.348
66.079
63.617
57.633
64.032
63.871
56.04
65.704
59.448
51.269
68.179
59.009
58.571
67.315
63.774
62.385
64.658
61.281
65.309
66.642
53.199
56.263
63.023
62.58
56.633
65.666
60.2
62.153
60.44
64.443
66.107
57.103
56.011
67.645
62.634
56.916
66.039
62.713
62.668
70.058
52.334
53.001
67.473
68.925
54.676
63.215
56.534
58.657
70.519
63.873
63.947
65.33
57.715
59.051
63.753
64.154
61.613
65.552
64.907
57.52
58.914
57.123
66.402
67.232
58.179
62.34
53.357
64.74
59.425
65.747
65.36
60.338
60.591
68.781
68.569
57.902
56.176
59.549
59.733
62.589
60.381
62.375
64.123
74.403
59.091
70.899
55.021
61.783
52.048
65.418
42.668
59.413
60.27
66.136
62.473
68.211
58.268
58.948
61.588
38.76
59.023
50.831
63.557
71.738
60.571
53.737
64.066
64.774
60.383
64.147
65.153
58.538
50.238
68.429
65.08
56.259
68.349
64.896
61.447
65.371
66.881
55.824
57.924
66.549
60.672
66.572
61.256
59.817
63.401
62.891
62.339
59.789
64.286
58.327
63.866
62.331
53.662
64.586
60.295
65.677
57.969
61.631
58.481
61.143
64.574
64.357
59.592
59.632
61.809
62.517
60.368
62.906
64.382
63.231
65.396
65.082
61.56
59.558
61.809
63.484
62.335
62.482
60.23
72.211
63.61
52.975
63.094
58.913
59.42
59.249
56.813
60.128
55.571
64.448
66.471
64.567
58.96
64.27
63.963
61.517
52.183
49.33
59.944
65.105
63.374
64.6
69.151
68.741
67.63
65.211
52.195
64.58
55.362
65.912
61.404
67.647
63.301
66.452
67.865
63.675
62.279
69.986
63.432
66.04
63.15
57.379
63.833
65.217
65.728
59.748
67.513
57.528
60.196
62.032
68.816
62.227
69.837
65.376
58.953
66.667
65.706
59.944
60.759
58.845
65.464
60.554
59.986
64.009
62.367
59.552
65.351
59.7
64.368
60.993
68.573
59.543
71.132
61.614
63.229
67.384
64.424
64.245
54.052
61.925
63.254
69.317
69.587
67.81
54.332
61.823
62.725
70.617
61.993
61.804
57.204
60.185
64.133
60.719
66.163
67.212
60.5
66.329
61.555
61.376
62.806
62.473
50.414
58.894
59.942
64.26
61.758
64.701
64.792
59.238
65.303
61.614
64.011
68.182
54.451
65.947
63.165
68.414
66.855
63.248
66.41
59.613
63.591
60.307
60.257
66.216
59.072
62.702
45.97
66.173
57.722
63.322
67.883
62.841
62.202
59.534
46.402
49.017
64.391
53.894
63.173
62.331
59.9
63.207
60.183
64.812
68.754
63.206
