11.411
10.648
10.731
16.89
13.271
9.037
12.169
12.4
12.769
9.319
11.022
9.654
11.761
14.437
8.522
8.983
15.426
12.927
13.401
15.684
13.099
9.671
15.619
13.77
12.339
12.416
8.22
13.584
14.633
10.683
12.5
11.096
8.884
15.61
16.802
17.08
13.409
11.611
11.905
11.304
11.327
10.858
10.753
13.584
11.096
10.667
10.053
16.541
14.866
14.563
18.439
15.819
13.09
16.008
16.327
16.506
15.176
14.197
15.736
15.395
19.456
11.005
10.907
13.927
13.37
12.621
14.789
15.706
14.799
16.069
14.454
12.31
14.46
16.824
15.547
12.858
19.867
20.584
21.733
25.117
16.489
11.276
13.188
15.385
11.269
10.442
11.059
9.304
9.212
9.96
10.067
10.872
9.511
13.575
9.566
11.575
11.141
13.387
18.396
17.964
17.821
20.71
12.752
10.75
11.089
11.26
8.535
9.152
8.444
12.375
11.697
11.209
14.508
15.317
10.886
9.772
13.09
10.526
8.573
10.133
10.587
8.919
10.693
15.323
11.785
12.836
6.922
9.502
6.447
8.04
6.862
8.245
7.744
10.175
9.697
12.417
10.655
11.925
10.572
9.097
10.282
9.356
11.237
16.769
15.779
17.421
15.147
12.829
10.203
14.678
13.969
13.506
12.86
16.475
10.1
10.977
9.492
11.8
13.415
12.607
11.156
13.66
15.338
20.393
11.769
10.61
8.579
12.633
11.104
10.081
11.911
10.849
12.558
12.542
11.417
11.326
12.103
10.382
12.467
10.635
11.126
13.56
10.962
16.024
13.137
15.044
13.902
12.953
12.391
13.226
13.997
10.842
16.075
14.046
12.083
14.56
12.424
15.441
14.055
15.973
15.047
6.18
8.519
9.613
7.829
9.103
4.596
6.79
6.201
8.653
5.662
4.486
8.596
6.649
7.393
5.494
6.377
7.105
8.366
6.742
9.007
8.079
5.065
7.815
11.274
6.908
8.213
4.557
5.595
6.576
9.146
5.817
7.311
7.339
8.405
7.829
6.496
6.414
5.191
7.063
4.919
6.128
5.267
7.723
11.656
6.405
4.161
3.551
5.402
4.743
5
7.607
8.426
7.283
9.299
11.068
6.004
5.975
4.507
4.459
6.689
6.007
3.914
5.563
7.237
4.331
7.682
4.859
4.513
5.84
5.548
4.602
4.071
7.152
9.769
9.953
8.154
7.013
6.189
7.261
5.219
8.163
5.545
6.576
10.46
4.888
4.099
5.909
4.83
7.086
7.637
4.371
4.319
7.556
7.908
6.045
7.908
8.367
7.053
8.05
7.152
6.16
6.266
7.02
7.364
5.806
6.069
5.669
9.229
4.031
7.987
6.684
5.016
6.867
11.922
6.25
5.013
5.318
5.541
3.728
5.593
3.525
7.143
9.445
12.182
8.812
7.82
5.782
4.554
6.473
3.192
3.342
4.356
6.393
10.703
6.275
5.479
5.483
9.793
7.647
3.783
5.991
6.68
6.262
11.192
10.908
7.713
8.512
4.385
4.551
6.037
5.948
7.317
9.001
7.51
4.433
6.209
3.987
3.251
7.617
6.715
6.545
5.339
5.909
9.259
8.564
5.253
4.088
5.487
8.074
5.677
3.725
7.738
7.571
12.174
6.093
4.753
6.649
5.725
8.687
4.934
5.577
6.057
9.707
8.178
7.362
6.601
9.079
7.864
5.374
4.724
5.848
8.06
5.974
6.443
5.955
5.825
5.643
6.58
5.836
5.222
7.824
7.335
6.789
5.246
12.377
4.61
3.125
7.839
6.323
6.847
6.818
5.163
6.12
6.023
7.608
5.426
5.25
7.018
5.986
7.162
7.652
5.256
6.454
7.814
10.329
8.122
5.085
4.059
5.556
7.148
6.619
6.332
5.722
4.634
6.767
5.095
4.302
11.663
3.776
5.527
3.74
3.995
4.824
6.928
7.336
4.091
2.708
4.218
5.829
3.886
5.566
6.355
4.864
3.984
7.938
3.68
5.497
4.379
3.305
7.42
5.66
5.975
4.339
4.961
5.53
4.243
4.183
3.929
6.755
5.574
4.599
4.566
5.606
5.462
11.332
9.726
5.411
5.886
7.018
5.632
5.27
6.885
4.008
7.354
10.007
4.66
6.234
5.737
5.4
6.433
6.11
4.439
4.925
5.898
7.898
5.855
7.632
7.429
5.384
5.187
4.023
4.11
6.405
5.274
8.076
4.407
4.034
4.896
5.291
5.545
6.91
6.667
6.368
7.961
9.974
6.238
5.963
7.351
3.824
4.99
4.997
5.068
7.961
8.849
10.512
6.689
6.583
3.394
6.176
7.245
3.188
3.821
5.863
5.519
6.469
4.265
5.967
8.893
10.147
5.349
5.308
7.9
6.373
6.483
8.745
6.736
7.223
5.432
3.618
4.453
6.771
5.307
6.693
6.858
7.059
5.556
6.021
5.297
5.53
7.446
4.164
4.537
4.393
4.43
10.593
5.993
4.678
3.663
6.983
7.541
3.974
4.322
6.464
9.697
8.481
5.137
6.744
5.566
5.515
4.712
6.035
6.365
6.667
6.969
8.65
4.974
6.426
6.221
5.049
5.65
3.947
7.799
4.51
4.84
7.344
4.824
5.267
5.049
6.536
5.284
5.475
7.138
39.16
39.326
42.857
45.512
46.737
40.453
41.99
43.861
40.844
35.145
23.598
29.875
35.401
39.424
34.282
36.476
36.587
40.373
41.696
41.59
41.277
34.01
36.453
43.065
37.024
36.408
35.848
35.245
39.901
35.978
36.286
40.71
34.209
31.758
33.823
37.675
39.167
36.831
34.088
36.039
35.784
31.027
45.329
52.14
51.981
43.542
38.364
37.562
41.649
40.502
41.897
44.286
37.34
38.128
42.411
42.057
43.454
44.301
35.894
42.837
44.421
44.325
44.063
53.371
42.867
44.288
42.999
44.975
46.5
45.115
47.835
49.641
42.403
43.781
51.055
47.696
41.953
36.457
33.357
31.505
36.133
37.696
36.949
46.548
36.215
29.972
31.748
29.196
28.393
20.978
31.884
31.246
27.355
38.681
36.415
35.921
35.479
34.157
33.874
40.299
36.742
33.729
40.1
40.311
45.448
43.639
40.645
41.967
41.172
36.983
33.683
36.56
37.024
44.437
36.136
31.509
32.759
34.945
27.857
31.246
30.864
34.3
35.472
41.16
37.177
36.325
34.954
27.197
28.542
25.523
24.364
26.29
36.897
42.441
42.758
42.927
37.579
34.102
38.842
32.18
33.57
35.864
29.65
40.79
39.597
39.704
44.126
37.36
36.454
34.485
34.473
36.498
34.882
37.129
37.362
35.729
31.198
34.418
38.95
40.723
38.707
39.434
42.997
42.146
40.466
35.049
30.592
32.365
36.96
37.001
31.796
35.269
41.231
42.986
40.126
35.88
38.794
38.889
34.82
32.09
37.393
37.313
37.859
38.235
41.201
35.032
40.071
37.465
36.524
42.787
48.307
47.989
42.539
50.732
47.046
44.006
38.488
36.396
40.415
37.724
41.821
46.071
43.873
45.073
44.444
45.98
27.755
44.592
43.222
48.829
48.669
47.313
43.581
44.028
42.256
35.813
37.204
41.389
45.139
45.109
46.122
46.191
39.273
50.069
47.427
46.471
46.389
40.789
46.819
48.166
50.494
42.029
51.496
43.379
36.868
50.311
49.543
54.73
45.825
45.068
43.707
48.224
50.308
47.304
41.817
44.14
40.934
37.141
42.58
48.383
47.519
54.514
46.997
36.206
42.976
45.007
46.813
43.579
42.273
42.149
51.496
47.121
43.384
42.418
39.599
45.128
47.461
46.762
50.355
46.699
44.429
39.029
36.722
35.831
45.505
52.381
51.108
51.429
43.59
50.845
45.32
51.778
47.158
46.521
50.212
49.042
49.081
48.622
48.495
48.431
32.666
44.547
46.366
39.124
32.242
52.211
53.65
55.556
49.429
48.96
51.062
43.711
40.899
49.722
37.827
35.869
34.926
37.116
41.036
42.688
53.003
40.603
42.663
52.266
55.719
45.795
46.393
51.577
52.059
41.661
46.014
49.55
50.634
55.148
50.986
54.392
56.528
54.714
58.678
53.16
50.73
47.197
51.332
51.928
51.875
43.439
50
53.282
53.965
54.765
43.658
45.877
46.814
44.969
50.312
52.853
47.535
46.368
38.499
36.119
40.242
41.312
48.288
43.737
41.883
39.263
44.233
40.69
35.502
48.777
43.118
38.681
42.316
44.585
48.521
43.816
45.461
45.564
47.447
51.901
45.159
43.417
50.417
56.86
42.857
46.305
46.014
50.282
43.287
50.144
43.308
51.779
56.892
49.364
49.579
47.832
49.157
47.539
49.168
39.043
43.355
43.303
32.353
34.557
37.639
41.47
38.531
39.566
46.926
46.067
45.746
47.265
