25.183
19.022
24.085
14.832
35.516
27.401
17.683
13.773
32.209
35.781
22.847
22.742
26.176
20.697
18.733
45.263
24.428
24.131
28.458
19.761
19.37
33.311
17.542
21.351
34.171
19.489
21.881
19.629
21.222
17.779
21.669
19.96
35.325
39.802
19.893
20.975
20.628
21.932
27.415
10.37
22.096
23.391
31.312
22.326
18.729
23.376
21.155
31.572
18.876
33.378
21.543
32.515
20.494
19.826
32.672
21.291
13.725
16.213
22.2
21.976
27.054
26.256
24.503
25.488
20.594
19.767
19.102
30.234
26.127
18.273
35.076
25.726
28.742
18.573
20.416
17.559
23.514
22.096
28.871
9.844
41.568
23.329
12.435
16.176
24.85
39.829
17.725
14.608
14.371
41.904
35.137
14.2
19.57
17.354
26.17
34.104
16.689
16.844
25.269
30.642
28.438
20.188
25.783
32.852
16.321
15.711
34.694
29.61
22.282
33.681
19.466
38.302
16.855
14.004
18.164
25.253
19.605
12.759
17.278
21.622
40.25
20.278
34.731
24.655
26.003
23.721
19.095
24.258
31.489
30.386
27.869
14.923
18.078
19.601
20.435
17.968
23.502
23.604
22.318
15.835
27.495
46.271
32.633
19.575
19.157
16.823
24.552
31.997
10.624
17.565
22.712
33.465
24.7
17.845
23.215
23.709
18.903
14.439
10.509
18.917
35.561
34.352
44.386
19.599
24.688
47.449
41.277
15.733
24.918
14.524
22.904
22.259
21.101
19.272
23.781
32.96
21.357
22.354
18.729
25.049
32.798
33.509
22.113
41.091
24.471
40.862
21.875
20.188
19.42
22.005
22.842
23.957
16.267
14.857
17.778
33.903
29.309
18.637
15.984
38.915
9.204
39.059
19.987
14.22
31.68
21.25
13.818
15.28
13.544
14.773
30.046
14.23
10.354
18.502
13.39
12.303
15.506
18.29
15.516
15.299
21.645
33.134
14.417
28.411
26.45
17.196
14.295
17.701
13.832
33.378
15.59
18.54
15.026
11.449
13.986
18.526
14.219
18.188
24.751
21.889
15.973
40.969
22.17
11.944
15.446
16.074
13.51
17.253
14.058
20.198
13.777
11.875
16.048
13.121
15.693
16.253
31.374
17.474
37.443
23.309
15.103
12.135
12.483
10.308
16.734
15.554
17.278
14.626
18.242
13.465
12.508
10.329
14.726
21.604
35.525
39.122
27.395
16.432
13.439
5.433
15.226
18.091
16.354
11.389
19.519
19.402
16.59
10.578
8.377
16.379
16.744
12.368
44.98
28.299
35.609
13.856
10.883
10.204
18.098
21.48
19.402
16.05
21.123
17.351
10.295
10.495
15.751
19.499
23.844
31.028
18.576
32.525
30.087
12.714
9.527
18.037
15.633
13.883
12.427
14.798
15.923
18.531
11.34
8.229
18.176
19.724
22.638
27.862
27.146
19.095
23.062
28.468
10.914
16.678
16.209
13.474
14.97
16.888
24.244
15.059
9.595
13.852
16.413
17.12
21.5
23.728
17.635
18.388
41.716
11.68
33.268
26.566
16.335
11.769
18.024
20.08
14.172
13.075
6.883
13.49
16.332
19.035
10.363
13.664
18.437
14.551
9.031
23.097
21.123
22.64
34.78
27.984
23.353
15.288
16.789
13.802
11.141
16.756
31.505
18.62
19.073
16.622
17.48
16.445
18.56
18.588
17.537
15.585
15
14.257
40.19
31.067
13.32
11.687
11.672
16.284
27.696
19.372
12.657
15.96
24.488
12.267
22.814
19.272
20.791
24.238
26.559
35.077
18.603
18.081
18.881
21.314
18.775
26.302
20.508
33.065
26.68
24.683
22.863
17.45
18.274
15.084
23.061
31.561
20.892
25.806
25.217
28.198
23.651
18.176
23.632
33.576
23.598
27.545
17.678
18.145
25.488
17.79
24.512
27.413
45.128
23.165
21.809
22.546
30.02
20.604
20.322
28.104
27.833
31.494
22.745
19.908
18.266
18.946
17.013
23.362
29.737
30.641
11.01
17.988
21.722
23.762
27.588
17.099
29.128
26.846
27.389
28.005
19.72
22.746
19.067
18.091
30.51
21.007
32.155
23.518
17.925
21.112
21.49
33.028
25.276
18.75
22.077
19.574
26.368
24.166
23.64
21.467
33.576
15.334
19.788
21.462
31.683
20.954
17.518
21.247
18.2
36.388
26.445
20.884
25.955
23.447
31.878
20.325
25
30.401
16.378
20.889
24.984
25.648
29.94
14.025
22.533
25.463
27.637
28.281
23.612
23.181
15.547
21.693
24.966
21.736
29.353
29.322
12.901
21.881
26.146
22.429
22.289
29.521
27.195
32.566
16.211
26.365
22.544
21.049
18.452
21.678
38.852
22.594
31.375
22.252
18.128
19.919
23.965
21.883
14.163
22.733
19.645
21.281
42.29
25.301
29.755
20.251
18.194
24.51
30.172
30.989
19.124
24.772
18.568
23.225
23.25
15.461
17.124
25.116
27.328
22.985
24.785
32.093
33.114
36.149
22.015
21.122
21.018
22.259
21.576
31.569
25.802
39.751
27.952
24.501
19.137
23.596
21.405
40.807
28.628
21.491
22.083
35.52
19.546
21.39
22.922
18.042
23.847
30.682
21.883
26.941
33
17.876
21.252
40.159
25.183
22.739
20.146
39.264
19.323
30.769
16.263
17.737
19.58
20.199
20.892
20.121
14.201
20.732
18
16.712
19.439
22.23
17.322
33.045
14.966
35.199
14.83
20.828
29.756
16.957
20.703
25.299
19.051
21.93
17.655
21.515
16.379
16.236
20.336
34.08
18.543
26.253
23.475
9.804
19.396
21.661
26.516
27.027
22.025
18.921
19.907
18.091
16.878
22.73
32.94
18.966
20.199
18.14
32.592
17.674
17.386
10.223
19.695
20.574
20.667
31.098
19.814
15.431
20.72
18.924
21.596
31.168
23.63
18.708
18.081
22.985
27.878
21.452
20.252
16.268
20.594
22.164
20.013
20.417
22.414
26.613
19.15
19.291
28.339
23.845
21.748
15.415
11.177
36.564
20.657
18.079
18.817
16.923
21.18
17.371
14.536
24.415
26.253
25.117
32.71
19.37
23.682
25.724
13.636
17.01
37.062
26.729
24.522
16.887
11.886
23.979
17.062
16.899
20.013
34.062
36.291
19.567
14.547
17.966
20.831
20.452
16.435
41.243
29.389
23.838
24.319
20.134
24.651
17.412
14.238
16.256
14.343
36.455
28.809
16.733
20.847
23.561
23.605
19.026
20.669
25.479
33.223
28.743
20.901
13.658
22.652
19.218
13.567
11.214
24.35
17.406
22.156
31.117
22.643
23.619
20.733
16.214
7.587
32.174
24.967
24.851
14.94
25.653
34.016
21.077
12.591
14.238
24.967
19.465
17.287
22.067
32.114
30.135
21.038
19.13
20.52
31.421
35.804
23.813
20.676
19.159
35.208
28.181
13.066
15.648
21.472
25.826
18.418
18.971
19.693
25.83
19.841
30.83
16.667
33.966
25.753
20.853
15.821
21.025
11.742
17.84
22.767
26.957
20.646
30.671
23.565
21.332
16.905
28.733
23.992
24.864
42.269
29.706
25.366
23.529
31.212
27.748
22.88
23.714
34.882
30.081
24.797
20.683
27.199
19.01
23.498
25.874
37.002
30.182
22.968
24.591
24.392
33.6
20.04
38.945
28.766
39.773
20.936
23.979
22.517
27.273
28.571
24.916
23.295
38.863
29.265
20.664
26.408
24.899
29.242
21.351
35.376
35.45
31.25
20.121
23.072
20.91
23.178
36.07
26.765
24.56
29.459
33.221
19.506
26.8
24.449
27.96
23.979
32.265
37.858
40.256
23.755
28.167
23.867
26.738
22.126
38.749
30.432
19.439
25.646
25.433
30.55
15.55
22.776
27.554
30.027
35.144
20.294
37.619
23.912
27.255
19.692
25.83
21.915
27.225
37.483
20.294
39.746
30.145
28
25.232
27.682
28.027
29.467
36.722
35.57
28.104
29.388
27.667
21.06
16.623
23.758
22.372
43.986
33.893
31.037
22.896
15.239
24.313
21.765
25.882
26.178
40.528
31.258
30.148
28.257
28.696
27.273
25.951
19.409
20.898
37.277
22.863
36.284
31.519
21.212
26.231
27.155
26.685
29.273
40.191
33.913
27.058
28.81
26.263
19.664
28.687
28.942
31.371
18.426
26.689
22.207
29.98
32.681
28.956
27.796
27.981
37.727
18.848
30.759
26.137
27.885
14.832
26.238
29.874
32.659
30.458
30.414
28.571
18.336
22.678
26.028
29.147
39.77
29.724
28.811
33.265
26.55
22.962
29.587
26.982
27.254
28.947
34.571
33.802
29.57
25.549
26.461
25.866
25.516
24.418
30.351
38.082
31.146
32.635
26.101
24.09
25.864
21.269
28.067
25.542
23.369
