10.059
7.963
7.033
9.508
9.414
16.386
11.73
41.46
12.795
12.402
8.099
6.124
7.857
9.199
8.742
15.253
9.823
6.856
14.08
8.404
11.416
11.331
9.211
6.796
10.537
10.417
9.743
17.717
9.235
15.824
32.742
10.185
8.727
11.561
9.508
9.514
6.546
11.564
8.158
11.852
12.888
11.383
9.001
10.299
11.538
10.224
12.368
6.942
20.817
9.707
19.892
15.092
21.546
9.974
9.253
7.955
10.62
8.245
12.664
9.822
12.36
8.279
9.15
8.959
11.061
12.351
10.309
7.963
12.176
10.194
11.554
21.929
9.729
11.434
18.962
16.223
8.69
17.502
10.245
10.92
7.071
7.707
7.588
14.812
12.252
10.821
8.676
9.103
12.634
11.657
11.483
9.467
8.656
10.178
10.429
19.085
8.201
12.434
17.768
12.043
19.828
19.632
9.33
8.59
11.812
8.399
13.564
11.279
13.521
7.175
9.935
10.82
12.73
8.458
7.115
6.177
11.037
11.148
22.156
9.121
9.026
8.306
10.898
12.845
13.975
12.117
11.827
18.35
10.27
10.099
11.308
13.193
10.914
7.976
13.894
8.618
9.533
13.408
13.132
8.453
11.506
11.944
20.852
12.793
6.156
10.385
6.509
24.373
9.139
19.456
20.789
9.324
9.662
11.134
10.013
9.954
6.029
9.948
10.609
13.125
11.495
13.672
9.824
10.418
7.573
5.906
11.807
20.751
9.961
5.981
13.775
7.834
14.456
27.35
13.032
13.151
16.425
12.125
10.327
10.616
11.008
12.095
11.478
8.103
12.317
9.881
13.267
12.205
9.18
8.577
8.377
11.016
8.119
9.026
8.587
11.163
23.479
10.02
12.608
12.289
9.43
20.467
15.258
12.151
28.024
15.245
9.718
20.08
23.188
20.765
23.36
21.935
12.032
12.707
16.409
16.452
16.178
21.883
26.139
15.22
11.03
20.293
19.668
17.807
9.389
29.821
20.026
18.947
29.505
18.254
18.531
20.199
22.955
18.921
19.395
12.783
21.833
17.394
25.804
16.355
22.798
23.549
19.494
26.571
19.016
21.987
22.954
27.997
13.918
22.778
17.495
21.65
21.311
17.124
15.462
28.082
23.923
22.244
15.894
21.298
13.029
25.972
13.132
20.993
14.286
19.185
23.199
26.021
13.684
22.393
10.41
24.917
21.429
18.26
22.682
30
28.042
11.877
13.633
18.494
18.267
20.579
27.345
13.272
20.516
22.829
30.893
15.38
13.938
23.63
18.056
21.242
17.507
16.352
16.623
26.424
34.904
16.067
23.102
17.852
21.452
21.693
30.267
18.2
15.768
19.96
27.873
22.067
20.362
20.333
15.491
14.723
20.241
21.883
14.109
13.846
24.753
31.537
20.494
21.85
21.267
16.144
23.463
16.9
14.834
16.401
13.084
24.7
25.414
16.967
18.968
18.2
22.912
24.234
17.824
20.185
17.181
36.232
27.804
20.121
13.865
18.278
24.582
29.737
21.084
11.467
19.086
24.82
23.74
14.842
18.079
19.64
16.456
19.374
23.087
21.063
16.768
27.507
29.835
15.953
18.414
22.758
24.136
18.729
23.226
13.907
11.332
20.352
20.741
29.189
8.382
22.655
17.443
21.162
22.065
20.392
13.887
19.155
14.983
24.152
22.371
23.189
19.368
21.881
13.845
22.311
27.09
22.77
13.078
12.933
11.823
16.634
22.914
18.684
17.592
29.83
20.238
22.067
14.456
22.733
21.693
26.609
24.254
26.567
16.982
15.079
19.016
31.593
16.799
18.455
20.395
20.092
16.965
14.623
18.055
17.616
18.405
16.383
16.195
21.097
18.021
10.605
21.032
30.204
28.552
22.899
17.763
21.759
16.733
20.939
26.512
19.391
23.748
25.98
17.143
16.152
17.805
27.381
14.481
19.296
25.433
25.099
22.134
25.298
24.817
24.983
20.842
18.829
24.008
22.688
26.959
24.802
22.632
18.098
18.242
20.852
17.93
17.508
28.082
20.946
21.71
15.824
14.407
28.042
20.182
23.016
26.706
19.032
19.102
26.453
20.41
14.744
22.727
22.385
20.639
20.664
20.107
24.733
22.222
20.839
19.811
20.628
16.064
12.032
26.457
23.506
22.706
18.792
30.591
22.955
24.458
28.179
17.107
20.747
15.838
18.901
19.48
21.424
28.175
23.514
16.18
22.12
21.014
25.248
26.309
25.281
20.747
26.451
22.409
20.389
23.976
16.688
18.87
20.461
18.887
17.253
25.354
23.876
21.23
22.655
20.941
21.168
16.2
17.328
15.256
10.41
19.973
32.517
18.024
29.427
18.614
19.933
19.567
22.304
18.717
28.524
23.608
25.691
17.328
21.589
23.356
22.193
22.576
20.212
23.707
23.8
25.407
20.094
25.349
22.454
17.473
16.362
26.305
15.835
21.663
22.425
26.623
19.879
27.224
17.795
17.947
20.24
21.262
25.233
22.421
19.814
14.183
27.321
21.788
19.333
25.234
20.395
23.195
23.541
22.457
17.879
16.954
27.421
23.25
24.561
19.415
18.375
23.432
23.541
20.683
16.533
22.244
18.873
18.43
10.144
17.996
32.22
20.373
20.683
22.769
27.913
20.093
23.062
19.095
16.799
23.663
17.169
22.868
12.666
14.837
10.399
11.257
19.605
5.318
11.984
16.071
17.072
13.338
20.17
10.584
10.516
9.587
10.752
13.386
9.489
6.697
12.055
6.047
10.139
11.968
12.075
7.059
19
11.554
8.739
19.842
11.487
10.02
22.485
11.651
14.645
13.702
9.934
11.457
5.986
10.693
10.568
13.488
14.439
13.566
9.612
11.66
22.99
10.558
13.342
7.536
23.565
10.987
11.327
10.595
11.22
30.144
13.281
9.091
12.119
9.656
12.383
12.37
11.819
6.013
8.268
10.171
10.726
21.2
10.855
8.568
13.77
5.509
22.347
12.359
11.126
12.659
20.146
12.262
6.793
7.575
9.761
20.545
8.976
9.217
8.011
11.769
15.127
12.137
17.184
8.344
13.546
10.272
9.954
9.854
9.868
17.054
14.019
16.367
12.741
15.023
11.147
12.715
11.617
10.067
11.569
9.079
18.883
12.249
15.491
20.745
14.758
7.778
8.778
10.63
13.937
9.144
8.793
8.371
21.348
20.895
20.899
10.852
8.482
8.481
8.185
7.282
10.809
6.939
10.498
8.812
10.89
23.01
14.987
19.177
11.536
8.592
12.252
10.74
9.98
12.931
10.864
12.05
29.377
16.733
10.589
12.749
6.5
10.672
10.735
17.485
9.763
9.596
11.126
23.046
23.553
14.484
10.677
11.687
7.129
10.258
8.852
20.331
11.383
12.922
29.011
18.737
7.632
7.007
12
13.761
8.841
6.125
12.985
9.085
13.972
13.24
21.102
25.234
10.589
8.173
10.08
9.775
10.299
7.129
14.737
8.59
13.459
11.478
22.84
11.549
8.778
15.4
9.656
12.634
9.68
9.53
9.373
12.85
12.045
10.547
23.596
24.52
9.549
19.172
20.437
10.059
11.544
34.615
15.876
18.521
15.842
19.18
16.178
16.801
7.013
19.603
13.718
16.253
14.295
20.212
8.339
13.342
11.067
16.956
14.211
9.934
15.431
13.19
25.084
11.392
25.865
10.65
26.386
18.279
14.486
11.737
11.177
26.702
14.143
8.207
15.322
12.35
19.621
16.273
23.056
12.802
17.153
25.404
14.83
23.863
13.329
15.885
16.127
18.813
12.977
13.676
26.049
12.314
12.684
13.026
16.229
17.322
13.055
8.537
11.411
7.303
21.976
32.038
19.893
18.608
15.877
17.949
14.001
14.315
14.171
17.919
15.509
12.609
9.151
10.177
22.954
20.298
18.377
12.651
8.937
12.667
22.185
23.467
12.983
8.693
17.034
18.103
27.063
21.733
17.181
9.121
25.867
14.608
13.749
14.765
15.323
13.154
17.091
25.37
12.884
13.078
25.166
13.392
13.835
16.834
17.631
15.952
6.472
15.944
28.808
22.547
16.567
11.587
10.331
18.261
17.304
16.133
14.059
13.752
20.839
27.522
9.269
28.056
9.804
13.876
13.213
16.354
15.535
13.45
16.734
11.69
24.145
22.752
15.293
27.785
18.89
13.733
13.061
18.231
16.511
17.076
13.43
35.353
19.363
11.869
19.921
24.478
15.435
10.026
12.817
18.774
22.7
14.513
28.477
11.827
13.364
22.773
23.545
20.969
15.089
14.089
11.561
12.161
14.388
29.439
27.613
11.536
10.698
17.928
18.622
19.193
14.6
24.867
11.827
15.8
13.738
13.127
29.887
12.41
14.125
13.064
15.716
18.025
26.823
18.516
7.896
19.621
17.158
17.086
25.426
16.997
14.02
12.616
18
14.681
17.522
18.266
13.298
14.465
