35.125
34.297
47.001
47.981
33.201
22.148
25.864
16.252
33.178
23.907
14.154
43.923
67.444
61.538
33.13
19.88
35.787
48.612
23.549
25.608
28.935
18.078
23.228
20.291
47.059
48.032
26.635
41.472
37.591
42.886
37.699
16.445
12.03
20
28.019
36.516
54.195
51.752
31.283
22.99
25.712
28.354
18.388
25.359
44.733
40.24
15.782
22.065
34.141
57.58
57.094
35.166
18.396
12.592
29.164
37.179
42.004
33.968
41.212
24.092
29.153
42.828
56.97
48.87
29.677
25.118
18.754
29.932
20.093
19.608
29.518
33.957
18.667
18.767
23.762
39.125
62.241
68.257
44.356
22.781
42.952
27.171
33.422
28.981
26.457
25.017
26.41
34.001
38.803
44.807
65.239
63.693
51.48
33.443
38.382
38.71
30.02
37.343
22.921
32.571
30.652
46.825
62.04
56.196
35.193
42.14
42.857
30.247
26.583
27.003
28.383
32.628
27.321
24.589
19.921
22.444
32.413
26.319
36.526
34.641
35.279
47.655
65.423
54.752
23.942
31.509
28.075
32.431
25.315
21.15
20.856
19.987
36.496
45.151
35.087
22.178
24.172
33.838
34.649
34.574
50
37.575
46.867
50.633
56.875
50
38.66
26.512
30.273
25.017
19.152
33.422
51.362
48.672
21.067
19.784
25.301
36.038
47.428
57.312
52.394
31.575
25.896
23.431
25.668
18.074
15.57
23.569
35.392
29.325
21.165
27.781
63.331
60.124
70.701
55.623
23.133
17.538
24.885
20.496
27.495
48.831
46.929
25.05
29.252
26.644
21.509
43.327
47.46
32.145
26.905
18.194
22.535
24.602
33.223
47.6
49.437
33.223
26.084
24.087
29.005
31.984
51.348
49.379
29.655
35.719
27.495
31.575
20.472
30.113
28.827
21.534
26.058
22.688
41.922
49.128
27.038
24.491
43.098
47.083
26.21
34.437
41.196
33.684
23.27
37.683
49.63
42.154
29.26
31.761
28.877
30.561
18.44
17.137
21.51
30.386
37.433
25.65
44.208
61.592
41.601
23.607
36.053
23.665
40.319
44.223
28.467
16.238
27.748
35.376
26.654
44.608
57.23
23.483
13.798
34.707
29.38
32.732
16.479
25.862
45.442
44.1
32.32
18.966
41.291
62.966
48.679
23.589
30.511
19.221
26.463
32.347
36.179
23.189
24.766
28.752
27.402
30.423
41.48
45.85
28.694
45.973
19.481
31.675
32.84
48.383
37.357
33.267
40.506
36.636
57.965
62.784
50.847
39.267
48.264
60.55
50.552
32.797
34.406
34.709
26.159
30.842
27.022
32.814
29.273
38.972
47.638
26.928
25.965
40.546
46.092
48.081
38.612
30.877
35.17
34.298
59.397
56.064
31.233
25.32
18.646
27.224
24.735
28.764
30.596
28.277
28.994
31.083
38.194
51.703
59.264
35.833
24.074
21.168
23.813
35.853
50.808
30.313
33.751
35.629
35.829
31.478
29.365
46.45
44.654
28.877
35.838
30.371
33.177
46.519
42.249
18.985
36.056
13.422
23.88
46.184
44.853
47.849
37.113
34.028
29.396
31.469
52.236
41.921
27.719
62.666
58.489
19.489
25.536
37.457
31.119
19.772
33.741
27.121
29.784
22.342
22.41
24.6
18.105
29.487
46.117
46.343
34.538
36.984
48.213
42.305
29.063
43.493
46.133
31.916
22.935
22.964
21.315
34.235
47.811
48.358
29.967
24.799
20.32
29.15
36.617
74.265
61.175
16.83
19.685
20.013
25.083
20.769
23.041
20.853
17.042
27.328
16.061
10.343
28.262
55.184
33.333
20.878
14.561
22.088
31.618
36.585
43.06
23.901
19.561
20.539
15.887
22.748
20.013
24.48
23.709
41.448
46.685
29.393
14.983
10.98
19.318
25.608
23.822
15.642
23.684
40.505
40.359
26.76
21.514
16.832
21.728
22.788
20.814
21.819
42.204
48.306
33.399
23.344
19.869
9.593
12.951
24.498
23.226
14.7
17.703
29.095
48.212
46.997
23.825
14.398
21.264
15.811
39.653
52.068
41.402
16.853
19.973
24.716
23.506
14.877
14.524
27.151
21.586
16.777
16.568
41.11
23.452
30.501
32.584
23.963
26.521
40.244
62.992
29.307
38.312
30.728
58.496
54.987
39.541
31.217
30.784
36.393
35.314
30.784
34.791
28.246
26.729
18.373
19.038
22.561
22.31
23.816
35.232
33.733
16.656
57.531
61.646
20.798
17.469
40.146
34.182
33.086
33.423
24.359
25.252
14.618
18.858
13.577
20.34
20.305
20
18.684
23.43
26.805
43.027
56.664
32.269
18.063
12.459
18.697
17.32
27.936
39.501
31.288
48.651
37.876
20.533
22.317
21.438
16.436
20.343
25.705
27.796
22.193
46.445
58.076
32.326
21.699
21.918
10.295
14.464
19.156
20.118
21.816
49.625
57.241
34.083
22.804
40.184
32.445
17.394
28.301
32.362
16.029
24.156
39.62
39.023
33.576
37.229
30.645
18.319
13.63
13.531
18.016
19.711
18.795
17.666
23.407
26.093
29.573
38.185
37.12
21.705
16.197
47.571
36.651
14.685
32.194
38.245
20.066
28.984
44.586
30.412
16.154
20.515
25.834
36.631
41.883
57.467
40.336
31.855
33.446
37.399
42.684
38.105
20.133
38.42
41.598
53.985
37.374
26.008
31.267
34.963
28.144
33.043
33.423
26.492
33.154
40.709
48.634
36.167
21.821
34.453
47.059
43.607
31.128
29.045
33.266
21.339
56.198
52.877
27.169
37.55
34.759
30.156
26.087
28.336
26.075
28.552
44.296
46.617
34.963
38.348
47.165
24
32.382
32.468
28.609
33.311
31.742
58.222
54.433
38.636
34.097
26.136
40.954
46.757
36.027
36.713
29.737
29.53
31.659
28.227
42.019
39.664
34.853
45.878
44.071
36.536
37.342
43.797
28.754
30.743
30.027
30.907
25.386
32.391
39.568
45.722
29.867
35.695
33.333
32.032
31.242
57.444
51.847
39.174
47.654
51.574
42.923
38.752
60.493
70.022
77.158
54.648
36.459
39.412
35.38
31.353
30.81
30.151
34.086
36.863
32.916
45.899
49.604
33.267
32.166
38.166
51.068
36.518
22.149
45.225
41.895
34.219
43.67
36.281
37.01
19.026
32.232
28.2
36.831
31.625
30.524
37.292
35.753
30.261
36.186
44.4
31.183
37.466
44.444
41.777
44.415
35.543
37.24
35.247
31.442
38.927
47.228
47.674
31.788
32.819
33.311
33.889
34.682
31.367
22.787
28.977
43.08
58.006
48.374
49.462
39.345
24.918
33.466
32.157
29.521
33.466
30.371
27.141
28.533
48.003
55.099
45.111
37.85
37.267
29.953
23.763
29.144
32.065
28.238
41.421
35.997
20.368
29.103
46.006
44.189
38.168
36.736
36.304
31.28
33.424
36.87
48.209
39.726
34.344
21.788
45.068
46.035
35.267
30.734
36.156
35.228
47.268
45.324
33.267
27.931
14.771
19.259
22.222
21.848
22.97
23.174
36.156
12.402
28.117
15.294
13.604
57.884
37.054
20.094
22.563
16.467
21.883
20.571
34.817
27.822
23.236
16.391
20.372
13.754
26.72
37.061
25.463
21.332
20.59
32.243
40.027
30.57
9.381
18.555
28.178
24.259
20.738
38.036
24.983
22.274
18.985
26.724
12.5
19.267
40.648
32.039
16.953
18.397
24.52
39.477
35.696
40.159
12.104
13.709
27.068
21.748
14.604
66.21
68.348
38.885
25.482
21.809
13.17
23.001
17.612
16.243
18.17
26.89
14.397
15.72
24.533
37.256
28.203
15.007
23.731
15.359
28.935
45.155
67.899
36.997
14.817
16.612
25.234
23.841
17.437
17.267
19.188
30.974
40.53
60
55.647
39.309
35.357
35.41
35.264
25.114
23.245
26.243
35.849
24.013
16.711
22.178
48.224
63.737
32.427
20.516
15.615
19.007
19.908
19.814
17.573
20.907
29.544
36.595
23.841
16.633
22.133
16.337
25.619
28.781
13.88
20.08
32.708
40.623
39.066
36.082
24.95
23.153
17.4
16.256
14.834
8.886
19.114
19.223
19.961
31.818
36.309
27.477
24.346
22.889
37.841
31.818
16.502
36.437
44.905
42.461
28.571
22.378
19.385
13.957
21.491
24.53
42.838
53.347
41.875
21.202
33.224
33.961
19.177
18.327
28.344
39.224
24.783
18.272
20.822
9.639
14.109
18.521
26.047
18.26
15.789
18.631
21.028
21.316
15.529
34.209
59.198
55.329
16.7
17.874
17.409
29.051
36.339
36.932
21.828
17.465
25.735
23.072
21.798
13.421
15.097
13.7
16.577
25.455
21.64
20.04
11.541
14.737
68.792
72.546
54.552
