14.974
16.745
17.38
25.864
13.142
15.25
20.968
17.485
14.798
15.685
24.649
20.107
24.063
23.775
21.842
14.382
15.07
15.762
19.613
16.112
18.946
22.148
16.578
23.619
17.179
12.141
20.554
11.654
17.706
14.99
19.333
19.52
16.968
8.251
9.121
17.139
23.128
16.254
11.86
10.773
25.151
24.518
17.836
12.032
16.43
17.172
15.933
16.411
20.16
23.88
23.529
12.392
14.706
16.711
17.45
14.323
12.215
13.907
18.007
38.426
15.121
11.706
14.745
26.609
15.251
13.066
14.467
15.39
16.534
22.583
20
18.504
25.083
17.253
11.556
16.745
15.127
12.918
26.121
19.118
15.502
26.574
14.629
12.908
25.658
15.117
14.152
23.701
16.61
17.214
15.007
15.673
15.349
20.306
10.136
26.04
24.305
17.31
12.062
15.8
13.386
13.413
15.92
26.239
15.303
21.31
26.645
17.781
13.24
13.512
14.41
18.586
20.132
12.826
16.035
23.762
22.948
22.104
19.906
10.467
15.364
17.004
11.126
14.161
26.13
25.735
30.925
12.467
16.332
13.383
12.131
14.793
13.83
14.46
17.482
14.83
28.373
12.071
13.271
12.113
16.344
23.288
11.804
14.686
16.256
25.787
30.243
22.812
16.107
13.369
15.911
10.568
16.399
13
14.513
16.391
16.003
28.268
16.489
12.709
15.184
15.608
16.622
22.775
16.689
12.854
27.309
36.46
16.402
14.483
6.718
10.719
14.238
19.22
15.776
13.802
16.211
15.694
31.579
15.584
14.314
14.314
18.309
16.947
16.8
22.951
26.854
22.2
42.095
15.415
12.367
13.597
20.159
20.803
17.663
18.966
17.522
14.021
31.893
10.23
9.321
21.733
11.163
12.641
9.941
11.421
14.873
12.016
9.94
10.08
14.151
20.899
12.077
12.168
11.162
15.516
14.086
8.704
19.325
18.545
15.604
9.796
11.753
13.588
12.985
9.527
13.865
8.945
13.163
9.49
10.027
11.001
12.525
10.458
13.109
11.318
22.244
11.554
29.139
6.861
12.061
9.618
12.762
7.535
13.098
14.675
12.666
11.796
9.289
10.838
11.279
11.472
7.27
12.85
13.316
20.825
17.803
11.447
13.807
21.362
19.868
8.728
10.484
12.351
11.536
11.947
8.899
12.73
10.789
11.575
14.381
13.924
12.083
11.434
10.707
21.485
10.464
16.195
13.072
18.543
18.272
20.494
10.831
9.967
12.083
12.21
11.155
8.65
10.903
14.257
11.651
11.706
9.993
13.999
18.884
10.993
9.426
11.769
13.112
19.828
10.23
17.801
12.169
22.776
13.005
8.411
14.323
11.902
10.728
9.933
11.734
13.298
14.637
18.013
17.198
14.69
12.929
12.466
21.85
7.536
11.318
17.769
21.288
10.943
19.869
14.398
10.224
11.404
13.392
11.389
7.545
9.438
9.511
12.434
22.355
11.892
12.176
11.853
11.508
9.474
18.354
11.045
7.85
10.06
21.835
15.117
8.279
10.526
21.745
12.893
14.785
7.974
10.499
9.753
10.06
24.901
9.788
10.08
12.961
10.04
15.8
18.73
12.821
8.99
12.2
12.73
9.848
19.761
10.25
9.267
6.58
7.516
16.493
17.706
12.075
8.25
10.832
23.635
11.792
12.147
9.574
12.69
24.559
12.365
12.832
10.85
11.214
15.129
10.3
12.542
20.565
9.18
15.971
16.097
19.538
23.245
14.426
23.657
12.26
10.013
6.998
15.062
17.299
16.021
13.724
21.06
18.841
17.933
18.618
22.259
23.522
19.853
18.451
15.328
15.8
13.742
23.092
15.307
18.762
18.662
14.684
20.366
16.449
22.2
18.972
19.359
20.171
19.671
21.794
18.297
12.574
15.251
15.971
19.054
8.208
27.195
16.125
17.282
14.38
14.333
9.703
14.505
23.425
19.01
22.464
17.588
18.575
17.458
17.515
17.081
13.984
15.186
22.47
15.282
16.509
20.99
23.662
14.361
13.377
19.894
14.904
28.422
18.597
15.817
15.277
16.986
13.848
14.684
16.976
23.444
27.464
19.708
18.738
17.406
14.468
12.135
17.164
25.661
19.01
21.315
18.102
23.891
14.651
15.02
11.482
15.447
15.277
18.662
22.458
23.992
17.45
17.225
15.313
13.087
18.109
8.241
19.6
20.651
20.521
18.712
16.967
21.495
11.052
16.745
16.7
19.638
19.867
17.221
15.113
19.348
20.878
14.439
17.377
17.816
23.234
17.706
16.846
17.954
16.467
15.706
20.12
23.79
19.63
25.231
13.645
15.441
13.839
14.314
14.21
17.122
23.803
15.471
14.593
26.167
16.733
17.733
15.431
17.819
15.862
15.132
13.909
14.943
21.852
30.478
21.995
16.521
17.068
12.36
13.591
18.901
12.826
18.303
23.618
24.385
16.232
16.077
16.7
11.989
15.113
15.023
13.218
24.567
19.761
14.755
21.825
15.678
24.208
15.723
12.21
14.409
12.625
5.993
23.062
12.727
17.508
15.369
24.735
15.602
16.891
14.822
14.152
13.147
28.476
17.522
15.101
18.38
23.526
16.285
19.456
11.706
25.435
15.584
24.587
18.573
16.218
16.734
17.225
25.133
18.122
15.463
16.711
20.196
17.52
12.807
16.342
15.137
22.919
12.333
15.677
17.718
14.314
13.992
14.636
18.509
17.864
12.834
25.2
17.944
18.2
16.877
9.181
15.831
15.216
16.309
14.559
22.874
16.756
17.336
12.624
16.999
12.097
16.846
10.738
25.249
22.105
14.402
14.033
9.59
16.222
16.433
13.422
12.483
10.322
12.725
14.476
25.989
13.798
17.271
17.619
16.344
12.159
22.615
11.456
23.596
10.454
15.906
16.554
16.256
12.45
12.086
14.639
18.921
14.389
12.341
11.944
17.784
21.977
13.779
10.797
26.266
15.103
21.553
15.585
17.23
17.111
15.684
13.588
13.696
17.301
15.814
11.118
16.356
19.389
14.544
14.887
12.575
21.67
28.034
14.104
21.329
14.314
15.108
17.301
17.08
13.382
15.723
18.274
8.182
18.908
13.551
12.901
13.533
16.274
9.881
10.705
23.333
18.333
25.05
23.952
16.299
16.522
14.133
16.157
16.722
17.76
23.046
12.153
19.758
16.778
15.924
12.123
12.584
11.421
23.215
21.557
11.733
17.472
22.587
23.611
16.056
15.147
15.107
12.701
14.248
14.391
12.184
15.709
14.949
16
15.04
12.725
14.714
17.962
20.614
9.843
13.369
16.755
27.243
14.861
12.798
25.133
14.536
14.81
17.124
9.894
13.943
11.163
14.266
19.383
12.699
13.691
17.126
24.934
13.214
14.601
14.506
11.784
18.496
11.331
26.658
12.841
14.749
16.522
13.195
13.412
14.276
16.981
13.503
12.244
15.598
16.306
18.115
22.84
13.462
16.811
18.555
16.645
16.879
11.523
16.093
19.694
16.863
21.785
16.093
14.694
25.318
21.262
16.444
16.204
15.421
14.97
26.205
10.199
12.284
17.359
22.288
29.064
20.516
25.946
19.413
22.304
22.399
19.057
19.177
23.926
25.525
26.737
21.485
19.616
28.486
22.045
16.435
23.831
24.069
31.659
22.441
26.653
22.363
25.392
15.385
23.667
17.706
21.381
24.771
18.883
22.754
16.579
14.785
16.161
23.397
24.55
18.959
25.183
26.447
20.97
21.136
23.813
26.498
22.553
23.976
25.581
24.293
20.969
16.622
22.371
14.078
24.669
25.804
22.616
19.53
23.962
22.373
27.261
17.52
17.635
24.58
25.636
22.289
27.249
24.202
20.6
18.231
17.907
22.358
21.777
23.19
19.259
23.803
25.334
20.95
20.257
12.658
22.424
24.548
20.727
19.62
25.32
30.35
21.481
28.524
16.844
19.051
22.849
23.752
20.533
26.747
25.033
24.2
11.197
18.585
22.969
17.403
22.373
18.948
14.219
30.81
19.333
20.437
28.05
20.353
21.353
31.028
18.048
20.229
32.069
21.198
23.909
17.225
25.319
20.825
24.232
20.027
26.49
21.462
20.053
23.416
14.257
19.003
24.206
22.721
20.648
17.255
33.225
29.164
20.455
17.706
17.443
20.828
21.595
19.626
19.734
18.496
29.657
15.8
21.791
12.15
19.089
21.232
24.83
18.158
27.508
17.406
24.866
28.949
18.837
14.036
23.443
25.45
20.326
19.732
18.273
21.634
28.744
30.321
18.626
22.007
17.223
19.62
23.679
16.5
19.907
19.241
31.867
28.685
6.533
16.08
20.228
22.874
18.948
26.5
19.741
21.289
18.384
27.655
25.923
19.729
21.792
22.607
20.542
15.598
20.244
21.715
14.512
32.48
27.55
23.275
22.524
21.189
21.395
21.505
20.284
29.712
26.235
23.873
18.809
