37.344
39.419
41.306
37.542
34.006
34.666
34.592
35.933
35.545
37.208
35.524
38.118
34.765
33.657
34.935
36.077
35.883
38.138
34.969
34.16
35.975
37.543
35.322
36.994
34.578
34.652
33.448
36.564
34.25
35.612
38.187
36.283
35.422
32.801
36.605
34.278
36.296
37.108
33.15
38.608
35.374
35.646
35.635
37.258
34.24
36.482
38.037
32.722
36.507
38.415
34.151
39.222
33.875
36.582
34.955
35.221
35.818
36.482
34.642
36.08
34.485
35.372
38.105
35.403
35.269
37.218
36.345
34.312
35.829
36.567
31.546
41.408
31.326
34.177
37.282
34.136
42.068
35.905
31.873
35.411
36.704
33.006
30.807
27.704
37.31
37.807
27.349
34.862
19.418
34.664
34.861
30.469
38.838
32.928
36.008
36.357
32.423
36.025
35.351
31.653
37.255
35.171
38.332
33.798
32.765
28.067
27.371
31.497
36.479
36.414
31.786
38.655
36.217
37.155
34.408
33.217
35.734
33.842
36.294
34.099
39.763
34.813
36.281
33.613
33.059
40.305
33.845
31.405
38.889
36.111
34.679
38.354
34.568
38.128
37.029
34.022
36.983
28.226
35.167
35.442
36.27
35.508
39.058
34.881
36.628
36.484
32.548
37.431
37.361
33.357
35.975
37.692
32.992
35.473
25.052
26.565
32.323
37.5
33.774
35.1
22.773
36.32
38.509
38.171
36.726
45.62
38.714
33.448
37.678
34.726
33.954
36.957
33.982
34.31
34.663
33.31
32.753
37.057
35.631
36.506
38.723
42.789
43.301
38.199
34.292
36.882
33.448
35.206
34.976
33.242
36.271
37.18
34.016
36.667
35.627
34.1
37.886
38.679
28.666
34.979
35.421
27.805
25.934
27.414
26.981
26.579
27.456
25.035
25.639
30.737
28.177
24.966
30.435
27.474
28.05
25.348
26.207
25.913
28.621
24.569
26.179
24.343
29.444
33.333
25.551
26.025
26.227
27.178
25.52
27.042
25.541
28.918
32.94
24.877
28.025
28.976
27.68
31.042
25.017
22.8
30.32
25.905
29.126
26.487
25.396
31.359
26.984
26.309
28.157
27.603
29.428
27.426
29.15
27.353
28.988
26.602
27.478
26.09
28.324
29.093
25.967
27.989
28.805
28.668
29.827
24.159
24.328
29.931
28.571
27.735
27.555
25.173
34.019
27.586
23.741
28.256
26.662
25.736
29.355
26.312
24
34.274
27.49
25.408
28.532
25.693
30.096
26.958
23.741
28.552
17.754
26.418
30.096
21.667
31.564
26.856
24.255
28.918
24.88
28.187
28.776
26.626
29.897
29.059
27.488
28.166
25.423
16.678
30.374
24.81
28.105
26.639
29.035
33.802
31.25
29.227
26.072
26.578
23.739
27.657
24.255
29.14
32.668
25.457
24.948
27.786
27.923
25.793
27.805
25.698
24.823
29.146
25.877
24.738
27.484
27.368
26.765
28.099
24.247
25.954
28.872
25.363
32.537
27.1
25.772
26.057
26.294
24.167
27.812
28.057
24.454
23.986
29.612
27.739
24.131
24.091
24.022
22.787
27.689
28.039
22.734
24.983
22.352
26.279
29.262
25.964
23.599
28.632
24.53
26.593
27.739
27.031
31.073
33.059
32.503
29.053
26.999
27.122
27.348
26.471
30.453
29.617
27.379
29.424
27.154
26.162
30.041
26.408
23.599
30.694
25.542
25.439
31.809
27.425
29.591
28.344
25.71
26.084
28.402
23.256
27.128
26.685
28.151
24.703
26.749
26.319
24.219
26.063
25.12
27.091
27.723
26.644
24.742
27.934
26.939
26.117
26.294
26.423
29.424
24.913
24.948
26.566
28.711
27.577
26.265
27.279
26.084
25.913
25.103
25.137
24.322
24.606
25.266
27.436
23.695
29.053
26.74
27.454
26.802
26.667
25.809
27.703
26.549
27.254
27.546
26.233
24.932
28.064
25.52
28.7
26.621
28.454
26.362
25.769
27.889
28.276
24.003
26.15
26.621
27.379
26.54
25.931
27.36
31.709
25.397
27.044
26.233
26.366
26.625
25.704
25.951
26.057
28.279
28.298
24.242
27.068
26.671
27.342
28.64
23.973
27.893
26.487
25.796
30.108
23.884
22.905
29.91
25.742
24.363
28.492
14.133
26.471
24.486
28.08
24.022
25.806
27.474
25.034
24.658
27.939
26.877
24.879
28.839
25.74
26.197
27.703
23.663
16.466
26.571
24.387
26.519
26.424
25.017
28.302
21.739
29.306
24.434
22.052
27.127
24.621
23.969
27.078
27.455
24.16
29.204
24.626
25.052
27.38
23.338
26.551
25.344
23.836
26.841
26.2
23.104
27.805
24.846
25.88
22.951
25.49
22.109
25.459
30.47
22.603
24.486
28.252
24.898
27.819
26.876
24.983
28.065
25.938
23.135
30.272
24.626
22.897
21.57
24.129
26.179
26.223
26.543
28.299
16.754
27.222
25.458
28.159
25.442
25.273
28.687
23.474
24.966
28.502
23.082
29.612
25.648
23.428
29.301
29.167
25.804
27.614
26.385
24.965
28.416
25.068
27.298
29.492
24.37
27.317
26.438
23.852
28.052
26.423
23.072
30.297
25.052
28.562
29.574
24.434
24.536
29.283
21.448
25.36
27.398
51.484
57.792
50.07
51.454
53.799
54.028
53.879
53.889
53.547
55.375
50.686
61.095
55.48
56.655
55.135
54.783
57.398
53.074
54.74
53.146
53.962
55.904
56.078
52.599
53.873
53.936
51.973
54.121
53.212
54.671
55.028
58.799
50.87
56.237
50.916
53.754
54.364
57.084
54.731
53.265
54.545
56.503
53.324
54.906
53.662
52.591
51.631
56.113
56.211
55.007
54.508
53.315
56.818
53.44
52.892
51.945
54.894
54.616
55.032
57.736
53.015
57.457
52.727
53.464
48.171
56.51
50.069
53.99
52.831
52.778
50.278
55.972
54.196
46.348
52.155
52.975
55.371
56.125
52.048
55.548
53.665
54.794
45.732
51.895
53.97
48.991
57.372
53.077
42.134
37.955
50.495
53.61
49.51
55.788
53.229
53.07
50.274
51.252
55.119
51.57
55.429
54.52
56.912
52.397
51.756
53.347
29.498
56.324
51.168
53.483
52.125
55.832
60.662
54.482
50.861
55.258
55.771
55.201
52.917
51.639
54.502
58.52
57.094
54.784
52.516
55.972
55.341
58.675
53.54
55.753
53.985
59.724
55.833
53.581
55.587
52.467
53.427
47.318
53.932
57.143
52.811
56.123
55.977
52.467
53.453
54.89
54.545
51.545
57.815
58.391
57.46
56.776
53.814
50.387
39.702
55.782
52.77
53.624
53.749
52.47
37.294
48.863
52.189
51.777
53.862
47.763
50.314
53.347
48.971
53.798
50.456
53.549
59.689
49.895
52.108
54.877
51.734
50.933
54.19
52.444
52.067
58.299
50.629
55.062
50.355
54.859
53.319
52.941
52.954
56.081
51.579
57.781
56.702
48.516
53.395
53.879
51.353
53.694
52.311
51.171
53.384
59.721
52.388
55.316
55.958
58.269
62.595
53.138
56
56.883
53.932
61.2
53.458
59.9
53.709
53.282
55.387
56.099
55.014
58.759
56.506
54.915
57.375
53.798
54.469
58.511
55.493
56.749
57.836
55.618
55.456
55.455
52.949
54.785
54.698
56.394
54.322
54.947
55.446
59.059
53.403
56.416
56.61
56.241
56.425
55.194
55.657
57.521
56.568
54.95
56.867
56.836
57.153
55.509
59.243
56.871
56.263
56.933
56.417
54.272
55.38
54.669
57.192
56.471
58.02
59.413
56.181
59.619
57.719
55.981
57.251
57.469
56.216
55.493
67.825
57.974
58.427
55.034
52.879
58.305
54.68
58.714
61.254
47.241
57.183
53.857
59.004
56.915
57.714
34.949
55.073
59.169
53.742
54.284
55.975
54.05
58.754
58.138
53.999
54.697
56.906
57.565
53.04
57.652
57.332
54.022
44.514
45.461
55.532
54.823
58.21
58.164
55.439
53.02
54.462
57.546
56.339
55.406
58.64
54.78
55.139
57.461
52.746
54.92
55.699
56.966
55.493
57.163
53.333
57.567
58.681
58.926
53.278
54.054
55.64
52.694
53.551
55.439
51.171
56.219
55.633
54.348
53.797
54.348
58.149
54.889
54.028
57.902
59.557
55.404
58.587
55.249
54.861
55.177
56.667
53.683
52.949
53.635
54.627
56.211
59.738
32.552
56.293
54.78
56.855
55.278
54.23
58.609
60.068
57.033
55.758
61.822
56.729
55.261
55.594
58.357
56.064
60.433
56.289
54.941
56.513
57.093
55.874
58.327
58.033
53.814
57.98
56.166
52.768
54.823
56.881
57.939
53.953
52.643
60.329
56.859
56.06
58.393
52.535
55.134
54.04
54.571
