9.282
15.74
9.801
11.497
15.852
9.295
9.055
15.825
26.302
16.689
8.096
12.719
16.622
18.206
23.344
13.414
16.056
15.894
21.681
14.058
13.262
13.811
18.043
12.308
12.819
28.733
25.52
12.956
19.303
15.17
17.337
13.026
13.28
26.203
16.456
18.338
16.329
26.435
10.272
13.878
6.456
14.583
21.258
26.127
14.913
14.267
15.723
8.096
13.271
8.537
10.626
23.518
16.733
16.933
20.147
15.641
23.879
22.559
5.959
14.419
16.176
18.315
20.252
25.182
10.152
16.177
17.726
8.339
20.6
23.118
11.111
14.541
12.276
12.119
26.032
23.86
12.739
7.449
13.744
15.05
15.39
13.052
12.698
17.111
22.791
11.973
20.318
12.626
10.495
13.846
14.572
14.096
16.947
18.2
14.745
16.262
15.212
16.322
39.787
13.722
7.18
12.177
14.439
16.075
21.471
6.424
15.317
13.324
12.332
21.693
21.091
15.828
11.067
16.016
11.703
12.203
10.793
17.044
17.616
9.013
10.388
17.394
39.326
16.194
8.459
11.29
20.993
30.6
17.945
13
19.348
20.119
26.302
13.041
10.948
16.477
11
11.93
6.719
14.783
17.269
18.633
8.99
27.212
21.376
12.401
25.999
27.461
15.542
14.735
13.422
18.696
10.267
13.355
9.274
27.774
17.08
17.467
12.391
16.335
10.948
17.905
17.772
12.558
12.508
31.651
20.013
17.135
24.984
24.203
12.151
21.681
11.678
10.878
11.001
25.983
25.068
20.174
16.434
15.981
17.714
15.979
12.332
9.182
12.783
32.883
19.519
11.391
21.592
36.933
16.857
15.832
17.873
17.333
13.549
29.605
14.712
10.279
16.198
19.048
19.854
15.976
15.486
11.333
18.103
9.289
8.995
14.844
20.753
24.047
18.514
13.185
18.182
17.52
21.344
13.841
17.469
27.88
19.504
12.353
26.623
25.882
18.692
14.485
15.863
16.824
21.817
18.924
15.132
19.223
16.88
27.946
12.827
17.195
17.623
18.589
27.763
19.377
21.774
12.829
9.483
12.192
31.427
19.444
13.244
13.347
19.283
8.947
16.811
14.095
6.632
15.275
16.022
19.742
21.803
20.08
13.239
25.574
12.517
12.4
18.859
20.405
13.231
12.822
16.611
21.673
33.601
12.617
15.508
18.999
16.565
14.909
14.343
11.06
13.957
22.381
12.6
14.135
21.467
18.416
28.226
14.909
11.044
14.553
17.679
20.755
8.736
12.075
14.81
34.511
21.783
13.093
17.068
18.99
15.705
12.708
9.295
19.099
13.302
17.718
21.208
14.343
13.257
25.39
21.514
7.05
12.442
15.154
15.013
17.52
11.367
24.949
20.899
21.4
21.414
9.618
7.194
19.919
21.544
14.946
8.943
12.533
12.897
19.987
25.975
7.702
22.995
17.107
27.435
19.867
18.868
21.651
14.993
15.957
23.822
17.821
16.567
25.84
8.483
12.633
24.744
21.751
15.056
10.613
10.855
21.803
24.967
18.826
18.036
18.691
14.352
20.013
18.597
23.154
9.097
17.819
21.194
29.524
18.481
11.933
15.246
17.73
16.344
16.89
10.943
28.123
13.609
20.432
27.693
16.767
12.402
16.136
17.549
11.429
9.828
18.986
20.419
16.278
17.403
21.824
34.13
24.198
14.647
10.872
11.052
19.252
19.481
16.11
16.689
18.285
21.562
34.739
18.577
13.818
17.2
15.814
21.049
11.148
13.706
17.879
20.455
19.718
16.855
11.046
11.656
9.915
6.443
4.984
18.919
12.878
16.331
10.724
17.178
24.483
15.283
12.788
10.106
12.301
13.113
14.021
10.266
9.699
11.487
15.101
9.448
14.078
14.754
20.563
21.975
15.206
12.673
27.517
11.921
8.849
13.533
11.341
15.623
13.055
13.058
10.547
13.983
5.25
11.707
10.464
12.907
8.929
31.057
13.36
5.137
11.699
8.361
14.647
16.667
19.509
12.88
12.492
9.73
14.183
13.761
5.959
9.993
12.475
15.395
9.673
10.733
17.124
10.583
24.866
6.96
12.342
22.304
8.438
10.793
10.02
9.783
19.801
13.837
7.251
7.398
11.245
13.51
11.487
8.974
8.959
10.053
23.945
13.386
6.201
10.191
12.221
16.172
24.634
10.047
11.469
11.572
12.608
7.078
10.171
21.192
11.397
13.191
7.773
8.515
12.111
12.433
9.662
12.928
10.544
10.986
9.508
16.229
8.588
20.947
24.285
12.091
10.464
7.129
7.842
13.302
13.98
7.339
8.919
8.599
18.742
17.131
8.039
8.055
12.125
29.298
17.017
9.662
14.649
13.205
21.696
11.749
8.466
23.573
10.45
10.66
3.765
11.47
14.2
14.391
8.67
8.607
7.945
11.264
22.215
26.035
18.816
13.251
10.065
13.712
9.782
18.001
6.576
15.656
16.09
13.298
12.26
20.16
8.831
14.075
10.253
13.263
10.772
8.257
12.706
12.683
16.48
18.597
14.38
18.267
11.485
7.339
8.65
25
13.351
12.483
11.457
13.703
12.069
15.04
10.644
18.438
10.568
12.533
13.177
9.115
13.537
24.127
13.153
11.906
5.4
17.021
19.696
25.916
11.749
9.564
12.174
14.694
14.078
11.792
28.42
23.642
18.272
18.109
17.745
20
7.222
21.562
17.971
23.829
19.446
23.267
20.864
15.452
24.717
20.304
20.264
19.099
18.646
16.422
26.403
27.279
22.694
24.849
25.901
17.749
24.568
13.896
23.046
27.539
16.733
20.761
22.2
22.237
21.257
19.921
22.707
20.399
22.318
22.099
10.117
28.234
20.264
15.703
18.32
18.924
28.026
8.465
26.521
22.754
12.459
18.984
21.342
22.658
18.097
13.482
21.386
19.733
28.497
19.215
19.213
19.118
16.37
19.398
20.503
20.252
23.526
28.45
21.457
20.997
24.008
18.337
13.372
17.488
18.635
20.949
26.497
16.819
19.974
17.824
20.368
17.876
14.762
17.063
21.924
25.72
25.658
13.854
24.785
20.17
19.401
19.408
19.974
19.145
24.574
31.61
23.616
20.642
15.691
19.236
10.403
18.47
19.274
20.694
14.229
29.528
21.206
17.253
15.758
22.017
14.454
18.511
25.858
18.708
31.217
18.17
12.84
21.147
21.132
12.98
18.326
16.83
15.891
19.974
23.407
28.229
23.907
19.402
18.494
20.173
23.204
21.032
18.412
34.728
20.676
22.922
25.098
14.201
12.844
21.765
20.388
23.553
16.479
21.598
24.719
25.667
21.067
21.89
19.156
18.369
15.947
22.2
26.323
11.549
22.12
22.758
22.378
21.145
16.757
18.75
27.947
22.583
27.715
24.267
18.796
12.874
23.329
21.681
19.96
24.866
15.66
24.214
27.741
24.079
20.027
20.214
20.108
21.562
18.993
17.435
21.133
29.247
28.818
26.529
18.407
20.12
23.24
14.238
20.975
19.519
18.901
28.079
28.581
18.838
29.396
20.6
15.252
15.471
20.6
21.284
20.618
8.516
13.263
13.609
15.469
9.467
7.958
5.559
11.614
9.291
10.674
5.987
10.685
10.659
18.302
9.439
18.414
10.809
22.984
7.227
10.484
9.707
11
10.77
8.367
19.262
10.905
22.644
14.258
14.257
9.296
8.771
15.974
12.223
17.797
16.335
12.233
11.156
12.617
7.429
5.94
18.122
10.279
12.024
9.709
7.861
10.843
18.388
6.858
9.571
5.894
7.945
20.637
14.411
9.68
20.907
8
11.029
8.649
6.84
10.282
12.8
10.026
9.707
12.21
10.77
18.8
9.639
8.126
12.467
19.657
9.742
10.425
14.993
9.321
11.785
18.265
8.034
9.34
11.081
9.707
12.997
8.295
10.564
14.058
13.168
6.328
8.653
8.306
12.005
18.578
7.606
11.87
12.198
9.695
18.279
8.457
20.039
14.864
15.537
6.737
7.995
10.159
11.792
12.127
5.729
6.218
12.027
8.14
11.281
10.415
10.506
12.269
17.721
11.118
6.874
6.262
10.775
17.815
17.979
3.774
8.758
19.155
22.425
15.175
6.182
9.502
17.329
11.843
13.095
11.082
14.467
11.273
9.055
8.892
8.902
22.024
9.289
5.879
7.19
11.725
23.463
11.843
11.769
16.296
9.793
8.212
12.064
22.024
11.089
10.802
9.41
13.654
9.83
4.917
9.729
12.306
13.249
12.252
12.159
17.291
11.281
10.89
13.333
14.016
9.28
7.943
24.768
11.243
9.729
7.738
10.707
14.628
6.915
17.997
13.889
13.012
12.684
10.026
13.038
9.907
13.857
8.744
19.645
6.863
12.856
21.803
12.558
12.921
18.809
11.505
11.971
10.354
7.106
12.5
10.099
11.497
9.875
11.853
22.244
14.276
11.178
