924.126
961.025
961.946
823.6
869.214
768.123
829.686
666.708
849.318
843.005
683.641
737.891
488.851
708.918
472.552
513.823
515.074
860.399
680.171
768.628
735.759
913.447
892.584
866.986
833.081
755.262
656.785
797.666
926.524
813.626
735.733
642.094
704.093
644.89
686.705
626.121
827.518
797.771
806.924
888.456
789.363
773.749
985.41
842.154
657.81
926.718
742.819
779.162
903.735
711.226
798.34
582.051
566.187
694.648
881.073
596.169
648.742
494.999
521.569
719.027
787.298
874.178
1017.8
863.734
947.684
1022.26
845.751
499.432
880.438
890.343
708.141
865.115
659.153
833.648
856.22
840.936
780.87
841.916
738.202
820.567
978.154
996.638
936.319
715.817
717.854
770.895
494.67
492.308
537.917
536.181
475.108
623.803
879.207
680.616
784.41
799.577
596.426
546.908
707.804
575.633
534.124
901.378
1009.24
903.444
979.341
808.33
857.483
475.697
699.288
866.178
867.435
974.936
881.435
901.111
884.293
401.433
780.144
624.601
755.358
840.01
769.017
904.876
953.625
799.628
782.445
732.282
673.921
633.049
423.269
861.804
756.983
896.343
936.054
708.571
797.342
818.501
686.163
765.084
580.213
725.04
656.46
667.468
877.922
743.24
707.901
734.356
724.685
779.169
640.978
669.13
812.628
459.896
773.921
890.822
920.131
786.862
642.3
854.222
907.456
818.004
789.779
861.685
1057.3
636.538
719.594
512.034
452.625
605.65
926.245
852.336
887.09
877.317
914.637
896.491
950.627
727.406
674.2
833.722
510.925
761.04
576.125
537.315
904.251
854.828
604.594
782.259
887.33
842.399
931.877
795.809
781.326
784.912
1140.13
777.251
661.769
933.282
621.79
690.808
938.322
711.795
604.44
822.016
820.646
732.553
615.808
713.359
525.254
702.555
500.232
749.244
543.816
599.978
534.093
472.882
440.303
481.174
460.673
471.705
628.052
483.954
712.733
677.938
700.511
775.586
626.361
644.273
477.87
652.928
777.248
640.8
705.896
550.616
626.632
678.557
398.751
589.827
572.192
740.456
816.387
549.789
1457.22
700.821
656.838
836.201
439.624
812.661
500.975
681.34
617.035
706.307
425.531
836.569
470.686
423.857
508.462
672.637
619.744
434.656
465.737
426.103
594.014
572.647
866.837
793.238
860.047
687.123
706.539
569.509
449.881
807.832
526.012
633.256
591.464
590.279
626.23
851.158
453.333
593.865
809.329
598.854
685.476
919.894
737.4
877.164
602.327
534.054
574.915
565.787
344.848
483.285
453.402
415.676
686.921
754.718
552.659
425.665
749.398
509.897
1465.64
460.717
373.317
675.37
788.872
794.868
713.376
784.651
648.629
517.684
492.219
533.987
735.762
750.517
794.499
660.57
750.261
595.437
459.869
637.179
580.67
817.955
461.255
598.505
746.408
840.736
655.772
513.66
623.346
396.081
475.119
537.65
731.817
566.541
796.28
582.722
488.236
740.185
679.032
582.588
520.659
447.618
513.811
752.891
718.382
669.886
501.546
651.016
587.194
572.756
668.188
394.635
583.348
647.363
545.408
665.641
722.365
686.801
573.818
547.85
689.299
1631.8
717.272
584.823
810.338
792.159
525.015
481.096
360.487
399.925
866.853
612.246
643.561
822.223
762.505
675.348
718.085
707.535
400.875
770.966
558.568
597.352
506.071
474.973
622.706
739.78
546.169
412.704
808.44
638.615
818.688
597.82
657.899
680.385
692.928
712.902
668.308
798.224
538.006
618.666
636.18
768.872
528.312
509.014
575.412
640.95
671.905
627.663
741.502
469.542
482.765
453.832
564.603
586.876
512.777
609.14
323.027
501.126
260.601
387.243
457.694
442.906
505.867
561.772
691.347
475.137
650.523
504.459
661.649
467.289
514.726
630.556
637.531
635.712
572.505
544.988
481.093
480.83
462.092
493.68
625.859
689.519
586.926
411.354
581.331
434.723
698.317
719.518
447.309
540.185
474.525
529.459
749.507
478.536
582.243
499.698
302.824
547.588
572.863
572.776
347.154
483.441
317.841
458.99
506.799
622.877
675.723
766.618
678.428
644.272
675.163
373.013
618.061
566.991
433.391
587.054
425.562
640.566
492.615
634.39
595.951
531.058
599.225
552.78
721.959
700.018
634.766
658.778
498.443
544.896
417.731
440.059
340.337
403.417
338.207
352.889
591.302
621.317
466.879
555.654
377.673
430.21
533.615
365.675
339.809
699.843
619.41
759.78
688.266
617.309
508.898
366.045
556.442
589.818
457.685
861.42
575.706
709.534
629.863
291.314
608.882
522.97
528.48
519.574
585.972
690.734
604.38
555.045
562.495
583.303
429.423
335.027
339.945
551.033
632.654
568.001
657.122
458.184
552.669
574.801
487.546
542.766
395.225
507.592
519.864
663.384
509.591
431.109
606.219
484.189
488.778
697.019
425.431
420.258
566.647
396.106
458.012
765.935
608.527
493.35
457.914
598.219
677.907
562.45
538.417
664.141
692.926
528.402
505.922
297.453
355.189
529.76
533.143
782.212
487.736
697.993
592.428
707.307
647.197
436.473
632.924
603.519
482.915
483.038
384.969
418.051
548.623
736.895
430.521
443.194
532.103
680.808
711.932
577.137
526.073
571.165
657.47
637.102
579.104
671.882
392.393
688.034
671.938
556.424
416.445
1720.03
2416
2546.96
1686.71
1604.59
1224.7
1355.19
1561.44
1750.72
1396.98
1262.64
1646.59
1969.97
844.389
680.475
1014.05
1240.51
1344.46
1294.72
1455.51
1701.58
2190.82
2427.16
1289.24
1404.07
1420.6
1359.99
1537.93
2202.07
1328.56
1316.25
2179.46
1872.23
1336.89
1221.14
1432.47
1648.52
1612.07
1364.04
1478.05
1534.3
2228.21
2662.43
1189.63
1702
1416.25
1358.9
1631.71
1531.3
1326.82
1319.28
1658.61
1958.87
1372.31
1481.89
1130.49
966.268
977.051
1098.56
1301.41
1504.12
2618.91
2626.23
1782.02
1730.31
1808.57
870.274
1522.55
1617.3
1393.35
1639.62
2019.3
2355.97
1558.87
1763.56
1279.28
1545.02
1718.62
1646.11
1670.42
1874.6
2359.69
2360.22
1329.31
1303.58
1239.71
931.03
801.656
1726.48
626.076
1079.47
2010.11
2413.85
1442.19
1514.39
1111.9
916.815
1224.75
1026.1
855.798
1577.44
2415.53
2817.16
1694.22
1615.26
1659.13
1026.66
1378.79
1499.74
1703.83
1702.46
2541.23
2471.35
1545.28
1164.91
1454.92
1272.02
1446.98
1783.3
1446.77
1735.04
2416.32
2481.36
1390.6
1411.01
1297.02
927.632
848.265
1354.73
1598.4
1662.73
2213.54
2283.13
1497.99
1723.44
1189.14
1335.35
1100.31
1180.62
1342.62
1332.28
2067.36
2364.27
1117.76
1518.39
1386.77
1399.79
1422.6
1559.34
1361.47
1095.93
2141.56
2420.75
1555.1
1635.41
1249.8
1545.92
1631.61
1366.35
1610.76
1750.46
2613.58
2256.13
1216.56
877.058
766.405
1143.34
1465.14
1716.74
1653.25
1818.22
2364.89
2551.4
1568.44
1752.04
1074.63
1498.06
1262.18
1230.89
1132.16
988.42
2067.04
2495.84
1472.26
1296.45
1666.45
1603.83
1909.96
1444.75
1387.92
1592.91
2338.01
2580.04
1553.39
1480.78
1481.29
1522.32
1499.06
1592.78
1008.91
1297.27
4864.56
4462.33
4370.82
3725.2
4692.16
3020.46
3474.51
3572.57
4636.59
3363.13
3485.24
2642.22
2598.14
2528.44
1726.97
2651.17
3173.5
3844.18
2943.55
3801.48
4218.35
4060.56
4113.77
3206.59
3812.93
3828.84
3318.33
4370.45
4067.87
4035.07
3212.96
3437.63
2340.8
2813.78
3403.14
3234.34
4539.34
4311.92
4024.53
3549.32
4088.41
3796.13
4703.95
2938.37
4525.2
3456.09
3711.86
4073.51
4399.53
3617.18
3806.26
2199.72
2392.52
3406.72
4243.27
3146.66
2559.87
2326.7
2709.55
3261.96
3841.37
5365.49
4313.61
4669.37
4301.54
4998.23
3443.12
3238.94
4317.31
3132.37
4018.95
3567.99
3084.9
3449.46
4929.16
3102.43
4506.29
3958.4
4202.19
4212.48
5539.53
4620.7
3707.29
3389.21
3256.12
3174.33
2542.12
1815.27
3314.5
1755.99
2604.42
3044.59
4172.64
3315.32
3340.39
3447.91
2117.76
3986.61
2631.6
1683.49
3900.21
4444.06
4726.81
4221.3
4526.66
3933.16
3410.19
2745.98
3432.05
3747.89
4982.65
4805.12
3820.83
4071.01
3759.08
2843.56
3452.22
3298.47
4711.54
3230.43
4565.48
4453.65
3741.4
3760.11
3598.96
4032.35
2448.86
2297.25
3084.58
4053.45
4389.35
4263.51
3165.74
3218.04
4450.12
3577.46
3464.2
3007.62
3035.98
3556.17
3644.17
3399.41
3370.43
2516.82
3986.3
2969.22
3729.44
3911.33
2331.09
3145.08
3597.14
2897.73
3558.18
4033.65
4381.25
3334.1
3523.2
4722.44
3331.75
3934.1
4138.59
4782.22
4101.19
2946.68
2646.34
1639.77
2813.99
3991.82
4543.05
4432.61
4403.64
4556.2
3982.93
4260.09
4224.5
2813.74
4082.74
3621.64
3360.46
3380.58
2478.49
2878.49
4186.94
3506.14
2938.06
3860.92
3821.77
5244.03
4193.23
3545.23
4248.18
4110.63
4347.7
3655.96
3731.84
3651.03
3920.71
4041.22
4531.24
2719.66
3470.91
