1238.62
1708.23
3175.3
2398.95
1637.69
3130.44
3217.08
2051.63
1751.89
1568.14
2772.82
2455.39
2377.75
2681.34
2758.15
1949.45
1545.28
1938.61
1402.35
1900.95
2506.59
2659.9
2903.22
2805.52
2157.54
1953.01
2016.76
1410.08
2711.94
1888.49
2988.05
2666.38
1382
2560
1965.12
1708.52
1333.68
1777.89
2037.96
1024.37
2783.82
2862.09
2402.7
2080.08
1654
2882.25
2390.74
2064.25
2110.1
2457.03
1444.07
2527.07
2492.38
1866.01
2378.12
2350.9
1989
2046.28
2398.99
1937.82
1605.23
1909.89
2301.28
1998.81
2689.69
2532.09
1961.54
1992.39
1435.46
2991.01
2623.28
1971.29
1395.97
1090.82
2993.84
3081.81
2202.01
1872.18
2630.28
2345.41
2256.07
1361.9
2199.56
2402.78
2297.78
3050.16
1772.86
2332.89
2283.85
2233.43
1908.19
1546.83
2119.77
2188.24
2768.53
2329.27
1674.71
1925.03
2298.4
2595.4
1353.41
1868.76
2643.95
2285.23
2379.84
2159.99
2331.36
1561.94
2067.88
1576.44
1750.61
2010.96
2629.6
2330.5
1417.18
2244.94
2698.46
2140.62
2053.45
1971.46
2176.41
2768.22
2484.02
2314.41
2327.08
1614.28
2191.64
1919.32
2205.43
1857.27
1871.4
2348.34
2348.81
2548.38
2411.02
2339.91
2233.24
2371.39
1614.03
1192.05
2040.13
2240.7
2886.25
2608.48
2496.99
2289.22
1969.44
1832.54
1590.12
1884.03
1711.36
2467.19
3043.77
2955.2
1885.4
2165.29
1919.57
1663.69
2271.53
2279
1104.19
2071.5
1757.13
2931.33
2589.79
1235.55
1817.77
1981.01
2140.66
2719.41
1992.14
2285.71
2499.31
2552.78
2205.57
1545.42
2426.62
2743.85
2622.68
1790.25
1921.81
2160.04
2050.91
2057.1
2003.76
1242.98
2303.43
2277.11
2691.12
3297.07
2038.41
2281.07
1360.97
1533.23
1800.48
2098.38
2127.47
2617.47
2079.45
2574.02
2985.61
1030.86
2124.76
3266
2300.53
1612.59
3171.74
3140.6
2084.32
1576.85
1487.44
2818.87
2550.13
2348.05
2988.96
2883.25
1720.23
1906.02
1748.45
1427.87
1788.18
2534.8
2790.79
2859.67
2704.68
2302.68
2068.72
1752.69
1519.38
2554.63
2060.39
3055.04
2536.55
1518.8
2723.81
2002.41
1501.48
1177.01
1883.33
1815.5
922.291
3089.84
2864.72
2375.84
2206.76
1663.01
2962.83
2269.41
1902.97
2165.94
2409.92
1629.19
2476.15
2472.69
1763.27
2559.84
2023.06
1732.51
1859.54
2485.02
2180.41
1835.36
1753.86
2312.42
2010.29
2940.76
2503.86
1745.99
1753.23
1734.76
3134.68
2641.02
1986.57
1319.53
1325.07
2963.9
3018.78
2146.38
2059.14
2776.8
2314.66
2166.24
1431.67
2417.25
2717.59
2373
2756.67
1890.9
2209.95
2236.68
2179.17
1921.59
1579.72
2148.82
2418.51
3057.22
2506.86
1259.7
2039.56
2359.43
2607.31
1226.62
2069.97
2478.44
2308.72
2414.06
2513.35
2100.86
1601.36
2209.55
1683.99
1524.84
2208.6
2608.45
2183.94
1527.39
2467.56
2931.56
1864.28
2203.99
1895.75
2226.42
2835.93
2189.18
2479.11
2164.47
1537.11
2325.23
2166.75
2080.28
2002.04
1783.62
2387.78
2643.9
2635.98
2606.12
2149.71
2069.13
2424.43
1564.24
970.856
2379.84
2190.33
2879.33
2728.59
2487.18
2312.36
1997.77
1694.35
1916.4
1874.93
1657.87
2649.83
3085.48
2988.14
1922.67
2046.78
1692.15
1694.08
2215.16
2036.45
1233.13
2056.22
1975.73
2857.9
2426.5
1194.97
2234.41
2065.21
2469.82
2465.4
2102.23
2218.3
2318.82
2783.56
2134.22
1473.25
2489.65
2882.3
2564.84
1788.17
2077.96
2097.45
1996.99
2128.69
1883.81
1689.33
2555.66
2480.01
2685.85
3076.2
2215.79
2184.05
1200.49
1449.44
1769.02
2191.68
2178.85
2534.98
2344.6
2763.47
3012.45
1005.99
2308.85
3176.64
2258.15
1718.5
3241.83
2885.69
1906.36
1615.76
1690.32
2752.34
2402.57
2397.9
3022.8
2753.75
1328.41
1858.69
1733.95
1715.95
1840.58
2522.59
2801.51
2806.54
2452.4
2091.05
2037.67
1824.09
1835.7
2497.61
2320.14
2866.39
2234.92
1480.48
2506.76
1947.88
1644.19
1340.52
2173.35
1743.24
1111.81
3084.71
2654.08
2194.34
2105.25
1579.94
2986.21
2276.53
1991.27
2217.85
2048.27
1616.71
2350.68
2573.63
1586.51
2543.97
2183.87
1992.09
2046.1
2507.78
1912.81
1820.15
1851.17
2174.62
1961.05
2842.98
2544.9
1830.3
1608.39
1915.71
2943.7
2433.1
1946.47
1045.8
1525.64
3175.99
2851.26
2161.16
2088.11
2671.79
2177.86
2063.4
1531.27
2411.67
2558.39
2175.61
2500.08
2113.26
2336.9
2237.23
2064.67
1730.78
1620.57
2235.61
2407.29
2918.78
2400.03
1312.81
2212.14
2079.51
2582.68
971.279
1985.19
2609.73
2408.12
2169.13
2576.01
1861.29
1643.43
2120.41
1544.92
1559.95
2283.89
2655.84
2067.12
1608.9
2497.73
2576.47
1909.75
2127.29
1872.93
2107.85
2749.48
2061.44
2378.13
2070.24
1861.64
2055.82
2166.36
2214.12
1588.27
1987.13
2534.3
2335.41
2711.13
2527.62
2138.76
2195.34
2262.53
1661.99
1143.41
2216.09
1959.12
2717.14
2847.59
2233.59
1963.66
1922.49
1649.12
1766.8
1933.63
1611.2
2753.2
3020.41
2683.85
1871.14
1997.94
1729.44
1899.28
2319.96
1760.88
1375.3
2316.18
2036.83
2801.69
2086.65
1140.93
2235.84
1965.68
2562.83
2413.76
2135.78
2234.56
2369.82
2827.76
2035.15
1724.48
2400.34
2937.69
2057.73
1836.28
1912.72
2089.75
2304.49
2066.28
1499.14
1895.36
2280.68
2405.29
2941.96
2953.76
1962.93
1998.12
1222.19
1669.15
2082.03
2154.34
2071.09
2307.48
2237.62
2590.16
2892.54
1255.02
2993.42
3102.79
1988.34
2348.67
3466.14
2705.96
2170.51
1301.64
2408.11
2574.03
2337.24
2722.75
3186.28
2919.22
1266.42
2437.08
1361.89
1934.31
1919.4
2559.01
2974.95
3197.49
2534.53
2314.14
2121.01
1365.35
2426.83
2326.4
2575.26
2985.94
1920.69
2130.78
2526.65
1940.36
1456.01
1394.07
2537.22
1135.37
1776.96
3398.9
2726.16
2389.15
2059.07
2069.71
2851.98
2372.99
1914.05
2535.44
1907.03
2199.09
2186.75
2384.41
2179.7
2573.1
1841.01
1990.34
2297.99
2842.4
1720.39
1945.1
2461.5
2202.53
2280.53
3007.65
2322.76
2009.67
1469.53
2685.76
3162.82
2301.42
2073.66
1056.54
2208.09
3255.51
2598.43
1971.79
2626.71
2650.99
2361.12
1827.11
1737.63
2706.12
2506.5
2606.32
2075.29
2298.14
2549.73
2539.03
2058.8
1962.8
1956.49
2291.48
2749.42
3204.99
2098.89
1302.5
2593.5
2359.18
2262.54
1287.77
2707.21
2652.53
2643.02
2255.68
3019.53
1576.85
1734.49
1886.92
2089.04
1817.99
2594.71
2801.43
1767.4
1962.56
2700.01
2461.03
2110.19
2229.55
2056.84
2430.48
2820.1
2365.44
2626
1873
2290.3
2366.51
2288.57
2084.99
1846.03
2003.09
2649.31
2638.21
2365.44
2822.19
2178.58
2481.95
2299.47
1239.93
1418.78
2391.47
2444.56
2976.72
2834.21
2160.34
2332.89
2044.27
1726.24
1832.92
1962.08
2058.85
3018.06
3164.68
2407.16
2131.51
2285.11
1609.31
2133.24
2402.7
1591.56
1648.01
1821.96
2965.68
2969.67
2101.18
1240.57
2319.34
1916.24
2996.69
2022.49
2553.97
2485.98
2525.99
2837.62
1805.58
2319.84
2519.19
2657.41
2023.52
2457.98
2117.4
2050.13
2366.81
2235.62
1512.58
2434.45
2270.93
2634.85
3282.84
2775.22
2480.45
1792.59
1394.61
1637.08
2259.12
2516.25
2374.35
2107.53
2871.38
2881.17
2751.03
1071.28
2688.16
2815.34
1920.93
1989.45
3309.91
2479.04
2003.72
1350.19
1981.52
2630.21
1830.78
2358.03
3082.68
2808.93
1113.57
2163.89
1348.76
1828.08
1678.94
2323.54
2829.69
2843
2337.48
2034.25
2100.51
1328.16
2017.34
1906.34
2256.46
2681.38
1955.36
1751.79
2360.44
1955.58
1427.76
1250.17
2404.97
1179.93
1393.45
3078.3
2357.64
2184.91
1845.99
1910.83
2651.87
2191.05
1690.06
2210.38
1768.7
1821.65
2168.92
2381.72
1813.93
2486.24
1825.64
1910.89
2063.9
2526.46
1726.77
1832.69
2087.82
2061.13
1889.68
2772.89
2331.59
1642.06
1327.44
2255.41
2877.11
2210.94
1906.13
978.237
1759.11
3042.81
2506.6
1833.32
2252.93
2590.14
2022.94
1800.62
1515.4
2538.61
2427.53
2160.13
1880.34
2213.75
2227.29
2291.81
1832.18
1687.26
1764.79
2197.17
2390.95
2901.68
1954.25
1219.07
2443.52
2024.09
2264.83
951.088
2419.79
2547.99
2407.19
2002.16
2658.59
1533.36
1669.24
1839.4
1694.88
1552.89
2480.65
2598.15
1752.76
1672.7
2562.39
2329.49
1892.79
1989.29
1723.89
2157.13
2630.73
2094.34
2340.3
1775.94
1990.2
2233.2
2093.72
1973.74
1667.51
1931.56
2477.52
2453.49
2415.6
2678.36
1942.01
2265.98
2099.51
1320.62
1153.95
2243.76
2152.95
2774.78
2688.54
1933.25
2097.11
1741.11
1485.04
1717.27
1804.01
1791.63
2801.59
2894.79
2548.01
1861.7
2078.51
1433.64
1950.28
2113.97
1474.45
1552.95
1976.12
2408.38
2726.24
1946
1067.32
2056.02
1940.61
2634.69
1987.19
2305
2213.47
2241.24
2775.25
1621.8
2012.59
2446.63
2386.39
1734.06
2110.04
1962.67
1875.87
2166.33
1991.64
1321.06
2375.58
1989.45
2404.4
2930.15
2592.89
2063.3
1736.65
1151.08
1612.83
2090.65
2245.26
2165.97
2022.54
2412.91
2456.48
2462.64
