923.493
921.805
984.092
949.033
948.353
919.457
894.158
924.445
956.792
970.985
936.101
922.769
812.788
982.658
929.652
913.938
582.045
965.763
953.592
849.322
963.377
958.394
948.864
923.388
966.438
895.491
925.611
936.024
960.083
967.041
986.808
914.362
879.523
953.165
825.49
667.264
909.41
961.48
907.484
949.693
929.862
905.241
909.155
905.107
983.019
919.346
874.11
1024.11
938.36
978.961
906.552
899.298
861.857
906.85
577.801
926.721
915.055
981.989
924.068
904.626
963.985
961.42
1009.07
937.971
899.717
980.47
897.803
994.075
982.114
951.329
950.591
884.99
927.687
945.442
857.874
972.89
962.522
965.838
887.211
964.792
972.661
892.986
916.383
948.35
885.008
900.382
891.21
875.899
783.998
680.195
916.011
928.179
588.236
852.932
914.567
988.693
849.945
1003.08
940.522
899.565
987.093
968.701
971.541
921.557
974.864
975.369
959.489
973.325
833.531
967.119
854.711
970.891
911.767
954.016
935.633
927.838
909.36
943.081
864.699
475.671
625.766
898.823
990.006
891.778
999.121
568.595
907.666
944.273
983.201
946.709
912.786
912.249
925.4
942.197
560.091
925.635
927.702
961.911
931.482
904.778
860.654
951.954
952.632
916.666
1001.4
941.288
971.529
888.958
931.602
532.352
941.938
933.146
975.595
966.011
907.767
980.915
923.888
938.036
876.08
885.278
927.649
954.662
956.632
637.191
906.953
965.583
954.857
956.151
1002.79
921.418
920.908
936.586
958.452
934.942
938.485
958.639
623.748
872.643
935.214
998.483
846.048
849.354
950.5
916.765
974.88
948.091
626.982
799.383
919.404
902.625
960.265
929.698
946.971
950.069
864.34
969.432
940.279
942.87
974.021
911.392
992.236
917.605
835.29
915.493
853.847
921.969
894.479
938.66
894.209
828.037
852.441
893.585
794.362
872.292
876.52
901.909
561.907
836.511
945.529
824.449
817.801
859.796
910.291
883.438
898.425
856.726
887.731
894.25
893.974
903.762
865.294
853.809
900.86
911.888
832.397
494.602
868.096
858.223
908.993
889.822
902.351
849.767
831.449
905.176
898.295
876.687
839.855
860.193
860.366
843.317
961.102
961.921
840.985
771.073
646.978
830.303
926.769
862.596
863.836
858.796
894.228
899.218
870.481
851.79
905.741
883.751
855.469
874.96
889.304
883.516
910.958
856.975
895.222
951.986
829.211
862.668
908.448
841.485
890.262
920.7
902.372
867.551
835.8
902.395
972.465
750.921
924.67
889.717
758.333
470.613
890.467
876.617
822.016
462.148
896.289
895.553
814.779
909.958
910.046
871.682
868.035
955.615
901.692
862.645
874.502
894.87
925.104
869.837
955.499
843.531
881.063
861.318
886.965
845.207
905.173
864.315
928.781
838.805
854.772
812.954
407.534
625.328
884.17
868.946
880.368
867.168
464.724
906.556
906.405
842.567
857.293
912.261
946.506
887.87
873.114
537.714
829.983
919.743
853.233
851.338
924.238
831.542
924.51
874.056
894.704
851.902
869.314
852.107
850.944
806.319
501.575
903.204
889.845
883.348
894.622
931.289
898.359
864.446
895.158
819.329
869.209
791.634
902.304
573.06
889.845
901.98
848.125
845.813
915.155
919.306
908.384
904.914
853.829
835.609
848.069
889.219
919.527
519.475
891.886
936.352
860.704
740.367
906.285
906.124
874.164
859.23
625.706
807.777
831.629
902.51
934.395
838.195
863.424
922.202
844.121
807.227
888.476
900.324
937.677
914.865
868.37
680.08
862.712
873.858
894.255
858.848
909.851
870.318
863.346
835.068
851.805
899.75
880.453
713.632
860.91
889.786
889.173
481.965
888.663
869.61
858.659
826.332
952.47
894.247
860.735
881.093
869.253
825.399
901.261
909.152
813.594
924.709
888.695
840.725
926.578
903.959
489.248
842.768
876.004
795.104
836.509
874.154
901.575
829.177
829.641
838.279
913.99
873.858
865.245
883.215
863.192
866.48
839.707
801.606
827.353
584.086
859.541
894.964
844.889
876.49
860.578
858.394
832.78
899.205
886.612
851.049
855.196
881.319
904.667
888.599
882.898
934.059
847.845
885.038
895.102
843.118
920.145
852.139
937.716
873.637
876.254
905.692
966.784
841.595
852.238
883.197
774.017
890.858
865.824
851.445
483.888
851.328
856.165
814.003
519.513
877.323
895.394
898.609
810.933
830.806
885.514
868.702
848.142
891.335
868.183
898.982
886.759
853.752
868.059
822.189
864.116
797.688
881.004
916.215
884.855
835.179
889.214
855.53
881.058
842.176
558.613
423.836
940.101
926.305
919.048
878.43
743.672
619.735
878.942
946.558
904.694
893.179
889.762
856.084
926.807
611.527
747.136
910.123
839.073
872.273
959.461
833.238
864.814
864.828
866.935
868.168
857.501
844.648
902.392
869.884
759.839
652.273
854.933
888.286
879.357
855.091
881.994
841.902
883.467
859.177
750.142
929.973
870.608
850.001
572.048
914.754
869.531
869.715
879.757
835.406
847.947
860.577
886.043
890.714
874.885
890.724
826.707
792.327
530.055
889.461
819.27
877.307
673.19
887.311
888.656
899.694
878.538
571.16
778.688
867.966
945.125
883.385
813.947
909.21
925.622
867.231
878.115
917.075
827.485
906.666
903.849
940.785
565.721
873.038
841.481
939.289
886.846
909.957
915.607
886.394
888.722
882.179
879.89
876.689
876.473
840.013
928.995
880.067
870.137
547.878
852.02
853.216
783.365
962.634
883.19
895.454
941.138
912.366
846.314
900.765
896.566
918.784
905.902
825.81
884.435
894.065
885.493
880.926
563.168
928.765
883.995
984.093
942.705
870.059
900.962
911.119
875.7
857.933
903.724
885.288
882.671
887.917
901.853
887.783
948.258
781.299
900.643
532.823
931.437
839.311
856.632
867.547
882.188
852.732
872.329
858.954
877.46
899.276
883.832
900.799
858.276
891.725
895.461
839.755
821.524
889.653
908.524
894.678
878.632
837.738
887.918
875.951
878.734
913.384
849.115
966.137
877.824
858.8
751.271
905.84
782.326
861.083
547.596
888.262
910.343
687.997
645.634
893.938
849.554
823.367
855.475
903.302
868.058
885.441
857.821
868.947
903.79
888.461
893.553
824.862
881.735
848.913
914.497
841.122
849.258
868.673
906.035
905.889
884.954
887.263
873.734
798.771
472.976
545.29
910.023
879.457
877.812
957.772
582.628
859.937
869.382
914.773
891.164
921.303
853.559
947.366
911.742
460.262
920.775
906.734
897.362
902.787
927.417
792.638
918.746
891.939
888.881
915.763
867.764
878.585
910.521
850.555
596.594
838.989
891.397
899.377
892.41
874.446
891.755
911.676
876.42
895.812
807.269
903.033
888.625
915.271
597.696
863.811
934.132
938.848
892.607
922.204
881.433
876.389
900.014
908.317
876.912
899.02
920.977
719.032
650.863
864.203
897.323
772.095
857.8
903.612
919.759
891.232
916.973
563.076
770.131
910.742
925.958
884.646
869.237
878.154
858.318
793.509
896.459
867.27
893.572
835.538
904.395
895.092
974.991
896.716
890.484
896.01
968.487
940.247
927.065
904.134
887.933
924.907
968.144
972.642
846.881
915.11
950.603
897.622
630.496
940.859
940.595
823.57
895.075
896.741
943.482
942.915
940.688
922.337
904.019
948.724
891.758
934.041
899.615
894.296
926.179
955.794
764.477
733.873
905.128
940.666
910.772
930.014
971.003
929.003
913.984
940.873
903.486
947.079
913.419
908.854
957.492
938.924
941.277
941.744
810.434
890.799
541.177
900.952
933.658
906.099
908.286
917.535
893.682
945.286
941.324
966.11
962.223
928.663
980.91
897.526
943.302
935.368
874.514
901.601
880.968
862.909
954.739
877.717
920.462
857.283
924.245
905.245
902.723
923.185
922.871
903.882
827.143
912.1
927.096
846.637
696.594
751.866
928.032
873.454
553.974
882.363
925.041
909.75
875.467
877.541
1004.57
912.614
903.624
876.683
919.337
916.59
946.51
955.296
979.183
950.144
846.597
958.989
865.064
929.121
964.846
954.343
932.436
918.062
973.534
878.436
856.981
463.703
640.426
906.328
919.249
1006.99
919.51
552.297
905.533
937.708
919.466
927.317
967.135
914.363
863.906
971.574
531.674
883.537
890.176
918.861
888.577
928.11
807.157
921.351
917.374
955.894
866.679
893.902
920.441
929.21
973.049
508.486
922.195
932.525
920.501
922.918
952.132
973.06
946.793
941.626
946.704
882.114
964.049
920.024
847.411
652.212
918.653
942.504
915.881
944.048
946.227
973.56
946.956
962.871
992.562
942.71
910.7
930.428
532.442
941.226
906.732
927.54
823.697
897.029
926.522
981.228
962.461
911.05
597.051
835.15
922.626
894.218
894.578
933.322
889.27
948.624
837.964
960.582
932.872
957.917
932.05
946.029
915.669
