176.215
970.704
1142.39
329.063
561.051
2051.8
2418.53
2326.07
2133.78
2312.99
2216.25
993.407
778.052
279.256
1530.85
1991.39
2483.93
2459.73
2639.45
2468.56
2270.79
2497.55
2589.1
2477.81
2580.66
2622.47
1767.31
88.917
1714.67
2001.03
2347.97
2539.66
2575.16
2402.08
2323.7
2551.85
2600.44
2492.17
1707.15
1518.2
2573.6
2549.6
2471.29
2594.7
2504.8
1253.62
2451.39
1178.66
2324.12
2651.64
2296.27
2642.1
2134.95
2518.91
1809.88
2404.91
2560.69
1407.41
2036.01
1483.64
2557.76
1714.62
2645.58
2685.79
2430.08
2452.99
2581.26
1513.5
2057.95
2582.73
2156.56
2469.05
1915.85
804.26
2033.28
2432.03
2710.44
2631.27
2695.36
2515.22
1734.7
202.643
1234.67
2616.93
1795.76
2668.78
2592.93
2606.46
2016.5
840.448
2631.61
2601.08
2581.41
2666.58
2746.86
2725.18
2540.03
2625.13
2681.24
2658.15
2657.46
2778.19
2638.91
2581.79
2561.68
2665.7
2679.59
2726.6
1536.58
2531.92
2721.51
2700.88
2716.03
2048.37
1967.23
2712.7
2691.96
2725.49
2583.11
2554.01
2625.96
2739.29
2476.36
2540.75
2466.21
2446.72
1734.71
2379.56
2659.17
2691.16
2610.63
2698.76
2590.07
2572.78
2619.97
2795.32
2645.92
1151.7
2598.73
2514.68
2698.63
2179.04
2742.48
2505.49
2560.09
2635.16
2686.07
2600.74
2663.98
2024.06
2365.51
2148.51
2441.94
1881.67
1559.68
2651.05
2543.17
2557
2259.28
1728.44
2103.14
2501.71
2073.27
257
2098.76
1369.67
2731.27
1707.1
1355.53
2758.95
2086.1
2775.65
2721.05
2717.91
2677.85
2622.95
2678.43
1991.54
2716.79
2703.55
2981.04
2641.06
2687.56
2723.04
2551.14
2713.82
2668.78
2516.18
2604.53
2420.44
2662.66
850.605
1848.82
2804.54
2851.71
2700.1
2549.91
2578.08
1962.99
2485.16
2792.85
5.63
825.476
1024.24
347.244
326.38
1320.57
2000.64
2046.9
2010.24
2282.22
2078.78
1549.59
884.734
281.425
1336.76
1538.05
2287.7
2302.46
2427.13
2157.03
1966.32
2149.25
2451.47
2438.94
2300.4
2427.42
2376.53
266.882
998.819
1718.09
2255.47
2378.11
2441.89
2253.32
2297.74
2366.94
2552.05
2276.85
2149.47
909.269
2376.01
2456.96
2266.72
2386.38
2508.39
1677.62
1949.01
1927.93
1449.36
2459.45
2195.39
2414.86
2297.31
2204.55
1425.92
2409.14
2195
2261.01
1510.93
1270.95
2391.93
1728.96
2537.63
2537.88
2490.61
2363.78
2511.11
2018.49
1927.14
2074.04
2126.18
2330.95
1914.37
1400.72
1186.41
2362.77
2381.65
2454.98
2332.69
2358.9
2248.33
438.669
376.187
2427.28
1901.4
2291.85
2507.12
2312.72
2164.22
919.252
1799.81
2458.57
2428.59
2458.53
2441.49
2703.4
2413.09
2522.37
2542.53
2582.49
2467.28
2602.59
2394.14
2295.04
2560.74
2460.82
2595.15
2633.36
1560.28
2480.01
2584.17
2641.86
2570.12
1883.32
1777.74
2609.78
2670.1
2527.62
2572.83
2414.32
2483.03
2510.74
2492.48
2487.77
2202.67
2479.6
2320.71
1606.21
2606.26
2606.72
2473.85
2640.94
2457.37
2486.03
2426.76
2578.51
2551.24
1878.61
1931.04
2385.53
2420.61
2326.42
2122.87
2469.79
2549.25
2605.77
2579.96
2618.84
2539.68
1975.2
2455.9
1636.91
2340.49
2296.71
1391.27
2260.05
2478.5
2316.5
2499.34
1446.61
2290.95
2452.08
2170.4
527.739
1155.96
1587.01
2071.3
2079.55
634.223
2372.27
2003.98
2427.9
2632.61
2610.15
2610.78
2610.29
2560.18
1775.46
2450.87
2585.33
2666.08
2601.7
2533.93
2715.89
2498.83
2516.51
2442.71
2564.14
2468.16
2343.31
2339.41
1478.17
948.594
2570.49
2586.41
2623.44
2556.3
2385.17
2392.96
1827.17
2401.05
7.614
682.616
1090.54
620.223
282.303
1193.52
2227.03
2316.12
2221.32
2287.49
2179.02
1666.69
744.613
324.244
1107.14
1424.39
2197.26
2353.14
2345.05
2284.64
2101.27
2275.21
2331.69
2343.06
2334.11
2419.9
2333.95
457.444
726.326
1706.57
2204.73
2266.24
2453.56
2246.34
2218.97
2191.19
2583.83
2300.83
2190.45
763.162
2318.54
2419.13
2389.51
2365.46
2457.85
1662.67
1921.83
2008.68
1219.14
2460.21
2238.91
2156.5
2419.58
1788.42
1575.99
2039.79
1983.19
2050.97
1198.79
1253.34
2145.95
1460.44
2332.36
2182.96
2326.52
2056.17
2296.65
1942.49
1531.11
1927.06
2063.64
1938.64
1647.56
1531.41
844.774
2159.09
1968.04
2194.03
2156.14
2184.78
2009.77
492.262
263.393
2221.84
1994.45
1901.56
2240.24
2186.7
2188.55
935.485
1709.41
2210.36
2250.75
2193.16
2198.78
2423.71
2374.49
2437.24
2419.73
2464.5
2250.76
2467.43
2343.47
2244.87
2307.88
2447.67
2436.61
2482.7
1586.45
2291.32
2532.07
2576.84
2591.09
1750.09
1552.62
2366.41
2442.61
2505.84
2577.57
2447.48
2295.48
2585.04
2278.12
2463.89
2223.91
2377.57
2208.17
1376
2471.69
2408.66
2461.48
2423.73
2410.26
2410.52
2323.86
2462.7
2453.25
1926.51
1542.24
2402.85
2397.56
2588.8
2000.93
2467.73
2495.25
2615.27
2483
2521.03
2450.63
1729.69
2495.74
1768.6
2477.87
2160.89
1429.29
1956.72
2466
2470.28
2493.41
1380.29
2275.31
2099.11
2180.55
741.69
826.561
1987.34
1743.87
2060.41
548.599
2319.64
1981.87
2412.04
2532.59
2664.97
2467.54
2441.17
2406.63
1760.21
2295.2
2531.72
2606.7
2507.03
2352.03
2507.25
2425.75
2480.34
2412.69
2478.82
2439.94
2447.25
2434.01
1668.77
660.027
2488.7
2449.93
2553.06
2428.56
2343.61
2342.86
1673.11
2348.14
218.27
925.154
1122.73
266.519
554.458
1891.29
2215.98
2254.05
2033.88
2142.39
1756.59
885.037
606.214
331.238
1226.98
1746.55
1905.6
2052.31
2107.9
1993.02
2001.97
2140.29
2224.31
2118.26
2097.16
2249.25
1206.35
37.689
1689.33
1575.99
2109.58
2069.28
2232.1
1959.34
2110.3
2266.07
2175.76
2219.5
1348.14
1302.1
2268.02
2124.15
2133.12
2384.44
2213.97
1150.59
2343.53
1073.63
2210.83
2393.97
2141.21
2336.99
1855.13
2310.93
1596.77
1966.71
2320.14
1241.11
1934.45
1291.57
2282.82
1546.01
2345.97
2254.89
2130.22
2118.6
2279.97
1381.8
1938.88
2299.68
2023.96
2221.18
1710.61
545.907
2120.97
2095.69
2359.57
2258.21
2337.78
2344.59
1359.62
134.816
1253.41
2364.28
1618.5
2468.64
2359.69
2336.19
1732.86
865.398
2454.97
2477.88
2483.63
2454.73
2493.07
2492.25
2251.87
2516.29
2398.3
2406.02
2380.97
2422.67
2487.26
2519.9
2364.7
2604.3
2575.96
2377.54
1564.16
2355.88
2357.56
2400.41
2508.98
1685.55
1959.75
2518.17
2459.21
2526.86
2499.81
2525.65
2537.62
2485.13
2380.27
2407.05
2328.55
2386.21
1631.7
2212.3
2525.19
2566.07
2564.03
2663.59
2429.86
2405.66
2467.48
2567.93
2380.31
1222.31
2452.11
2275.49
2393.22
2131.79
2410.04
2513.14
2591.05
2534.61
2504.31
2487.07
2428.85
1931.92
2044.67
2171.39
2177.36
1927.17
1484.41
2563.5
2394.33
2490.6
2185.18
1700.06
2011.57
2307.85
1871.72
193.144
2106.27
1334.63
2598.92
1565.64
1366.7
2512.62
1861.62
2568.08
2540.88
2517.65
2601.78
2516.49
2546.79
1780.77
2623.1
2560.79
2728.16
2498.62
2475.66
2631.27
2383.89
2533.65
2635.35
2460
2554.1
2337.61
2392.11
473.995
1919.07
2587.05
2547.99
2596.7
2548.22
2541.82
1823.07
2480.24
2546.18
145.674
1003.12
1136.98
300.556
564.355
2055.39
2435.76
2449.81
2189.92
2475.64
2385.82
1064.18
778.463
284.577
1550.71
2051.89
2415.02
2352.47
2533.32
2290.12
2299.42
2648.13
2555.97
2443.99
2519.44
2529.97
1698.93
88.341
1575.01
1873.27
2354.12
2451.49
2532.76
2270.68
2326.01
2546.22
2633.99
2600.21
1418.74
1527.78
2466.75
2429.82
2395.21
2428.28
2356.82
1139.89
2470.81
1285.53
2217.81
2640.73
2251.84
2558.22
2063.22
2487.59
1716.71
2296.75
2673.5
1518.27
1981.64
1449.8
2458.67
1729.14
2539.28
2634.55
2494.37
2441.99
2518.18
1481.36
2104.04
2515.38
2096.45
2488.02
1866.66
824.337
2012.85
2371.7
2552.62
2481.55
2479.93
2599.47
1684.9
197.606
1250.89
2547.68
1741.45
2594.06
2396.11
2452.26
1950.66
846.935
2541.36
2477.82
2557.48
2643.37
2687.55
2620.02
2336.58
2571.25
2461.02
2556.46
2486.51
2569.95
2497.15
2532.55
2389.32
2638.34
2673.71
2531.52
1598.38
2589.01
2674.51
2736.09
2522.75
1870.1
1914.79
2612.45
2579.19
2636.45
2628.7
2670.08
2602.71
2679.04
2409.48
2366.97
2352.83
2336.32
1684.02
2193.44
2699.11
2672.87
2575.45
2547.22
2423.49
2374.54
2466.49
2708.99
2457.36
1136.62
2617.11
2500.37
2577.85
2127.77
2550.6
2680.12
2699.87
2647.1
2611.06
2541.85
2570.08
1919.85
2278.6
2091.02
2325.26
1890.9
1479.62
2604.17
2559.95
2411.58
2256.42
1810.7
2187.48
2597.66
1912.31
176.795
2128.2
1279.02
2510.01
1611.51
1268.9
2474.46
2065.8
2639.09
2710.44
2693.11
2604.65
2625.1
2625.79
1781.77
2673.9
2550.24
2752.95
2626.1
2649.11
2652.43
2581.37
2591.43
2574.37
2580.79
2630.46
2419.64
2585.37
736.023
1695.78
2643.87
2672.37
2583.39
2656.6
2532.97
1875.34
2538.64
2660.77
