1599.56
1542.35
1494.6
1525.37
1398.97
1162.99
1308.84
1551.31
1521.73
1548.12
1561
1585.89
1523.09
1451.56
1519.37
1616.72
1617.59
1540.28
1498.26
1475.02
1598.79
1609.91
1554.81
1567.74
1566.17
1489.23
1636.45
1506.05
1427.55
1515.32
1409.71
1478.85
1413.85
1378.27
1373.67
1341.85
1474.3
1618.82
983.377
1612.22
1532.2
1492.87
1518.28
1435.57
1485.42
1583.95
1566.12
1550.19
1315.12
1397.41
1418.47
1454.18
1593.1
1600.78
1596.98
1540.75
1577.78
1467.62
1553.78
1594.81
1491.84
1549.26
1497.09
1550.97
1557.47
1587.45
1570.73
1362.55
1538.77
1551.58
1576.9
1367.09
1395.25
1339.8
1237.82
1238.41
1476.3
1375.24
1543.34
1527.51
1526.56
1520.53
1496.22
1538.42
1557.2
1555.13
1499.3
1506.4
1567.04
1521.5
1588.65
1583
1540.61
1500.03
1595.93
1485.51
1568.53
1613.77
1573.78
1541.25
1601.09
1537.59
1575.21
1573.34
1509.61
1536.28
1531.01
1449.28
1527.01
1425.11
1520.12
1468.18
1633.36
1432.75
1634.11
1595.95
1592.77
1556.46
1503.65
1534.6
1521.64
1583.14
1502.63
1558.82
1563.08
1457.38
1546.31
1571.77
1555.41
1506.45
1497.92
1236.09
1315.95
1076.74
1152.32
1255.31
1144.93
1162.81
1511.95
1568.33
1545.97
1584.66
1056.6
1448.07
1546.91
1609.39
1540.53
1584.42
1579.43
1556.9
1466.22
1596.46
1554.29
1551.06
1593.19
1440.1
1455.02
1368.37
1462.7
1562.7
1563.99
1545.69
1599.13
1526.4
1525.22
1598.08
1585.38
1489.19
1550.6
1523.84
1490.49
1596.91
1495.41
1489.55
1581.51
1624.01
1567.41
1576.26
1564.79
1466.52
1499.29
1519.85
1515.42
1553.13
1554.29
1534.36
1524.46
1549.52
1455.99
1608.99
1547.77
1527.41
1578.03
1563.78
1408.35
1571.55
1481.67
1477.11
1533.2
1569.63
1529.83
1565.58
1492.56
1456.83
1561.19
1448.1
1331.21
1278.74
1394
1528.42
1576.86
1441.1
1493.33
1524.29
1541.99
1368.89
1588.82
1449.46
1554.24
1491.92
1459.4
1448.72
1580.17
1610.88
1586.68
1503.37
1461.68
1628.83
1484.78
1379.58
1401.32
1374.48
1443.46
1375.23
1376.65
1206.09
1448.05
1396.57
1502.41
905.259
1598.23
1583.11
1427.93
1499.09
1491.43
1453.67
1586.39
1343.23
1437.67
1277.91
1468.73
1294.82
1452.6
1452.51
1666.45
1522.28
1457.96
1448.21
1504.45
1609.26
1484.17
1464.7
1473.67
1526.41
1645.1
1442.03
1545.9
1431.9
1601.2
1374.09
1567.64
1408.65
1439.53
1432.81
1314.95
1296.17
1282.98
1499.24
1258.21
1551.57
1450.47
1490.21
1536.04
1347.76
1616.29
1530.14
1569.63
1424.57
1500.97
1494.94
1475.4
1500.38
1460.92
1521.38
1558.28
1496.47
1437.57
1507.31
1515.43
1624.08
1591.3
1455.57
1417.85
1547.24
1659.58
1425.65
1496.05
1430.25
1530.6
1513.98
1433.04
1423.25
1455.02
1689.22
1397.33
1551.08
1512.16
1532.84
1563.61
1464.87
1462.76
1463.33
1571.93
1496.49
1505.34
1421.35
1571.6
1576.81
1525.98
1391.22
1457.17
1485.06
1165.01
1252.2
1272.12
1043.72
1189.61
1167.23
1119.05
1466.7
1650.16
1443.59
1538.32
941.822
1615.86
1543.2
1532.35
1429.06
1516.17
1596.22
1455.6
1452.03
1480.9
1611.91
1547.51
1538.05
1396.71
1441.16
1419.04
1270.3
1543.21
1450.59
1549.59
1609.07
1520.17
1431.66
1542.45
1527.28
1424.34
1424.71
1540.32
1488.09
1558.07
1409.61
1467.71
1549.26
1532.99
1580.47
1493.94
1437.62
1537.61
1508.95
1496.05
1419.75
1554.29
1495.24
1449.75
1478.14
1485.98
1486.07
1547.35
1440.32
1467.38
1553.77
1594.96
1353.69
1456.34
1460.7
1556.56
1517.29
1476.29
1506.96
1510.87
1400.63
1394.18
1212.97
1252.12
1237.57
1327.58
1402.68
1427.63
1451.44
1400.48
1432.06
1343.74
1447.37
1487.16
1467.18
1380.28
1409.94
1472.21
1402.51
1439.24
1535.62
1425.78
1418.51
1433.87
1457.87
1419.76
1398.62
1359.1
1277.91
1342.36
1323.66
1260.51
1316.97
1242.31
1268.11
1389.22
960.965
1429.46
1466.24
1415.01
1359.6
1360.52
1486.93
1390.29
1365.69
1414.88
1206.47
1236.51
1355.21
1358.01
1535.08
1440.65
1504.7
1409.7
1383.82
1330.55
1477.79
1462.25
1417.57
1456.29
1402.69
1401.76
1507.05
1535.74
1403.53
1368.82
1405.99
1411.06
1469.02
1253.43
1311.25
1233.63
1299.44
1234.91
1304.72
1178.57
1412.23
1425.84
1417.78
1455.38
1391.85
1367.54
1493.83
1470.17
1401.94
1360.63
1464.02
1368.44
1438.72
1460.83
1405.49
1426.43
1414.43
1401.31
1437.98
1475.76
1497.94
1444.76
1392.31
1467.52
1473.94
1374.81
1401.54
1520.15
1325.89
1375.28
1428.95
1344.1
1368.32
1305.67
1544.07
1324.3
1523.87
1454.45
1441.48
1460.17
1436.63
1452.16
1349.29
1422.29
1395.72
1422.38
1481.9
1317.49
1503.53
1426.64
1440.86
1393.4
1372.25
1133.89
1288.01
1006.78
1048.16
1182.32
1018.52
1061.04
1435.89
1446.73
1432.42
1467.38
1169.74
1003.28
1519.46
1470.68
1437.89
1405.7
1486.06
1400.06
1445.52
1507.23
1443.7
1411.76
1495.82
1362.65
1414.8
1302.48
1286.67
1407.8
1420.67
1463.28
1461.32
1420.42
1502.72
1446.48
1476.02
1363.3
1382.38
1353.57
1415.3
1514.9
1323.54
1279.94
1479.91
1490.74
1444.29
1506.65
1389.49
1406.5
1433.65
1387.6
1396.72
1383.95
1465.19
1443.78
1389.83
1416.65
1377.96
1407.91
1472.25
1451.78
1448.63
1363.12
1458.61
1374.25
1334.07
1351.27
1475
1443.95
1340.58
1383.86
3122.01
3026.51
2852.74
3813.82
3000.94
2351.1
2603.01
2777.63
2955.41
2996.69
2907.06
2937.59
2864.73
3817.66
3295.61
3048.53
2949.24
2849.35
2872.99
2765.03
2997.57
3009.01
2880.71
3955.17
3380.88
2871.33
2966.43
2847.8
2679.75
2793.24
2552.73
2482.14
2640.24
3501.73
2925.43
2431.72
2705.74
3080.76
1743.1
2977.85
2876.13
2855.96
2799.59
3816.12
3282.66
2910.71
2743.82
2763.76
2455.51
2468.66
2543.09
2821.33
2933.74
4003.06
3390.14
2903.3
2769.44
2942.94
2872.14
2996.99
2890.51
2914.19
2876.64
3891.39
3426.02
2982.41
2830.1
3406.27
2226.43
2873.11
2819.86
2464.27
2570.07
3554.5
2889.57
3556.95
1631.67
2355.72
2991.53
2932.58
2895.66
2882.57
2845.06
4020.01
3372.76
2867.03
2832.69
2885.15
2922.63
2816.64
2947.97
2928.44
2926.28
3924.68
3368.31
2867.58
2915.83
2901.26
2954.33
2877.41
2910.84
2833.2
2858.43
4043.8
3300.04
2845.5
2828.54
2768.53
2869.18
2746.2
2791.6
2654.8
3055.87
3840.91
3469.48
2976.98
2831.75
2949
2903.76
2951.47
2883.16
2898.22
3014.77
3947.23
3325.97
2914.96
2987.87
2932.04
2890.05
2785.05
2652.76
2194.35
2324.92
3045.7
2427.3
2270.4
2001.33
2175.21
2876.49
2985.04
2912.37
2985.63
1518.29
3930.68
3395.8
2993.91
3008
2836.84
2897.48
2945.94
2829.22
2906.04
2967.1
3934.05
3386.37
2688.55
2708.74
2471.46
2695.23
2750.95
2995.72
2888.67
2940.87
4007.84
3302.02
2919.08
2960.47
2796.83
2694.45
3104.94
2643.05
2903.86
2875.03
3889.27
4126.73
2270.41
2977.1
2885.23
2811.9
2823.22
2864.49
2909.66
2891.15
3945.13
3234.97
2894.63
2866.02
2974.19
2712.34
2861.67
2950.61
2898.8
2972.25
3884.5
3240.44
2887.45
2769.83
2866.74
2866.55
2893.81
2929.78
5503.14
5352.07
5397.61
4539.65
4588.2
4739.16
5223.54
5530.23
5497.86
5483.24
5627.93
5457.75
5134.02
5203.82
5682.99
5651.15
5508.98
5331.14
5385.48
5645.53
5697.53
5674.94
5518.12
5211.05
5496.5
5681.45
5337.65
5128.55
5523.92
5050.17
4886.14
5200.93
4883.59
4362.96
4824.4
5178.05
5522.58
3421.02
5744.74
5406.24
5433.6
5396.26
5308.37
5101.28
5609.76
5217.84
5293.26
4720.31
4774.53
5098.93
5092.01
5536.8
5590.64
5391.91
5414.39
5590.81
5405.91
5635.38
5642.69
5391.85
5517.1
5487.24
5414.24
5547.34
5651.2
5632.5
5121.77
5535.26
5734.75
5512.38
4848.2
5051.49
4727.89
4383.51
4708.45
5092.86
4675.48
5667.21
5592.78
5478.95
5586.44
5096.44
5341.07
5418.45
5537.19
5407.64
5737.15
5592.64
5424.44
5541.35
5625.46
5517.42
5442.39
5092.78
5472.62
5813.62
5636.3
5700.8
5533.04
5811.02
5605.21
5617.82
5253.69
5298.38
5733.12
5381.16
5165.14
5585.59
5032.46
5660
5213.75
5810.26
5180.55
5531.18
5620.44
5613.91
5614.24
5302.84
5586.04
5303.9
5561.63
5455.41
5523.32
5167.85
5308.58
5604.58
5575.65
5325.97
5394.74
5157.32
4115.1
4706.29
4093.84
3406.66
4528.76
3872.52
4140.11
5359.17
5655.26
5631.87
5673.98
3784.39
4902.9
5410.96
5755.8
5485.24
5610.01
5640.64
5477.46
5302.33
5753.56
5593.96
5406.81
5404.21
5351.85
5246.91
4866.36
5174.99
5653.45
5636.99
5700.02
5676.9
5545.9
5303.04
5557.25
5614.67
5340.65
5209.19
5354.56
5463.5
5714.2
5363.81
5448.77
5389.1
5528.69
5730.6
5692.48
5479.15
5307.76
5409.26
5471.06
5330.34
5473.8
5181.64
5516.94
5579.03
5472.81
5181.78
5651.94
5589.27
5528.73
5732.53
5188.12
5219.24
5309.65
5374.13
5474.21
5525.92
5636.27
5570.05
5214.28
