916.106
946.421
1001.15
1021.87
967.329
986.794
970.277
1022.77
974.134
1003.62
987.164
925.713
595.178
1003.68
961.325
1012.25
1031.69
1012.93
1005.28
1046.12
951.635
981.074
1005.94
1005.56
943.196
990.928
614.369
990.192
991.467
1012.68
947.219
1001.22
996.363
996.15
1011.26
1053.12
976.728
980.616
1044.23
980.198
1022.12
1018.3
963.41
1035.1
978.509
1038.4
980.514
966.958
988.892
935.079
1001.85
1004.27
1057.35
1004.4
972.428
542.805
956.975
971.534
1062.58
1004.77
1032.14
977.156
982.254
1006.23
965.147
1044.1
984.698
1034.15
577.915
1027.87
933.71
1074.62
977.932
1019.68
999.722
995.166
946
958.656
1000.8
922.748
999.415
1001.86
1015.66
1018.8
999.47
1018.44
983.189
1006.78
1057.2
943.802
1000.67
1024.73
1030.58
547.089
965.909
948.526
989.786
1026.4
953.072
959.053
963.457
1007.98
964.874
954.434
986.869
1053.02
1041.43
1031.95
968.803
1011.79
1067.3
969.214
1063.17
1008.22
1036.1
694.372
904.44
983.209
930.345
978.429
1047.78
1032.48
944.433
1037.97
1029.15
945.479
1011.87
862.026
739.583
1059.42
900.634
951.822
996.755
963.556
1056.2
976.79
1060.4
1040.63
812.485
700.074
975.813
1001.97
971.531
1058.74
1007.13
972.717
1038.9
996.328
565.511
1004.87
1050.81
983.793
976.109
1041.45
1060.78
1053.61
1000.51
959.858
946.813
1019.64
1000.57
993.956
961.799
950.751
986.034
990.493
992.697
991.309
1023.16
947.126
1004.2
1014.77
670.287
980.344
989.729
983.878
940.002
971.79
1084.05
1029.78
1026.82
1026.4
1066.44
1041.17
992.431
959.891
953.291
1074.38
968.061
1051.86
998.822
1026.78
861.043
907.133
980.17
1036.46
937.075
959.531
962.979
1011.46
996.136
1116.38
1065.34
1175.37
1062.31
1064.78
1094.31
1128.64
1115.33
1104.65
1178.03
1153.74
1109.9
607.775
1150.05
1131.68
1155.91
1122.42
1174.79
1197.02
1130.62
1151.48
1153.13
1140.29
1147.33
1137.26
1104.62
927.618
932.328
1181.21
1053.94
1107.7
1130.01
1147.58
1086.57
1144.74
1082.72
1144.36
1098.68
1123.2
1023.64
1151.99
1127.82
1080.2
1095.61
1102.77
1052.78
1101.3
1075.7
1077.35
1128.7
1105.2
1095.55
1088.16
1137.77
1182.61
933.027
762.181
1108.11
1104.95
1143.68
1128.19
1128.1
1162.74
1087.81
1130.19
1036.25
1122.4
1142.19
933.192
803.96
1145.89
1114.88
1098
1094.05
1084.33
1103.85
1156.64
1162.81
1117.92
1071
1155.07
1081.88
1179.44
1154.8
1185.23
1071.89
1116.91
1075.45
1042.15
1103.56
1147.67
1123.6
1143.54
888.649
938.262
1116.65
1137.87
1096.96
1119.29
1076.65
1164.62
1180.05
1065.77
1113.15
1116.15
1114.33
1106.93
1170.35
1030.18
1098.02
1072.26
1052.54
1113.97
1120.88
1083.95
1106.17
751.59
1115.09
1123.06
1058.88
1122.83
1160.34
1089.56
1046.17
1153.59
1070.81
1124.78
1140.87
701.361
1115.04
1189.23
1136.14
1016.14
1049.37
1068.46
1159.93
1138.29
1154.66
1170.59
655.442
1131.49
1097.13
1122.73
1163.45
1094.02
1170.92
1140.14
1213.01
615.679
1111.71
1169.3
1066.08
1122.38
1089.09
1109.96
1147.26
1128.47
1086.11
1133.55
1161.58
1084.01
1106.11
1064.45
1187.04
1138.73
1174.79
1077.73
1183.09
1152.24
1071.25
1130.2
1181.72
810.521
1172.42
1129.55
1132.16
1012.02
1094.95
1140.83
1058.55
1127.54
1102.68
1084.52
1208.03
1096.31
1085
1059.96
1105.72
1103.85
1172.06
1096.67
1128.27
1103.94
704.771
1136.74
1161.09
1115.64
1115.88
1138.06
1030.81
1100.21
984.001
1081.82
1017.71
1059.18
1047.62
996.425
997.147
1048.61
1115.14
1031.42
1058.67
800.06
830.091
1034.49
1082.91
1109.21
1111.77
1032.59
1051.85
995.998
1068.43
1033.98
1002.68
1035.27
996.121
1073.78
679.137
1013.69
1054.76
1061.76
1047.7
1058.88
1051.66
1082.21
1090.18
1030.53
1077.76
1020.75
946.83
961.957
1088.98
954.864
1072.81
977.421
1022.16
1049.45
1026.73
998.731
1131.57
1015.82
1058.05
1050.1
995.414
949.179
1038.95
589.58
906.26
1036.88
998.755
1049.89
1036.22
1064.45
991.546
1012.6
1059.59
1055.9
1010.29
1063.41
643.851
1042.5
1079.74
1063.09
977.174
987.032
1046.36
1062.8
978.755
1052.14
987.295
1002.83
996.567
1051.57
1005.88
1003.41
1004.21
1079.96
1124.73
1029.22
1098.87
1049.02
1041.03
1075.64
1001.84
628.298
1041.74
1028.72
1070.55
994.58
1005.39
1036.98
1016.51
1079.21
1050.53
1054.22
980.515
1059.96
1026.76
1032.9
1036.09
961.051
1028.14
1033.45
1020.39
1034.37
1061.27
598.342
989.2
1020.95
1018.55
1046.83
1047.84
953.064
1027.99
1063.64
1050.27
1074.1
1065.04
759.763
922.939
1026.41
1024.53
1066.07
1127.77
1032.8
1072.63
1028.55
982.24
1080.03
799.166
837.303
1096.76
1103.47
1061.89
1079.7
1067.49
1055.7
1048.01
1011.29
658.974
1075.15
1076.16
1076.98
1064.22
1053.35
1011.01
997.244
1053.65
1005.02
1059.89
1031.02
1015.62
1081.09
969.356
1066.52
999.435
1018.47
1025.81
996.43
1060.22
1096.24
1040.94
1099.97
729.629
1038.03
1047.03
1069.09
1036.44
1033.8
1004.04
1082.94
1072.29
1124.01
1056.98
1075.23
974.257
1077.39
1016.19
1057.07
1062.19
1033.51
1039.65
1010.35
688.837
1004.57
1069.58
1028.57
998.706
1032.93
1000.18
967.975
1019.9
1088.83
1062.68
1049.46
1059.63
1012.18
1109.81
1014.2
1028.25
1104.9
1043.28
1059.56
953.212
602.182
1094.15
1139.1
1116.03
1066.14
1029.07
1048
1032.24
1105.43
1018.32
1085.3
1081.67
1073.25
1005.12
853.771
833.77
1088.38
1037.8
1059.5
1059.42
981.504
1067
1062.09
1009.67
1045.49
1080.71
1010.72
944.021
1093.65
1020.75
980.68
1043.63
1037.18
1026.39
1047.82
1006.68
1041.97
1024.79
1010.69
1006.14
1081.53
1027.1
961.02
862.121
666.833
1057.2
1033.66
1003.86
1053.62
1068.5
1057.09
1057.54
1061.37
1087.24
1030.62
1054.2
890.026
700.88
1092.76
1039.16
1019.42
1099.94
1006.72
1052.26
969.453
1024.88
1015.25
1041.46
1087.5
1098.14
1097.9
1086.41
1058.04
1136.46
948.633
1065.87
1032.35
1013.2
1021.24
1064.36
1082.02
728.131
927.518
1034.77
1027.62
1102.72
1067.57
1075.5
1011.48
1054.73
1053.26
1063.01
1011.59
1038.25
990.914
974.159
1032.28
1015.37
1048.9
1001.78
1033.77
1041.78
1031.27
978.948
683.514
1070.82
1007.22
927.072
1078.91
1063.07
1097.32
1041.56
1006.78
988.966
967.439
1020.83
679.558
981.076
1047.41
1101.16
1017.49
1032.3
1076.61
1052.43
1014
1026.08
1040.03
554.422
991.39
1033.11
1019.72
1037.84
1090.23
1043.54
1031.55
1046.99
585.44
1137.95
980.237
1116.33
1088.86
1034.07
1088.01
1010.26
1077.5
965.689
1062.73
985.701
1057.33
990.609
1064.38
1028.14
1056.45
1105.82
1111.28
1061.23
1026.97
1038.89
1061.35
1031.52
769.765
1094.11
1054.77
1058.22
1025.73
1027.34
1000.95
1027.71
1114.37
1069.93
1018.82
1076.08
1081.52
1056.24
1024.43
971.652
1037.31
1047.23
1079.41
1099.8
1021.73
635.921
1088.31
1063.3
1080.01
1048.5
1028.02
982.202
1067.47
1006.43
1037.8
1040.24
1027.39
1019.83
943.427
1024.24
1050.39
965.567
1069.8
1069.85
838.065
759.11
1058.03
1025.41
1001.98
1011.84
1030.74
1090.09
1037.1
1023.32
1006.37
1067.41
1070.56
996.129
974.724
709.793
1059.37
1086.7
1026.86
1028.84
1004.83
1020.4
1033.4
1014.71
1009.09
1008.54
1013.17
978.944
913.694
1023.5
1074.02
1008.03
1052.29
1062.11
1020.92
1079.06
1016.65
1044.96
1009.92
991.711
1062.08
1089.77
1051.99
995.435
554.237
1054.47
1064.52
1039.81
1030.22
1023.43
1084.77
1068.46
1052.96
1034.38
1029.6
942.271
1012.45
591.294
1021.44
1033.85
1038
1043.86
1058.36
1052.6
986.565
1011.15
992.844
1047.74
1027.22
1114.63
1004.11
1001.34
1007.29
1067.07
1033.46
1012.59
1025.24
995.819
1116.8
1013.54
1041.78
1077.62
651.81
1007.91
1097.86
1032.75
1012.04
1077.02
1048.38
1093.49
1078.52
1025.91
984.945
1038.62
1038.91
1026.84
981.051
933.4
1004.61
1073.57
978.221
1070.53
1004.73
1070.03
575.859
1011.61
1055.38
986.752
1065.46
989.403
1011.73
1052.05
1085.84
1013.37
1080.56
1026.81
805.268
894.286
1005.64
1101.4
1005.06
1066.93
1068.91
1043.17
1058.39
1029.39
1050.97
786.47
891.9
1055.92
1053.07
1054.63
952.901
1063.74
1094.25
1011.71
918.973
604.795
1063.64
1019.24
1027.32
1046.72
1009.43
1094.2
1079.17
993.209
946.404
1014.45
1075.99
1009.69
1077.16
965.534
1042.01
1105.88
1069.51
1055.37
962.006
1027.57
1073
1054.67
1016.23
744.3
1036.76
1083.07
1009.26
969.706
1055.49
1026.54
1000.09
966.598
1060.57
1073.59
1014.67
1027.9
989.525
983.949
1028.65
1064.47
1011.87
1003.84
1080.44
693.22
966.542
1027.37
1066.94
981.805
1048.77
1011.79
998.652
1036.04
