1639.78
1940.38
1415.48
1637.77
1720.62
1859.49
1583.82
1435.58
1404.7
1360.02
1535.06
1561.65
1424.07
1318.35
1412.26
1203.41
1064.24
1805.77
1504.64
1421.23
1041.58
1469.34
943.936
1552.08
1851.98
1733.02
1338.15
1406.87
1429.1
1306.92
1746.8
2023.65
2014.16
1952.27
1581.21
1432.05
1605.53
1691.65
1041.85
1321.96
1719.28
1419.22
1466.3
1379.53
1146.71
1379.5
1308.96
1429.97
1973.22
1658.12
1280.53
1061.5
821.601
1431.1
1352.27
1840.85
1910.12
1662.53
1558.03
1904.11
1949.28
1428.21
1104.24
952.674
1073.96
1105.34
1378.23
1523.34
1807.97
1244.15
1123.19
764.675
1532.71
1309.17
1199.76
995.176
1111.09
1430.67
1627.23
1807.68
2028.65
1648.11
1437.85
1727.04
1916.31
1653.89
1204.66
1069.28
1514.52
992.039
1941.82
1788.34
1287.53
933.414
1584.61
1973.48
1949.82
1901.14
1615.36
1559.99
1319.95
1550.05
1134.46
1380.21
1184.45
2135.35
2038.02
1951.94
1608.04
1763.93
1833.45
1723.68
1608.81
1413.12
1104.17
793.729
846.543
2022.93
2117.53
2214.45
1756.92
1677.1
1639.38
1525.99
1254.03
981.714
912.527
1634.13
2383.1
1817.95
2187.71
1695.27
1642.46
1116.44
923.005
1158.11
1124.81
754.982
942.908
1229.21
1596.07
1897.56
1272.49
1633.35
1666.84
1334.79
1100.17
1319.13
1365.39
1827.54
1622.37
1463.61
1157.17
1274.3
1051.06
716.469
1272.1
2104.02
1532.37
1254.91
1523.44
1110.08
1057.12
1392.12
1699.29
2191.6
1687.56
1626.35
1111.54
886.47
1415.7
1735.79
1295.93
1697.77
1576.8
1698.32
1440.16
1479.82
1719.11
1261.94
1690.3
1433.46
1720.69
2293.79
1941.76
1495.18
1422.11
1979.12
1905.45
1832.28
1798.86
1757.94
1194.12
1393.42
1062.32
1415.39
1334.21
1056.33
878.39
825.746
875.04
469.31
929.184
633.402
650.712
683.793
1034.37
1014.03
824.317
692.108
780.406
1063.19
746.172
562.791
874.332
891.233
741.411
532.841
761.39
934.669
659.537
609.947
558.849
777.085
660.013
1015.89
1002.76
845.61
584.577
886.233
724.575
859.448
1135.08
1060.73
1079.51
1028.87
989.741
774.076
1081.59
810.644
407.511
786.165
829.868
539.856
665.168
528.965
535.44
655.073
560.469
996.961
1100.9
773.534
755.445
315.278
705.955
833.243
843.303
963.614
743.171
799.246
911.64
1019.35
908.657
806.68
445.022
653.004
574.437
540.349
339.593
433.209
637.506
578.342
453.977
449.111
784.682
881.507
674.599
520.665
848.809
755.187
747.01
1016.22
946.469
745.798
725.988
731.914
1189.78
905.375
476.569
746.104
651.655
492.994
1221.4
997.857
495.473
484.178
1126.66
1290.39
870.161
719.275
402.352
805.883
496.58
414.661
463.348
658.413
845.751
1042.34
1288.21
1701.31
989.986
800.643
860.962
1045.38
1041.37
725.943
476.234
278.882
602.625
1219.37
1123.91
1027.44
756.142
1031.03
694.436
713.677
544.855
415.948
724.579
819.355
1287.21
1063.46
1364.1
1016.9
566.132
507.73
489.498
616.325
496.219
296.942
453.101
953.581
895.326
766.434
505.009
1005.44
1053.04
467.315
545.26
469.976
932.177
927.424
802.761
789.809
515.158
763.755
476.837
353.58
1083.84
1075.6
625.697
855.565
753.038
425.16
640.582
750.861
1037.4
1136.84
1037.84
798.565
661.049
452.198
835.807
977.231
752.524
797.288
866.257
806.842
599.174
899.536
497.114
664.399
765.702
748.736
795.528
1158.12
1022.4
655.774
764.999
1081.33
1077.74
1171.17
915.865
903.706
604.138
865.685
545.013
510.015
693.774
392.212
574.703
296.835
535.232
796.716
623.894
648.899
435.828
878.016
1092.7
674.351
763.197
651.819
711.58
610.872
628.851
728.354
778.223
683.131
525.186
592.545
841.131
660.805
555.733
507.382
741.458
465.694
791.775
909.183
787.041
523.353
835.346
721.127
582.441
913.029
1116.56
1071.24
876.723
824.279
771.498
896.63
802.742
365.879
766.951
812.068
540.591
573.69
523.159
553.036
666.064
381.391
683.292
960.052
826.689
516.159
367.873
510.591
614.533
742.238
1086.17
693.073
767.647
896.139
957.33
1090.12
761.08
359.652
515.462
581.871
573.348
383.642
315.543
642.004
502.274
381.706
332.292
831.791
724.013
685.03
529.739
563.841
651.931
840.875
1071.18
928.23
706.838
719.258
712.257
1022.25
943.497
506.508
858.128
813.062
355.414
882.229
1086.35
510.333
439.799
863.712
1089.71
853.662
746.168
529.973
493.507
520.108
472.791
458.162
503.135
693.15
875.743
1016.04
807.673
785.495
826.958
927.688
839.847
769.471
718.893
506.083
398.819
498.246
980.212
1089.87
1037.03
684.768
885.676
682.209
805.681
547.055
487.045
447.534
1017.45
972.274
896.172
1118.79
972.079
678.893
548.792
488.433
497.468
482.432
356.286
329.092
741.845
758.661
890.936
421.019
976.213
905.774
556.026
626.798
390.203
703.538
722.07
841.917
663.939
351.619
585.193
493.371
325.607
893.54
938.741
622.621
812.437
676.582
494.791
618.125
608.102
1041.83
1064.19
1015.24
725.792
570.992
425.711
646.319
911.019
728.708
684.62
774.404
818.157
527.825
698.287
683.875
657.316
611.69
692.941
696.59
1121.28
1044.87
646.347
721.066
950.558
859.402
1077.26
804.181
779.902
662.42
696.379
454.661
420.92
561.919
440.664
411.266
362.233
2929.68
3268.14
2648.31
2196.1
3352.24
3636.22
2677.13
3059.98
2603.55
2696.55
2734.89
2832.72
3048.23
2903.53
2890.45
2704.5
2302.72
3289.95
2649.11
2609.46
2131.26
2793.88
1557.82
2838.29
3411.92
3459.67
2360.36
2693.27
3043.1
2856.72
3678.54
4187.38
3452.25
3700.93
3550.6
3174.59
3319.18
3712.02
2771.86
3306.89
2878.34
2522.74
2523.99
2172.56
2109.04
2616.44
2006.74
2756.8
3560.38
3254.58
2723.44
1788.44
1895.04
2718.71
2995.02
3923.28
3245.71
2930.37
2675.35
3023.98
3486.04
2673.93
1894.47
1848.09
2333.19
2452.95
2288.82
2244.47
2904.32
2452.11
1996.2
1514.93
2934.24
2588.29
2955.29
2474.36
2585.57
2561.76
3218.11
3501.18
3857.54
2989.29
2791.71
3152.84
3774.34
3630.94
2572.35
2663.6
3233.25
2277
3438.01
3703.83
2332.27
1874.48
3438.17
4341.54
3664.01
3341.62
2265.75
2033.83
2330.26
1948.25
3029.08
2579.05
2693.39
3729.16
4063.48
3228.99
3116.68
2896.26
2858.01
3236.36
3219.45
2738.43
2303.06
1776.94
1685.93
3677.76
4116.1
4276.77
3156.92
3181.2
2759.81
2691.48
2964.14
2814.05
2781.08
3325.64
4325.3
3607.74
4150
3597.99
2837.4
2092.25
2131.13
2253.92
2071.98
1458.44
1612.56
2755.78
3442.95
3154.78
2232.87
3183.6
3559.34
2704.16
2091.39
2137.43
2442.71
2854.3
3076.81
2679.85
2173.94
2209.73
2401.1
1814.14
2619.95
3650.62
2821.5
2666.87
3189.29
2311.36
2107.56
2802.38
3536.02
4463.4
3709.98
3048.92
2545.97
1775.21
2770.55
3176.53
2661.83
2879.42
3383.1
3389.53
2468.3
2527.51
2844.05
2364.59
2926.4
3087.06
2766.95
4252.86
3931.81
3651.4
3112.27
3219.9
3552.98
3963.23
3409.54
3255.64
2524.74
2754.49
2326.98
2494.36
2417.84
1914.93
1738.96
1518.82
1739.3
2383.38
4452.49
9806.68
9591.07
9684.25
10517.5
10647.4
9124.64
9649.69
9813
10099.1
9863.31
9108.68
9756.55
10387.1
9640.53
9202.4
10004.4
9968.63
9889.77
8548.8
9584.03
9480.68
8436.44
10117.9
10925.2
10030.5
9414.51
9479.18
10035.3
10122.2
10268.9
10242.7
10598.4
9318.03
3162.59
2501.86
2915.31
2872.28
2478.22
2919.09
2582.57
1902.45
2225.51
1715.04
2370.82
1869.85
1679.11
2683.95
3183.93
2350.88
2030
1181.09
1808.28
2649.48
3177.23
3238.52
2862.01
2923.08
5454.68
10858.9
10596.1
9102.59
9512.83
9089.29
8945.37
8973.56
8814.33
7969.81
9594.8
8967.46
8586.13
9149.74
8258.48
9354.07
9743.14
9406.34
9888.46
8679.83
10160.8
10998.7
9798.76
8866.32
10571.7
9912.78
11640.2
9423
9589.83
9968.6
9816.75
9045.9
9855.05
10340.7
3169.22
1934.54
3499.39
3333.62
3046.9
2800.2
1824.7
1985.93
1923.08
1744.12
2196.55
2345.27
3342.15
3002.95
3136.52
2977.03
3001.45
2679.8
2948.58
2944.75
2918.98
2349.45
2154.58
1238.7
2160.23
3300.13
3569.31
3275.05
2391.71
2801.39
2216.13
2706.8
2555.5
2854.67
2587.46
3440.6
3758.74
3132.56
3465.11
2949.58
2080.82
2042.42
2160.66
1682.01
1778.87
1155.92
1582.23
2722.39
2807.3
2665.48
1627.17
3551.66
3355.65
1854.13
2139.86
1789.27
2625.92
2791.07
2602.7
1980.94
1787.03
1827.23
2109.93
1476.07
3283.36
3252.04
2203.08
2858.03
2542.15
1687.6
2366.02
2515.1
4060.63
3347.95
2807.07
2242.51
1898.68
1479.92
2611.59
2895.17
2423.98
2625.63
3323.47
2723.99
1993.26
2562.92
1987.05
2288.51
2152.14
2824.4
2560.63
3500.38
3876.95
2860.48
2728.66
3129.01
3271.52
3238.03
2911.44
2598.57
2022.48
2328.18
2071.4
1764.05
2198.79
1424.86
1595.67
1199.26
