2140.02
1838.31
1993.14
1961.66
1915.3
1956.37
1725.07
1939.37
2149.68
2131.5
1776.51
1812.37
1855.78
1914.63
1777.1
1577.75
1254.28
1529.86
1526.88
1591.39
1340.94
1560.71
1427.91
1825.23
1642.79
1466.58
1666.41
1541.82
1762.34
1708.5
1798.64
1617.96
2101.41
1958.44
2010.44
1799.97
1808.55
1822.5
1210.6
2127.19
2088.13
1924.61
1763.35
2019.04
1943.38
2030.13
1871.91
1891.11
2041.72
1346.18
1474.37
1431.38
1393.86
1489.88
1465.77
1890.3
2033.91
1701.72
1367.63
1384.95
1488.15
1481.14
1286.46
1635.53
1740.81
1813.55
1904.37
1864.73
1826.63
1796.16
1963.66
2125.05
1811.29
1971.29
1896.45
1699.74
1998.45
1747.18
1920.02
1798.15
2042.51
1788.71
2047.83
1651.98
1581.84
1294.63
795.113
987.157
850.87
1041.2
917.417
1758.35
1781.75
1849.17
1880.79
1829.98
1521.93
1571.73
1631.66
1453.05
1670.53
1188.2
1625.13
2090.52
1866
1756.51
1699.17
1611.95
1954.68
2101.61
1935.2
1925.49
2070.02
1762.93
1377.79
2045.98
2151.86
2015.31
2186.8
1471.13
1538.46
1249.16
1433.77
1780.08
1525.76
1418.8
1886.23
1572.01
1822.39
1852.33
1682.81
1736.86
1562.64
1641.36
1570.86
1417.22
1539.34
1640.94
1856.11
2076.02
2108.43
2098.89
2059.01
1906.44
2053.16
1990.07
1934.01
1979.79
1905.98
1799.61
1900.21
1772.45
1816.26
1334.04
1478.48
1501.23
1369.75
1211.69
1472.75
1467.51
1901.33
1635.5
1786.67
1751.39
1898.99
1763.76
1811.9
2139.34
1702.56
1304.54
1630.25
1463.72
1566.81
1659.14
1465.04
1272.71
1761.99
1842.63
1728
1676.31
1899.42
1944.62
1879.2
1911.4
2112.01
1858.12
2139.57
2164
1710.45
1348.58
1489.61
1644.52
1870.17
1458.44
2097.58
1993.58
2042.4
2065.73
1779.6
1933.54
1918.88
1116.57
811.602
962.122
1046.89
958.566
1049.08
816.138
993.269
1087.34
979.622
772.009
901.255
1002.09
1054.78
883.457
972.638
692.867
821.345
757.553
835.274
635.221
868.489
837.788
758.279
828.142
818.033
958.264
653.212
931.722
835.398
865.025
959.727
1034.54
843.431
1081.66
1016.29
982.423
865.694
748.687
991.582
1129.63
965.989
929.974
876.001
1165.83
1038.94
950.211
905.664
1053.15
742.745
809.339
714.869
752.398
819.275
783.029
908.813
967.445
873.665
922.22
718.784
709.142
806.472
818.364
746.928
746.226
1055.49
935.05
958.66
880.782
929.142
1006.7
1016.09
988.978
944.533
807.018
1025.98
977.995
852.195
851.667
912.485
1013.25
1066.62
812.373
1012.58
743.085
894.064
473.056
494.551
463.08
655.108
526.972
829.689
804.815
1015.63
951.973
987.08
720.881
892.521
736.978
872.61
719.947
579.691
907.228
1056.75
790.684
1064.47
898.044
1014.58
893.254
989.547
931.842
1103.15
1007.75
810.456
721.956
1092.53
1008.83
1085.29
1024.4
702.848
672.664
869.487
690.444
930.451
791.488
769.368
981.078
815.74
926.255
897.127
966.496
904.8
771.843
717.791
816.49
835.093
782.796
748.014
1020.19
1005.57
909.098
1073.31
875.318
1050.93
1069.4
935.266
877.652
1044.93
992.814
920.907
1013.12
803.722
994.41
697.05
717.677
935.526
593.781
716.096
694.194
594.118
923.088
906.497
1082.47
702.723
971.641
1362.1
1817.99
802.391
801.632
731.043
743.864
949.864
649.342
862.806
789.692
710.166
1000.92
855.015
963.155
939.954
997.938
928.224
1037.05
856.401
1208.93
889.181
1198.26
845.877
895.367
669.158
858.864
732.169
908.539
854.058
882.33
1069.58
978.557
969.9
1039.87
813.461
918.131
887.204
974.881
784.84
990.893
723.477
983.607
778.946
1061.78
842.114
1036.36
849.514
835.408
816.624
897.542
902.325
947.209
556.977
769.85
747.517
714.158
760.693
661.691
787.358
631.005
838.839
747.164
667.431
840.499
652.86
952.815
746.296
877.415
852.367
941.752
942.27
881.067
806.03
1013.14
604.444
953.853
994.669
887.421
901.304
859.533
924.9
920.568
978.322
893.681
869.849
806.572
624.499
764.872
612.333
802.136
666.066
732.479
914.516
885.202
765.916
704.915
753.179
695.887
696.315
711.815
819.521
691.04
914.032
947.813
761.443
914.062
1002.04
951.441
906.65
865.479
788.264
873.308
885.199
843.631
858.795
868.324
797.89
851.577
1036.84
830.344
842.205
649.731
453.835
610.216
352.411
518.677
451.181
721.176
835.53
805.649
927.395
912.991
632.069
937.125
705.186
636.622
771.438
616.794
615.405
963.652
877.906
801.975
735.746
875.986
904.109
864.078
953.791
895.791
978.839
821.081
713.855
818.689
976.903
1055.9
986.485
653.241
754.709
618.938
653.395
865.133
696.863
707.508
730.606
1013.59
733.235
821.323
973.694
673.906
869.189
703.276
698.473
667.799
744.867
765.844
852.971
940.346
846.541
978.101
818.737
950.12
893.004
925.765
833.771
989.733
900.264
806.516
1019.74
746.209
907.061
719.796
628.515
797.75
628.001
665.654
582.145
635.543
671.149
901.944
831.772
898.303
670.805
955.955
826.438
982.439
823.356
652.553
563.896
922.848
610.723
783.535
753.459
560.957
749.907
952.708
806.91
824.23
960.035
839.615
886.574
836.544
957.466
940.909
879.818
1104.32
761.716
738.949
592.425
790.781
810.558
637.634
800.348
1046.67
735.943
979.018
1007.18
824.299
872.467
2981.09
2821.68
2932.84
2795
2722.84
3066.15
3031.02
2847.42
2826.34
2683.15
2852.11
2674.74
2913.67
2816.39
2964.5
2746.7
2422.26
2180.48
2051.73
2236.01
2168.39
2182.84
2053.05
2286.39
2450.28
2231.64
2668.2
2187.93
2298.37
2563.28
2558.14
2641.97
2751.7
2903.03
3115.12
2850.86
3172.71
2943.96
1965.94
2916.09
2933.99
2939.13
2994.62
2688.87
2838.56
2996.06
3205.04
2760.77
2793.47
2091.72
2218.38
2137.35
2067.69
2173.22
1999.44
2580.27
3109.21
2741.31
2174.7
2134.87
2241.03
2015.42
2082.74
2106.72
2482.7
2466.55
3154.85
2728.73
2691.22
2652.42
2863.83
2904.63
2897.84
2779.03
2619.3
2637.4
2995.07
2752.8
2599.7
2706.2
2510.01
2849.22
3068.19
2680.73
2290.54
2072.24
1834.06
1471.38
1296.36
1285.61
1212.52
2461.25
2719.63
2653.31
2839.15
2800.52
2609.14
2255.35
2293.53
2032.32
2303.42
1720.43
2084.72
2882.99
2652.4
2736
2887.82
2568.28
2707.46
2946.05
2945.09
2912
2880.59
2983.75
1784.53
2859.87
3256.92
3126.12
3037.5
2302.12
2029.71
2008.85
2143.79
2379.11
2199.58
2119.82
2954.97
2940.88
2575.91
2761.67
2634.31
2533.5
2334.25
2225.62
1947.01
2195.19
2701.86
2236.02
2678.43
2699.01
2960
2725.13
2927.5
2836.54
2764.15
2901.72
3157.23
3060.15
2522.19
2985.09
2880.35
2628.5
2511.72
2090.78
1978.35
2409.55
2113.36
1747.7
1726.34
2337.82
2457.22
2449.73
3292.6
2601.69
2686.29
2758.26
3016.24
2694.95
2577.36
1864.54
2133.32
2256.26
2107.32
2401.45
2048.89
1931.55
2977.91
2840.36
2534.89
2511.08
2877.95
2841.24
2891.2
2866.85
2921.36
3106.06
3451.97
3163.49
2093.07
1973.64
2025.59
2196.4
2425.88
2078.36
2571.42
2956.09
3410.25
2807.54
2708.54
2748.76
2685.11
3894.45
3564.63
3402.56
3687.77
3643.86
3769.52
3867.25
3708.38
4079.91
3933.11
3358.22
3464.35
3650.35
3407.53
3897.04
3666.5
3578.86
2547.49
2717.35
2954
2817.72
2721.7
2891.11
3192.65
3206.62
2950.61
3275.65
3011.2
2797.81
3516.38
2836.81
3230.96
3173.74
3857.15
3972.14
3661.77
4358.54
3501.24
2660.83
3988.3
3874.12
3928.84
3814.46
3647.05
3670.65
3933.99
4141.98
3588.74
3610.16
3151.8
2787.49
2941.38
2773.04
2869.61
2854.28
3039.31
4323.28
3806.91
2866.35
2904.53
3099.74
2999.13
3204.82
3185.36
3094.5
3091.48
4174.74
4017.35
3211.12
3349.44
4032.92
3822.35
3694.31
3612.62
3349.21
3103.13
3802.87
3304.2
3303.99
3106.19
3283.77
3314.13
4034.13
3632.4
3238.04
2790.1
2687.47
1753.26
1439.04
1666.94
1574.3
2430.94
3440.95
3220.73
3560.75
3939.47
3811.58
2935.66
2937.44
2813.03
2813.55
2727.03
2416.31
3580.59
3458.44
3194.72
3685.96
3391.94
3073.59
3695.21
3751.09
3515.54
3719.39
3660.9
1984.21
3859.01
4562.35
3999.19
3831.34
3531.93
2309.84
2704.67
2716.07
3357.43
3123.93
2736.69
3299.47
3320.65
3008.99
3116.66
3264.41
2942.28
3692.25
3128.34
2653.76
2867.63
3535.78
2866.38
3333.23
3633.7
3728.03
4006.14
3634.29
3701.52
4017.68
3801.8
3953.42
3965.7
3658.37
3424.8
4020.68
3441.55
3298.17
3380.97
2366.98
3056.34
3146.01
2371.42
2156.15
2577.21
2830.31
3453.1
3093.01
3454.48
3384.16
3325.11
4415.24
3670.94
3390.91
2577.61
2713.54
2986.98
3056.12
3075.6
2650.21
2683.47
3172.09
3509.63
3269.48
2927.72
3544.35
3747.07
3646.46
3755.68
3965.39
4214.64
4317.25
3833.14
3266.54
2848.64
2355.69
3216.13
2975.12
2892.08
3114.72
3940.24
4348.78
3660.32
3585.57
3594.81
3767.09
