2163.8
1972.66
2073.24
2123.12
1850.69
2029.63
2066.84
2123.75
1901.65
2250.05
1908.54
2149.81
2003.54
1975.03
2085.11
2144.72
1957.06
2104.9
2072.64
2126.01
1976.43
1909.34
1982.6
1897.15
2236.22
1981.19
2233.4
1791.06
1859.82
2135.17
1876.94
1772.02
1992.37
1829.57
1738.74
1916.84
2006.59
2164.09
2023.98
1964.15
2108.76
2026.48
1994.79
2262.86
1965.07
2041.15
2003.46
2025.65
1863.67
2059.24
1934.53
2273.77
1593.35
2258.22
1854.95
1727.91
2052.64
2065.72
1925.74
1879.16
1969.13
1915.96
2109.48
2232.06
1930.22
1800.56
2130.64
2100.98
1982.3
1852.24
1968.57
1736.11
1881.07
1927.54
1793.83
1709.19
1962.36
1745.01
1790.31
1761.04
1713.76
1765.07
1902.95
2045.25
1854.67
1993.58
2220.73
2033.47
2139.34
2029.03
1978.76
2131.92
1996.03
2194.44
2190.32
1908.94
1966.15
2110.28
1929.58
1966.74
1842.79
1904.73
1874.99
2015.93
1923.45
2113.07
2069.12
2087.24
2023.7
1894.9
2261.61
2103.77
2010.36
1983.33
2035.67
1919.37
2220.03
1999.39
2065.92
2077.61
1825.62
2059.53
2208.25
1935.27
2141.57
2024.83
1956.85
2058.98
1638.2
2016.15
2141.2
1866.25
1995.79
2101.63
1907.17
2174.31
2047.11
2126
2174.26
1766.1
1795.3
1870.27
1795.92
1777.52
1999.84
2038.38
2042.14
2094.61
2172.85
2041.72
2046.49
2125.94
2171.16
1943.89
2050.76
1899.64
2042.5
2009.17
2056.47
2159.55
2137.08
1797.75
2066.9
1881.82
1933.19
1845.09
1917.62
2016.67
2178.19
2047.35
2061.8
2033.72
2061.6
1846.36
1804.22
1637.01
1626.67
2033.09
1662.85
1899.4
1819.43
1673.28
1851.18
1586.92
2028.82
2063.38
1856.5
2178.54
1992.76
2055.08
2119.4
2039.62
1990.55
1992.25
1828.97
1949.67
2306.91
1965.29
1216.02
1987.28
1970.56
1989.72
1987.74
2112.23
2256.73
2048.51
1866.12
2159.23
2152.86
2003.86
2071.65
2225.28
1847.93
2258.99
1932.98
1968.36
2261.4
2199.83
2111.99
2139.04
1898.69
2129.44
2162.74
1750.12
2010.54
2068.96
2213.41
2231.52
1980.91
1932.58
1824.74
2189.62
1733.36
1962.76
1869.67
1943.23
1580.79
2204.27
2017.77
2018.03
2195.72
2113.59
1851.97
2158.41
2198.28
2189.06
2229.34
1919.2
2094.72
2051.07
1758.11
2084.11
2164.24
2020.35
2009.94
1910.17
1934.79
1957.93
1923.71
2070.21
1928.14
1863.2
2017.04
2169.04
1888.81
2209.6
1983.29
2073.4
1956.95
2162.38
1890.69
2215.21
1659.5
1944.14
1942.66
1619.07
2157.09
1969.79
1580.35
2031.22
1935.94
1705.02
1844.24
1681.71
1962.59
2256.61
1949.24
1849.18
2071.35
2345.74
2021.98
2276.84
1889.39
1930.24
2302.56
2065.87
2172.53
2071.88
1930.22
1876.52
2082.18
2007.38
1861.99
1801.6
2028.7
2030.38
1937.34
2312.28
2238.29
1787.49
1944.48
2136.99
2163.99
2151.27
2082.5
1987.28
2093.37
2121.8
1951.1
2216.89
1898.76
2002.59
2219.88
2057.42
2030.09
2205.14
2129.6
2122.51
1767.11
1885.91
2021.4
1956.96
1926.01
2010.31
2070.59
2033.49
2148.55
2236
1928.53
2389.38
2001.21
1735.98
1711.3
2069.44
1777.32
1955.92
2037.93
2005.34
2216
2100.08
2162.08
2151.68
2162.92
2063.26
2036.35
2085.36
2098.67
2144.93
1914.74
1965.46
2152.02
2225.56
1876.42
1937.92
2094.61
1936.96
1914.42
1942.06
1871.83
2216.91
2201.97
1851.98
2213.45
1940.5
2014.08
1937.53
1647.99
1673.56
1775.32
2132.03
1862.23
1735.58
1753.33
1904.78
1755.44
1830.67
1841.85
2197.98
2096.06
2098.18
1958.2
2112.48
2009.08
2150.06
2024.28
1833.19
2075.84
2381.35
1893.64
1482.7
1908.54
1912.1
1684.85
2210.61
2094.46
1833.63
1984.41
1973.55
1942.13
2119.14
2058.44
2083.55
1837.34
2065.45
2006.11
1866.02
2181.53
1864.52
2106.33
2119.58
1870.74
1916.32
2203.1
1716.17
2035.13
2054.72
2003.05
1992.3
2265.34
1834.62
1741.67
2016.03
1641.57
1918.95
1894.22
1777.72
1636.91
1964.91
2011.89
2035.44
1970.89
2137.57
1809.42
2012.76
2228.45
2127.34
1991.67
1888.27
1992.15
2021.36
1813.45
2053.27
2016.91
1872.11
1823.77
2102.52
1705.71
1862.12
1959.93
1952.19
1784.93
1979.57
1897.14
1974.06
1942.29
2068.33
1863.88
2054.64
1897.5
2040.42
2097.39
1877.97
1661.74
1813.34
1892.59
1814.84
1886.05
1685.52
1736.8
1913.42
2337.15
1105.09
1756.23
1583.42
2008.15
1921.55
1850.92
2099.77
1859.34
2112.32
2213.05
1976.55
1905.54
1831.89
2191.79
1974.73
2196.76
2039.37
1839.32
1893.09
1878
2012.14
1789.37
1858.49
1717.55
2030.46
1955.54
1958.57
2123.95
2003.65
2034.09
1769.31
2258.36
1922.36
2180.06
1830.25
1991.37
1884.4
2016.78
2173.29
1792.62
2194.91
1972.26
1986.22
2054.85
1963.22
2117.43
2075.12
1857.26
1809.07
1984.66
1717.05
2016.11
1891.22
1934.87
1990.83
1891.31
2170.37
1948.31
2140.65
2152.94
1640.17
1525.15
2085.81
1846.01
1661.37
1969.95
1984.04
2060.78
2018.39
2088.19
2102.58
1976.52
2040.88
2195.59
1922.15
1878.35
2097.33
1857.99
1829.52
2174.26
2074.27
2048.37
1787.15
1872.61
1988.23
1918.25
1635.9
2090.76
1728.69
2264.86
2057.11
1794.63
2121.72
2048.99
1664.6
1849.64
1564.55
1743.75
1995.05
1683.37
1759.75
1610.09
1899.64
1603.16
1634
1932.91
1997.39
2012.92
2032.5
2017.34
1897.88
2115.88
2015.99
1789.33
1955.59
1982.87
1897.17
2234.12
1861.45
1250.22
1874.67
1860.28
4093.92
3589.77
4033.6
4113.27
3651.02
3956.97
4914.61
4170.46
4117.89
3784.64
4051.56
3885.11
3681.78
3952.39
4026.59
3960.85
5031.48
4293.71
3881.35
4022.93
3769.13
3904.05
3556.51
3813.57
3883.59
3965.24
5254.49
4115.51
3718.09
3435.35
3619.91
3422.2
3676.86
3270.12
3548.28
3327.45
5127.66
4013.9
4048.66
3769.46
3902.52
3719.19
3838.01
4160.47
4172.23
4075.23
4595.26
4214.78
3791.19
3614.66
3907.19
4307.58
3392.29
3536.7
3974.07
3423.3
4806.54
3918.39
3835.84
3645.8
3768.69
3607
3896.32
3717.99
4073.65
3621.48
5103.27
4131.9
3958.03
3756.27
3697.75
3297.89
3512.87
3752.14
3178.5
3671.21
4697.28
3696.49
3459.72
3403.24
3129.62
3240.39
3276.9
3877.37
3883.82
3796.7
4899.42
4164.54
3986.51
4187.45
4106.53
3676.7
3701.33
4143.94
3990.1
4112.7
4947.82
3840.21
3579.95
3833.24
3618.73
3640.23
3183.64
3599.03
3896.87
4024.01
5141.57
4349.12
3764.96
3627.45
3806.5
4031.03
4101.36
3686.29
3750.83
3894.69
5185.58
3915.39
3996.88
3759.06
3678.34
3980.43
4010.53
3868.74
4018.93
3998.88
5143.67
3881.28
3471.47
3646.41
3706.78
3780.49
3769.77
3602.8
3975.94
3971.78
5172.98
4136.26
4045.22
3950.34
3346.05
3242.7
3676.41
3168.56
3847.4
3851.42
5132.67
4069.73
3954.51
4194.94
3802.85
3923.85
4075.04
3818.73
4019.35
3727.93
5084.15
4155.23
3853.55
3933.13
4051.7
3690.85
3656.16
3825.8
3589.29
3726.83
4703.89
3963.32
3906.75
4102.14
3993.88
3966.63
3930.06
3678.84
3483.13
3145.73
4344.32
3963.33
3559.06
3274.07
3395.93
3490.04
3437.74
2987
3572.93
3490.66
5148.92
4379.42
3647.9
4028.44
4035.46
3700.59
4096.84
3717.87
3534.37
3925.22
5076.41
4176.69
2483.22
3642.13
3766.52
7177.43
7540.55
7635.15
7224.57
7389.9
7319.49
7090.7
7640.57
7169.32
7422.63
7329.86
7524.24
7435.19
7611.59
7502.57
7156.16
7408.37
7659.94
7174.57
7345.4
7696.49
6354.39
7366.28
7412.35
7809.51
7489.72
7519.95
6823.66
6818.14
7236.06
6684.21
6978.42
6991.42
6943.11
5972.43
7819.49
6926.88
7210.19
7355.2
7599.47
6919.74
7411.92
7788.85
7822.03
7698.72
6855.78
7089.33
7364.89
6756.74
7590.91
7421.25
7304.04
6552.62
7742.17
6570.74
6723.95
6867.39
7268.21
7062.24
7019.9
6646.03
7436.49
7388.18
7653.08
7064.75
7298.04
7095.93
7523.93
7493.32
7099.06
6472.78
6512.93
6882.93
6765.75
6668.59
6391.53
6144.56
6654.33
6389.79
5969.65
6654.97
6310.12
6971.21
7467.88
7133.06
7081.91
7548.25
7585.17
7700.16
7352.06
7304.73
7028.02
7747.2
7870.25
7775
7315.52
6588.28
6947.29
7235.18
7299.89
6797.99
6819.54
6749.23
7076.7
7397.08
7280.67
7358.26
7453.62
7351.94
7054.51
7871.38
7682.72
7598.91
6882.71
7625.74
6966.05
7285.82
7571.53
7364.58
7408.41
7576.5
7624.34
7435.01
7415.44
7508.89
7430.55
6938.07
6685.03
6847.03
7129.18
7002.28
7357.49
6975.15
7339.42
7404.23
7497.42
7269.42
7585.17
7698.58
6407.12
6075.39
6951.92
6595.05
6728.77
7133.5
7207.88
7294.99
7406.09
7642.57
7848.37
7423.66
7521.44
7762.91
7408.19
7362.35
7430.42
6872.96
7077.2
7880
7587.9
7405.22
6809.73
7297.3
7064.83
7019.05
6384.45
6979.95
7041.83
7741.69
7566.16
7141.83
7492.04
7141.31
6331.47
6523.85
5835.88
6147.28
6957.04
6318.26
6650.23
5963.05
6436.7
6233.84
6060.24
7157.36
7458.04
7184.83
7264.24
7395.67
7465.44
7490.15
7379.22
7186.6
6957.32
7047.68
7303.28
7723.96
6960.01
4769.15
6976.11
7130.06
