817.594
1381.64
1714.29
1393.62
1341.91
656.731
785.019
1594.56
1415.43
991.06
1096.72
1168.86
1331.08
1368.32
1688.03
1401.21
877.383
846.512
1658.66
1665.96
1447.23
1353.04
1751.97
1097.59
928.037
945.04
1183.05
1021.62
871.276
1300.99
1585.85
1315.27
1333.66
1457.2
1341.19
1068.93
1400.61
697.175
1142.13
1643.42
1801.19
1125.82
920.868
1113.43
1430.48
859.121
712.018
1226.78
903.544
834.448
994.087
1404
1418.6
1599.66
1073.87
1395.66
1405.28
887.311
1609.27
985.192
1167.94
1069.08
1015.74
1511.97
1165.12
1125.83
740.237
1680.91
1547.1
1079.43
1327.31
1099.09
1197.61
1481.29
1541.79
1252.18
1035.48
1245.86
1621.7
1728.58
994.234
843.37
1208.38
1344.94
1517.06
1231.61
1297.31
1082.75
1478.38
1021.35
1138.74
1373.68
1011.49
1097.8
1215.92
1755.58
1265.83
1361.47
1216.55
1368.96
1179.16
1135.68
1297.79
1305.68
915.992
1235.1
1084.94
848.954
1420.5
719.145
1674.33
1610.61
1074.21
1194.19
1458.73
1080.08
900.387
911.397
983.163
1248
1296.79
1237.88
1053.93
1298.82
1359.76
979.784
1296.94
1106.59
1288.32
802.974
980.558
1589.11
1438.85
1307.76
1002.06
818.553
1545.3
1637.16
1448.65
856.929
918.917
912.935
867.671
1115.4
1464.49
829.996
773.527
1171.44
1341.9
1300.23
1432.07
1468.11
1528.9
1053.45
629.534
947.296
1191.75
674.053
1092.84
1763.66
1609.67
1614.65
1085.7
1404.98
1401.27
1225.25
1225.38
1232.33
1439.63
1059.97
1258
1186.88
1466.94
1527.62
1452.21
952.123
1055.12
981.059
913.417
895.832
1502.41
1682.24
1225.75
1051.48
1550.82
1126.8
1202.94
1519.88
1746.32
1020.71
1314.28
1470.41
1728.27
1402.05
769.169
981.54
1049.78
690.568
803.652
804.885
1402.27
1694.6
2016.34
2495.96
2928.74
2113.84
1785.11
1103.53
1938.48
3089.51
1307.07
1545.45
2158.32
1984.8
2430.94
2804.66
2485.34
1808.75
1606.28
1791.78
3003.13
2740.72
1962.8
2693.76
2099.11
1886.81
1831.51
1941.43
1485
1658.71
1490.69
2585.57
2645.01
2131.42
2235.2
2270.45
1496.04
2830.43
1431.81
1487.99
2527.53
3330.11
2198.72
1225.41
1370.86
2542.91
1787.38
1213.66
2110.7
1685.23
1261.9
2200.08
1938.32
2127.11
2683.04
2033.4
2232.44
1925.16
1195.35
2724.37
2737.34
1794.22
1883.09
1330.98
2393.85
2084.52
2136.14
1747.36
2097.12
3000.79
1935.3
2142.61
1810.61
2028.62
2347.28
2417.58
2542.39
1699.76
2347
2570.88
2899.77
1906.39
1184.91
1558.11
2177.79
2667.01
1961.24
2372.1
1438.25
3106.27
2078.76
1808.07
2603.36
2069.65
1286.67
2044.08
2175.74
2560.31
2401.38
2235.08
2176.9
1914.22
1658.42
1948.63
2566.84
1747.78
2208.01
1544.2
2017.52
1969.34
1729.03
1958.27
2493.17
2294.42
1861.63
2313.63
2419.31
1413.49
1632.22
2097.93
2220.75
1784.14
2162.59
1693.87
1568.23
2149.87
2062.36
1905.2
1584.86
2723.78
1632.53
1425.85
2339.54
2731.68
2215.56
2155.01
1257.5
1962.82
3249.73
2930.11
2396.83
817.198
1969.51
1491.42
1807.38
2232.84
1703.21
1074.73
1659.33
2316.51
2100.29
2089.88
2469.64
2687.91
2088.2
1311.45
1513.11
1859.52
1667.53
1259.24
2998.27
2526.52
2498.57
2236.24
1942.95
2192.56
2463.02
1792.33
2019.97
2274.82
2161.61
1974.05
2129.2
2081.2
2380.24
2941.22
1947.21
1383.26
1891.88
1506.32
1502.2
1942.95
2993.09
3065.16
1818.85
2084.01
2468.69
2007.25
2161.72
3042.09
1799.51
2072.94
2313.23
2996.9
2846.59
2050.31
1440.24
1617.29
1482.88
1874.15
1498.33
2239.02
2010.86
2497
3359.51
3816.42
2760.11
2052.86
1331.7
2616.33
4009.82
1998.7
2152.58
2884.88
2691.1
2995.86
3615.8
3243.18
2400.22
2024.2
2611.91
4015.27
3520.11
2791.36
3666.57
2712.98
2275.4
2123.3
2454.9
2036.72
2196.82
2091.42
3474.48
3491.55
2664.31
3313.67
3146.11
1930.32
3610.27
1834.56
1704.54
3371.54
4176.32
3029.81
1918.24
2155.83
3313.26
2216.66
1591.19
2514.79
2276.41
1680.68
2642.15
2500.15
2725.49
3591.11
2730.39
3180.09
2912.36
1765.52
3672.11
3255.4
2229.07
2476.47
2075.12
3104.54
2750.11
2681.53
2203.66
2833.3
3944.29
2390.25
3217.56
2250.95
2531.87
3341.45
3083.34
3478.89
2204.13
2826.36
3398.24
3843.72
2832.03
1815.46
2125.27
2876.61
3561.58
2600.8
2786.66
2037.33
3994.17
2477.5
2193.97
3364.33
2610.47
1715.15
2623.74
3242.36
3323.39
3317.44
2893.64
3083.97
2706.41
2444.58
2415.71
3312.71
2192.16
2665.56
2057.14
2966.12
2744.47
2265.75
2969.49
3265.18
2799.85
2252.1
3063.07
3077.18
1714.89
2022.82
2524.86
2902.84
2366.64
3174.55
2525.44
2327.78
3022.27
2738.22
2629.11
2041.51
3816.32
1934.82
1856.92
3046.84
3497.25
3033.27
2921.12
1616.92
2580.56
4107.94
3682.68
3018.22
1159.98
2423.2
1785.34
2364.52
3008.29
2485.92
1545.05
2336.73
3055.19
2696.68
3308.86
3536.54
3580.45
2546.65
1490.01
1993.82
2422.31
2080.48
1594.68
4019.28
3264.66
3428.39
2967.7
2755.88
2932.32
3231.49
2295.29
2638.9
3206.9
2613.73
2528.11
2873.63
3020.65
3106.78
3806.78
2542.06
2103.75
2593.78
1962.23
1852.15
2862.01
3926.16
4056.57
2222.46
2899.07
2991.95
2646.84
3033.53
3857.98
2536.74
2727.77
3122.49
3983.07
3808.69
2357.98
1812.28
2197.37
1897.59
2281.83
1804.41
2924.65
790.717
1606.76
1739.15
1689.56
1392.58
911.392
889.096
1570.71
1313.2
945.635
1023.71
1403.78
1378.85
1531.87
1754.43
1423.96
1054.55
992.781
1605.95
1846.32
1570.58
1339.08
1743.87
1207.45
1071.88
1121.85
1289.35
1126.88
893.85
1175.06
1596.42
1665.39
1408.24
1477.73
1434.56
1087.07
1647.87
837.473
1256.47
1674.93
1841.27
1065.97
922.629
1052.1
1558.5
1104.9
678.381
1496.85
1064.87
1063.77
1281.19
1217.94
1336.62
1631.12
1151.53
1547.44
1397.85
940.093
1725.14
1323.93
1376.99
1088.81
936.246
1609.57
1329.13
1279.41
993.732
1716.11
1679.7
1281.67
1452.02
1240.22
1292.57
1334.01
1382.68
1448.31
1165.04
1397.5
1702.34
1921.1
1003.36
898.21
1169.02
1388.65
1430.39
1332.81
1563.03
1193.4
1777.26
1209.63
1313.9
1475.08
1060.82
996.551
1139.7
1575.76
1423.37
1511.46
1343.87
1439.06
1206.88
1170.41
1444.31
1613.37
968.333
1385.28
1015.25
1027.66
1547.76
748.134
1752.65
1600.83
1333.14
1241.08
1240.81
1189.48
972.575
1062.35
1146.86
1394.9
1356.16
1317.31
1113.52
1226.54
1415.22
1265.12
1257.77
1177.78
1487.88
1068.35
1068.24
1653.84
1694.45
1356.8
1207.17
896.434
1418.74
1462.72
1297.03
1017.77
899.174
1134.79
1012.99
1309.13
1446.23
930.334
898.415
1169.95
1448.46
1405.94
1423.67
1711.85
1819.77
1168.1
794.569
1003.59
1302.14
931.87
1105.18
1970
1609.71
1349.43
1008.23
1345.92
1363.08
1421.13
1370.26
1245.05
1515.12
1264.5
1369.98
1263.16
1518.76
1536.07
1747.99
1138.58
979.221
1079.82
1079.09
1060.34
1499.32
2020.18
1502.03
1245.54
1413.94
1091.35
1123.98
1508.36
1890.13
1091.04
1479.27
1494.91
1740.83
1580.24
1033.05
890.122
1100.41
1015.98
1142.14
988.856
1421.11
1525.67
2478.81
2818.59
2362.31
2347.51
1099.94
1479.42
2905.52
2301.87
1274.01
1467.46
1874.29
2397.61
2274.96
3028.21
2276.86
1515.63
1501.45
2884
2687.05
2551.49
2065.62
2623.7
1982.97
1563.09
1547.79
2206.96
1615.35
1263.4
2291.64
2635.48
1839.55
2102.14
2426.07
2044.18
1876.97
2184.58
1400.04
2070.77
2820.82
2981.25
1629.61
1467.68
1962.91
2430.78
1611.37
1431.94
2104.02
1606.57
1478.42
1647.3
2367.78
2495.74
2305.76
1683.43
2341.15
2288.18
1473.02
2751.39
1772.84
1957.09
1646.01
1914.53
2306.94
2006.76
2009.19
1304.64
3057.36
2467.6
2026.67
2267.73
1901.04
2240.6
2416.62
2356.6
2002.42
1692.89
1872.48
2794.51
2706.66
1637.15
1325.71
2096.08
2392.61
2389.16
2079.8
2242.64
2225.84
2521.65
1577.19
2229.32
2350.97
1514.11
1864.44
2050.4
2809.53
1815.63
1932.09
2115.69
2276.71
1920.16
1927.04
2243.77
2224.22
1693.08
2054.55
1548.89
1627.88
2525.27
1398.59
2696.1
2550.9
1856.43
2268.16
2291.84
1892.95
1573.78
1487.98
1516.81
1944.36
2044.61
1821.27
1798.86
2204.39
2465.74
1580.71
2468.81
2022.14
1973.74
1437.31
1660.26
2598.09
2523.43
2079.24
1628.55
1578.87
2612.46
2967.74
2456.32
1459.52
1584.67
1561.79
1790.79
1926.69
2415.48
1477.04
1165.61
1905.99
1983.32
2117.32
2493.26
2783.13
2511.34
1684.12
1031.21
1701.95
2167.87
1132.5
2184.62
3004.06
2608.31
2482.56
1749.23
2112.27
2505.29
2138.25
2113.33
2177.12
2481.62
1828.4
2146.3
1896.37
2473.76
2390.74
2501.31
1763.02
1781.16
1593.11
1585.28
1580.39
2432.41
3246.12
2154.5
1754.48
2614.74
1877.61
2120.77
2597.23
2489.05
1836.43
2418.51
2584.09
3059.11
2174.49
1256.11
1758.05
1727.98
1583.01
1653.78
1438.19
2219.69
