2999.41
2931.53
2983.38
2883.48
2671.79
3445.1
2952.01
2941.69
3093.14
3159.05
2770.55
3087.81
2752.82
2587.39
3137.05
2557.25
2573.5
2330.9
2667.71
2176.02
2828.26
2794.89
3013.72
2963.26
3053.6
2932.18
2280.39
2845.75
1368.38
3284.18
2657.25
3119.31
2387.54
2644.18
2524.2
2762.35
2588.52
2944.03
3120.38
2867.11
3077.61
2728.62
2961.32
2562.1
2868.33
3090.42
3085.17
3221.06
3047.62
2779.61
2813.87
3110.7
2572.5
2886.95
2688.43
3167.64
3272.5
2784.05
2958.59
3012.09
2984.91
2911.54
2944.55
2867.42
2681.99
2623.32
3154.37
3223.71
3013.19
2604.15
2892.07
3055.4
3139.91
2998.14
3076.06
2829.22
2888.54
2642.35
3071.91
2727.35
2742.82
2970.42
3032.51
3111.3
2791.66
3030.22
3027.02
3007.8
2170.65
638.248
3159.45
2876.79
3360.42
1102.67
2370.39
3156.05
2766.26
3101.28
2607.98
2839.07
3168.88
3106.76
3343.86
3033.02
3226.39
3381.28
2242.83
3067.03
3242.68
2909.2
3037.44
2945.95
2492.39
2588.95
2811.56
3100.21
2766.71
2976.4
2867.07
3162.89
3038.54
3012.63
2988.26
3011.95
2907.84
2823.02
2902.11
2794.77
2786.35
2418.54
3008.71
2900.54
3043.91
3269.2
3029.22
2958.94
3002.96
2982.86
2953.92
2706.68
2916.05
2823.49
3061.52
2806.9
2908.74
3152.51
3005.36
2867.4
3295.09
3138.58
2241.57
2863.85
1068.12
2232.45
1518.96
3399.05
3030.26
2491.28
3091.89
2966.4
2806.75
2967.77
2980.04
2990.96
2569.9
2803.66
2946.79
2132.84
3081.28
3000.49
2996.96
2994.13
3439.4
2572.83
1731.24
2880.18
2755.5
2499.93
3030.07
2760
3041.08
3379.29
3179.16
2887.6
2402.27
2738.74
3337.62
2764.45
2912.24
2908.13
2922.39
3143.1
3068.98
3221.39
2987.95
3098.41
3022.46
2884.73
2998.7
3028.24
3088.91
2880.8
2582.99
2752.74
2814.81
2494.52
3058.74
2836.44
2753.53
2921.66
2785.32
2619.44
2841.68
2308.33
2562.59
3003.95
2686.23
2616.91
2404.79
2798.96
2322.75
2164.28
2976.69
2676.32
2690.95
2620.63
2682.53
2252.53
2123.16
1661.39
3007.41
2680.81
2970.92
2424.97
2453.28
2761.03
2611.81
2576.31
2930.98
2663.12
2757.47
3091.06
2859.02
2997.37
2521.19
2881.55
2877.37
3096.8
2874.71
2657.83
2271.73
2675.62
2914
2869.47
2833.98
2874.98
2930.06
3075.98
2773.63
2988.72
3150.93
3046.88
2844.37
3015.52
2651.35
1848.25
2621.8
2908.58
2785.94
2915.98
2801.93
2863.34
2926.64
2681
2926.77
2787.12
2869.91
2830.23
2352.8
3131.3
2929.12
2604.72
2866.95
2437.72
2891.72
2829.08
2928.49
2958.47
2881.24
1710.56
1026.31
2924.74
2650.05
3128.05
996.17
2646.4
3091.15
2817.92
3020.54
2529.06
2806.58
2997.4
2698.4
2948.65
2654.19
2955.87
2823.13
2219.08
2963.15
3117.67
2875.37
2825.63
2568.16
2536.01
2637.3
2430.07
2946.52
2823.86
2961.01
2801.56
2796.42
3042.51
2820.32
3101.2
2723.42
2499.39
2723.93
2764.49
2711.22
2507.56
2499.21
2800.85
2734.55
2963.92
3084.56
2906.43
2919.1
2785.24
2933.9
2926.09
2732.07
2729.45
2788.32
2936.13
2934.91
2709.57
3010.45
2951.71
2693.09
2856.28
2754.59
2020.63
2418.26
741.769
2619.04
1789.5
3017.08
2633.3
2586.06
2811.97
2633.26
2774.83
2528.63
2934.3
2643.33
2624.95
2661.27
2702.59
2134.12
2865.26
2861.47
2708.96
3040.46
3192.05
2683.01
1603.6
2901.56
2449.73
2557.17
2989.63
2953.14
2603.97
2900.99
2769.33
2337.7
2625.77
2877.39
3213.36
2855.61
2859.47
2697.91
2803.21
2946.45
2902.78
3008.23
2930.81
2533.77
2775.77
2820.74
2723.85
2605.59
2723.4
2628.53
2825.59
2948.59
2531.49
2946.35
2774.84
2586.34
2897.26
2897.57
2653.14
2973.41
2527.59
2226.72
2972.24
2605.47
2377.85
2436.94
2730.25
2328.05
2677.37
2765.45
2934.82
2922.17
2931.76
2746.82
2032.22
2497.25
1057.26
2759.95
2750.84
2982.34
2645.93
2270.15
2530.66
2749.41
2408.6
2659.08
2596.18
2683.47
2805.52
2750.26
2713.35
2497.76
2584.59
2733.2
2738.75
2858.78
2714.3
2704.04
2509.9
2916.07
2695.59
2960.54
2549.98
2898.4
3054.32
2739.33
2792.43
3032.2
2751.96
2793.7
2657.75
2925.6
2709.01
2108.07
2596.68
2816.78
2912.24
2583.62
2968.75
2527.6
2583.19
2702.27
2672.64
2754.02
2695.91
2441.23
2973.37
2596.43
2824.26
2806.34
2922.72
3032.45
2683.96
2712.38
2935.83
2820.93
2134.75
389.968
2982.21
2355.1
3118.54
1537.69
1978.88
3148.27
2963.15
2612.92
2715.61
2392.45
2708.63
2592.82
2642.17
2621.63
2681.83
2982.61
2187.7
2820.81
3004.49
2555.03
2892.63
2695.32
2523.34
2672.3
2664.5
2837.88
2858.93
2789.61
2890.89
2939.89
2816.32
2970.98
2708.27
2788.23
2340.2
2595.43
2835.82
2732.9
2436.75
2326.65
2669.83
2830.1
2855.03
2958.88
2811.53
2797.1
2812.78
2911.73
2678.18
2711.71
2754.26
2689.22
2899.78
2614.78
2791.44
3007.48
3009.86
2791.61
2818.09
2647.91
2018.28
2704.81
1178.07
1888.56
1978.84
2910.44
2807.95
2162.35
2947.98
2920.99
2720.41
2889.43
2649.92
2721.24
2484.16
2825.62
2628.54
2081.75
2750.51
2650.49
2405.32
2659.58
3180.38
2688.88
1533.1
2899.13
2658.88
2328.97
2834.57
2502.89
2709.55
2910.32
2930.35
2760.03
2345.03
2747.08
2867.28
2564.83
2570.3
2432.65
2645.09
2888.03
2857.01
3156.03
2866.81
2884.63
2788.3
2663.66
2735.82
2693.52
2749.56
2929.6
2986.61
2752.2
3101.98
2788.29
2733.03
3113.04
2526.24
2804.62
3018.11
2591.29
2986.6
2806.04
1701.97
2963.84
2822.8
2395.08
2880.38
2420.36
2742.48
2213.51
2487.02
2782.55
2969.02
2742.19
2976.39
2444.17
2604.24
1151.09
2354.78
2684.55
2720.75
3044.47
2332.72
2225.38
2867.88
2314.36
2896.82
3007.47
2795.86
2611.92
2728.28
2715.93
2264.95
2629.08
2689.16
2726.74
2693.03
2869.03
2764.09
2362.09
2930.93
2729.44
2846.48
2797.36
2977.2
3012.98
2794.89
2864.02
3025.46
3042.43
3053.06
2778.72
3006.55
2808.88
2159.41
2713.15
3013.78
2867.43
2991.51
2812.8
3059.62
3060.14
2886.17
3123.61
3118.07
2604.3
2516.07
2557.47
3036.04
2762.34
2995.82
3101.27
2824.07
2725.48
2827.61
2720.51
2917.46
2464.73
748.32
2037.86
2808.09
2721.71
2549.39
1046.69
3009.83
2957.27
2629.83
3012.03
2565.13
2826.02
2966.59
2680.65
3098.27
2775.83
2975.66
2564.12
2671.24
2805.02
2853.98
2725.78
2827.18
2580.79
2567.76
2783.05
2607.72
2925.62
2776.13
2865.49
2696.02
2824.69
2869.21
3017.58
2976.65
2715.22
2411.97
2940.1
2926.37
2418.7
2185.7
3024.69
2725.52
2747.53
2715.22
2831.15
2886.58
2883.24
2934.24
2973.08
3031.91
2816.66
2628.89
2765.86
2877.46
2817.07
3031.13
2920.14
2564.91
2845.42
2827.8
2687.23
2109.93
1927.19
1148.11
2469.35
2107.51
3033.93
2403.51
2816.03
2848.19
2519.77
2622.53
2759.55
2826.44
2478.41
2808.57
2916.11
2694.9
2274.29
2657.96
2602.97
2535.5
3084.18
2953.87
1976.1
2272.71
2861.76
2340.07
2725.05
2732.72
2731.53
2776.63
3108.03
2717.25
2174.17
2909.37
3150.27
3076.34
2739.84
2941.88
2631.62
3004.83
2503.23
2894.55
2893.36
3007.2
2911.45
2939.83
2870.43
3049.95
2838.12
2965.36
2924.53
2768.09
3003.23
2902.08
2752.7
3087.93
2929.29
2830.48
2824.45
2890.5
2847.59
3132.31
2405.17
2902.9
2957.01
2851.44
2457.7
2347.05
2685.78
2446.01
2564.92
3121.74
2862.5
2667.02
2849.02
2862.83
2161.43
2053.43
1703.26
3000.91
2524.13
3137.83
2347.7
2711.63
2791.64
2329.43
2918.05
2827.63
2872.22
2859.11
2981.24
2727.08
2657.57
2572.42
2664.82
2562.4
2973.84
2855.54
2641.29
2544.1
2966.19
3052.65
3053.56
3053.6
2878.28
2811.06
2829.88
2829.46
3189.74
3155.51
2980.25
2975.99
3259.42
3066.35
2387.19
2803.25
2828.64
2894.66
2910.12
2827.8
2927.05
2733.19
2921.71
3103.62
3003.24
2802.77
2916.01
2625.81
3210.01
2812.22
2991.23
3053.84
2785.19
2976.45
3085.98
3001.06
3205.24
2822.93
1578.61
955.861
2720.87
2706.66
2997.35
945.691
2741.16
3150.37
2895.26
3344.63
2606.24
2850.19
2725.37
2729.51
3097.51
2886.83
3135.43
2708.25
2439.07
2836.73
2812.53
2818.17
2601.3
2512.19
2492.51
2769.55
2700.34
3207.78
2849.41
3063.34
2950.9
2748.42
3022.37
3002.41
3111.93
3040.62
2812.51
2969.27
2778.13
2948.34
2723.77
2909.08
2812.65
3082.96
2987.7
3256.12
2495.03
2689.94
2851.18
2987.54
3078.13
2896.16
2877.11
2933.62
3250.36
3002.67
2941.31
3093.45
2984.86
2803.55
2813.74
3082.34
2144.15
2705.66
751.132
2469.48
1814.64
2961.45
2588.59
2706.47
3168.84
2978.07
3074.37
2724.81
2866.78
2801.76
2741.87
2826.75
2688.36
2357.63
2912.5
2827.44
2900.19
2749.07
3006.8
2439.13
1753.9
2707.96
2568.17
2377.61
3063.26
2972.76
3092.03
3114.86
2846.09
2167.95
2850.6
2923.34
3172.79
2773.01
2756.69
2551.7
2554.5
2806.48
3006.12
2775.02
2667.55
2707.77
2822.24
2737.6
3121.96
3003.03
2804.75
