1209.24
1522.34
1416.58
1252.66
1015.33
1348.81
1594.89
1437.39
1212.87
1170.21
1527.37
1635.33
1192.52
1356.65
1203.97
1284.32
1304.64
792.356
1360.02
1353.58
1614.15
1213.42
1247.96
1289.87
1535.96
968.282
1623.02
1068.9
1470.7
1001.12
1314.23
1214.43
1516.45
799.597
933.463
1372.85
1403.3
1216.76
1154.84
940.587
1304.64
1187.61
1517.95
1135.03
1412.56
1510.67
1413.77
1135.96
1044.74
1226.45
1292.37
1101.99
1185.71
1461.98
1468.12
1186.17
1211.02
1195.88
1571.9
1257.95
1236.63
1080.71
1247.54
1376.09
1310.31
1107.54
1328.42
1327.23
1118.42
1325.53
1610.6
1565.1
1269.42
1311.22
1102.03
1517.1
1347.83
1094.17
1293.76
1703.2
1355.25
1353.5
1180.72
1037.74
1388.92
1335.84
1240.68
1071.87
1478.04
1606.45
1320.81
1340.26
1210.7
1689.8
829.817
1355.54
1199.5
1303.57
1119.8
1446.81
982.658
1030.91
1448.27
1367.6
1362.9
1059.89
1386.4
1324.14
1180.01
1226.65
1286.68
1458.23
1649.71
1139.57
1511.49
1491.16
1483.12
1199.75
1282.73
925.168
1390.79
1511.97
1103
1143.76
1286.38
1197.33
1349.71
1158.42
1449.9
1135.61
1046.25
1281.12
1067.2
1353.86
1439.22
1226.75
1335.29
988.577
1243.15
992.525
1330.43
1036.59
1069.74
1249.41
1388.46
1488.27
994.89
1165.87
1434.99
1203.12
1516.11
923.146
1313.31
1169.97
1253.08
1338.54
1137.02
1307.3
1376.52
1185.8
1385.69
1361.54
1290.95
1004.89
1518.27
1104.33
1312.38
1074.02
1275.55
1222.68
598.049
950.704
1262.87
1586.76
1271.65
1127.86
1293.96
1373.87
1302.15
1248.29
1190.2
1226.74
1556.45
1307.03
1455.18
1053.88
1335.52
1603.58
841.156
1305.75
951.604
1234.14
1573.27
1498.07
1532.49
1332.16
1484.67
1212.87
1361.53
1043.55
895.642
1206.62
1262.53
1184.95
1059.73
1146.09
1339.72
1315.62
1063.73
1043.68
1456.94
1414.68
1144.22
1308.03
1120.95
1115.01
1190
858.655
1244.9
1035.29
1640.46
1039.55
1060.85
1399.44
1413.21
934.196
1297.68
1076.18
1410.81
1001.8
1113.09
1172.26
1379.24
717.627
890.857
1206.47
1339.54
992.358
1126.31
688.054
1279.33
1051.78
1418.79
892.768
1345.81
1343.97
1349.69
1199.02
901.221
1030.5
1155.53
1178.63
883.528
1372.28
1451.58
1167.01
1065.22
965.111
1477.29
1245
1154.18
1018.59
1151.9
1274
1242.49
1131.7
978.839
1156.32
1154.68
1146.39
1399.69
1426.24
1318.95
1120.63
1050.42
1270.39
1116.7
1323.83
913.968
1451.11
1351.28
1237.27
1185.77
967.991
1208.51
1352.63
1254.47
918.272
1133.11
1413.41
1221.57
1274.17
1026.73
1469.33
811.284
1204.03
1024.99
1328.71
982.867
1258.97
976.505
853.29
1239.87
1330.38
1306.95
945.641
1289.47
1250.98
1177.57
1039.68
1122.76
1230.89
1470.95
1235.88
1199.92
1371.12
1281.53
1304.55
1156.1
811.995
1187.26
1244.67
1080.96
1015.11
1172.19
1142.58
1071.36
1019.44
1399.27
1110.12
895.243
1150.9
958.41
1248.72
1248.11
1154.24
1256.35
851.016
1192.91
1028.44
930.1
1172.09
846.126
1185.82
1306.44
1439.97
924.233
1033.37
1237.22
1084.49
1429.86
827.824
1079.21
1155.21
1175.34
1187.83
1023.86
1079.27
1319.48
1013.62
1323.04
1049.31
1260.58
962.02
1324
1139.05
1014.9
1055.19
1107.72
1085.19
767.425
691.795
1028.62
1358.17
1358.58
959.438
1099.39
1273.62
1270.14
1080.16
980.628
1249.26
1297.89
1322.69
1310.18
1047.58
1115.88
1412.22
1010.32
1165.41
873.37
881.447
1465.79
1250.7
1397.39
1253.16
1380.41
1055.58
1297.26
1058.63
765.546
1323.42
1422.28
1381.02
1243.94
1058.78
1273.88
1435.76
1539.4
1139.6
1259.1
1653.85
1579.41
1231.85
1421.22
1274.86
1240.62
1376.11
929.531
1358.76
1353.36
1712.23
1180.17
1254.1
1437.51
1535.99
983.958
1663.82
1142.31
1591.18
986.539
1362.6
1268.35
1637.38
738.001
882.201
1374.6
1443.71
1137.14
1197.35
952.228
1305.12
1222.2
1570.32
1084.04
1472.28
1595.43
1423.62
1175.86
1013.36
1184.01
1304.6
1097.16
1170.19
1541.69
1557.71
1301.1
1170.64
1255.64
1615.78
1316.14
1252.48
1120
1294.11
1386.58
1351.68
1104.64
1271.64
1388.24
1185.28
1304.63
1609.72
1656.96
1388.15
1268.52
1083.77
1449.53
1320.5
1134.29
1339.02
1662
1342.63
1379.72
1262.76
1117.36
1441.49
1368.37
1325.91
1106.68
1405.74
1593.65
1440.69
1296.37
1249.85
1621.19
772.335
1408.95
1229.21
1308.29
1224.53
1475.35
999.614
990.894
1476.39
1464.59
1431
1089.44
1488.37
1338.16
1215.9
1200.07
1348.86
1407.04
1602
1200.54
1464.43
1534.47
1527.98
1294.72
1334.68
923.421
1352.87
1451.85
1117.23
1248.25
1350
1246.82
1327.38
1229.84
1499.59
1162.37
1016.43
1285.67
1044.24
1357.65
1508.31
1247.26
1407.15
1076.8
1187.61
1046.99
1266.38
1106.42
1039.18
1292.4
1425.27
1531.86
1025.03
1265.33
1510.54
1219.98
1538.25
953.708
1300.54
1197.29
1312.02
1369.06
1164.38
1345.79
1404.75
1214.97
1340.52
1318.17
1315.27
994.65
1496.42
1038.69
1356.88
1092.64
1298.69
1188.92
605.143
948.825
1226.87
1597.07
1262.25
1166.84
1289.96
1360.61
1369.25
1275.3
1242.11
1310.1
1537.03
1371.89
1449.45
1071.73
1395.72
1652.53
890.6
1320.89
930.264
1223.71
1597.32
1536.88
1587.33
1367.85
1511.34
1223.03
1477.63
1083.19
934.817
1598.27
865.579
1168.75
980.745
946.954
804.432
958.014
1117.39
992.347
949.396
902.782
1130.89
1208.26
864.049
987.867
887.666
976.824
984.524
658.61
933.852
1054.53
1137.16
909.369
921.188
1053.57
1134.14
797.376
1162.96
852.171
1120.02
752.773
1028.04
1033.75
982.823
707.828
703.839
1123.61
1062.75
847.16
840.197
680.91
907.964
977.338
992.637
866.906
1026.32
1234.43
1054.95
792.745
827.626
845.317
1030.48
734.839
979.16
1205.37
1089.1
846.503
877.023
993.554
1167.6
952.2
862.56
782.38
1003.06
1055.35
951.369
672.586
1112.18
958.448
903.944
1060.51
1139.65
1135.55
923.261
948.777
831.743
1083.58
1035.14
690.584
1030.11
1243.44
988.716
1038.33
810.109
804.8
1114.44
971.937
842.14
788.977
1108.15
1197.04
1058.23
925.707
986.103
1160.77
629.693
994.099
924
895.542
910.27
1078.9
727.185
819.669
990.416
1041.11
968.351
857.871
1089.53
1007.21
866.206
1023.58
929.446
997.493
1300.12
837.583
1160.14
1051.13
1155.15
852.807
904.052
720.732
1003.4
1197.75
813.511
798.35
896.609
863.338
1063.27
861.535
996.677
833.901
898.007
954.309
832.976
981.657
1049.62
888.048
893.429
852.788
941.956
636.873
1075.21
652.684
876.404
1038.8
1107.56
946.6
854.906
831.038
1045.28
910.829
980.793
708.222
959.954
846.563
989.228
1002.14
851.794
960.94
994.177
918.498
841.937
1044.24
936.82
742.614
1193.61
692.728
922.934
877.563
900.907
804.257
394.757
760.937
1002.44
1163.61
861.776
759.433
1012.39
1070.44
930.164
922.446
894.466
925.036
1134.97
1029.88
1055.87
787.863
1105.24
1150.48
733.932
928.089
731.271
942.994
1225.94
1147.56
1125.51
976.971
1091.62
872.357
1021.24
701.08
784.572
1732.69
2250.07
1950.27
2008.27
1531.1
2031.06
2243.62
1983.54
1882.78
1927.55
2371.12
2334.93
1833.59
2118.06
1751.52
1899.59
1882.15
1395.38
1889.22
2301.48
2148.59
1816.36
1849.98
2294.72
2210.44
1537.35
2249.15
1786.97
2145.36
1536.97
2000.4
1986.26
1771.09
1440.49
1495.95
2227.1
2096.29
1661.32
1664.15
1481.77
1813.94
2129.57
1996.87
1834.27
2136.05
2351.5
2067.04
1517.37
1757.84
1754.23
2059.39
1425.24
2000.31
2369.21
2191.62
1784
1704.93
2029.77
2359.37
1875.1
1824.43
1659.84
2120.85
2227.33
1803.92
1402.79
2227.68
1913.73
1855.34
2119.16
2309.39
2407.21
1894.63
1984.91
1746.9
2113.86
2254.61
1383.93
2256.44
2510.1
2067.9
2101.79
1667.47
1734.25
2242.24
1939.32
1707.03
1748.89
2327.84
2399.42
2024.51
1728.06
2241.32
2323.47
1118.17
1814.44
2021.39
1744.32
2022.01
2048.5
1535.45
1677.44
2107.58
2178.94
1760.26
1903.21
2110.63
1959.71
1875.22
2130.92
1831.35
2277.34
2531.59
1627.12
2353.76
2101.85
2406.99
1699.27
1762.17
1672.08
2054.1
2344.62
1571.53
1773.98
1857.85
1799.18
2110.13
1853.24
1923.36
1720.44
1780
1839.74
1771
2059.94
2083.48
1843.99
1746.72
1812.19
1841.54
1328.78
2214.39
1255.44
1927.38
2139.89
2220.76
1874.85
1672.04
1900.03
2103.16
2076.2
1942.23
1429.44
2093.25
1854.29
1977.07
2006.74
1774.12
2033.73
1941.06
1890.34
1789.32
2188.09
1844.62
1739.44
2358.81
1566.08
1951.98
1708.3
1951.02
1730.28
671.183
1618.13
2128.29
2371.05
1834.54
1579.14
2087.75
2124.3
1888.74
1721.93
2012.04
2035.3
2338.06
2143
1980.31
1549.61
2209.84
2387.86
1464.12
1731.78
1413.55
2083.98
2461.74
2327.54
2188.88
2199.88
2118.52
1848.82
2013.8
1462.56
1689.92
