3020.05
3085.84
3061.13
3081.73
3128.56
3102.7
3108.45
3172.27
3109.13
3053.06
3067.26
3195.36
3105.65
3061.39
3157.14
2917.17
3204.53
3119.91
3170.68
2897.08
3117.32
3127.29
3225.68
2355.35
2836.99
3154.05
3167.99
3170.99
3000.18
3128.63
3118.23
3179.25
3227.19
3113.37
3207.89
3046.19
2997.84
3133.71
3012.1
3206.93
3015.78
3134.6
2979.86
3132.7
3127.58
3009.32
3101.83
3186.17
3250.88
3160.49
3198.76
3270.51
3149.28
3001.49
3077.28
1913.34
2951.21
3201.92
3155.74
2981.72
3149.56
3203.96
3166.32
3081.64
2929.54
3270.41
3147.93
3221.46
3194.74
3210.9
3190.41
3079.24
3108.34
3167.91
3085.77
3053.01
2930.75
3385.21
3130.43
3208.58
3070.79
3049.69
3065.51
2973.96
3091.26
3156.99
3212.03
3071.1
3173.85
3122.97
3216.3
3218.53
3105.2
1944.67
2988.88
3197.2
3147.6
3214.03
3121
2849.13
3126.1
3204.57
3166.98
2821.47
3141.64
3160.43
3012.19
3002.65
3198.48
2996.54
3263.61
3182.84
3201.14
2847.51
3166.69
3240.89
3170.27
3145.29
2755.13
2185.67
2973.61
3035.11
3254.6
3078.68
3205
3237.48
3237.38
2958.71
3205.85
3110.33
3125.81
3149.06
3068.05
3025.92
3307.59
3073.2
3216.26
3236.21
3319.91
3152.17
3195.46
3194.83
3044.13
3293.13
3253.03
3247.73
3242.76
3171.87
3092.03
3054.04
3204.85
3144.22
3022.87
2933.5
3199.16
3155.68
3337.51
3129.59
3222.01
3010.34
3025.04
3014.64
3097.35
2993.66
3278.33
2201.14
2620.61
3132.44
3152.21
2947.72
3050.78
3030.42
3220.57
3161.63
3204.65
3277.7
3239.23
3090.59
3065.06
3181.71
3259.89
2934.91
3065.29
3136.55
3074.89
2553.23
2715.12
2986.25
3011.64
2991.9
3151.22
3064.88
3229.82
3203.29
3164.6
3122.03
3089.79
3258.75
3218
3223.5
3183.44
3355.25
3477.05
3218.02
3327.18
3336.98
3345.84
3411.64
3299.72
3254.6
3333.22
3326.89
3531.8
3413.04
3521.33
3455.03
3239.03
3493.44
3297.08
3448.61
3188.49
3226
3545.86
3511.3
2433.53
3077.86
3346.57
3305.48
3358.21
3224.73
3463.85
3626.96
3513.12
3448.22
3523.63
3492.74
3490.56
3493.3
3458.6
3336.82
3360.2
3270.88
3461.9
3341.01
3379.7
3305.04
3525.64
3400.75
3357.36
3593.81
3391.05
3406.15
3448.71
3446.25
3462.57
3488.96
2199.29
3505.56
3361.68
3303.58
3316.16
3476.44
3427.72
3478.66
3499.75
3435.54
3520.53
3245.84
3190.78
3378.59
3330.67
3528.99
3426.69
3361.99
3502.23
3297.5
3404.32
3019.58
3431.34
3310.29
3556.18
3374.2
3327.84
3483.51
3479.57
3521.73
3408.03
3362.42
3325.68
3568.61
3459.97
3540
3415.87
3501.04
2123.43
3386.99
3385.67
3378.68
3566.83
3239.22
3205.54
3513.55
3662.41
3304.42
3280.72
3421.28
3510.82
3441.01
3402.19
3518.12
3227.88
3578.2
3379.62
3399.29
3187.23
3443.37
3491.67
3461.76
3309.61
3306.31
2236.32
3399.61
3193.34
3363.66
3465.16
3485.6
3377.07
3546.81
3230.67
3482.52
3367.78
3274.74
3272.75
3418.74
3400.33
3533.68
3395.01
3443.2
3495.08
3423.05
3526.14
3443.8
3500.2
3171.56
3622.59
3585.77
3466.82
3304.78
3349.27
3338.36
3375.25
3352.56
3300.98
3298.67
3205.46
3353.51
3395.88
3405.22
3322.55
3383.5
3390.47
3262.04
3326.95
3354.69
3286.52
3422.09
2415.14
2759.39
3289.32
3420.91
3150.13
3047.23
3261.13
3421.39
3418.74
3373.7
3531.01
3463.02
3411.64
3491.81
3347.45
3427.14
3212.09
3293.56
3241.39
3421.64
2697.14
2799.91
3250.07
3345.91
3255.09
3218.76
3263.1
3279.34
3501.46
3332.1
3387.67
3267.14
3319.24
3340.33
3409.41
3391.55
3242.2
3044.28
3001.05
3123.26
3027.66
3311.82
3125.43
3055.33
3113.89
3075.45
3326.26
3160.87
3188.85
3142.45
3242.22
3281.75
3298.76
3263.64
3069.73
3174.99
3323.64
3173.42
2926.61
2486.03
3247.72
3113.25
3161.99
3058.7
3351.53
3269.57
3321.31
3346.45
3145.85
3329.35
3388.68
3151.65
3374.4
3276.44
3184.32
3299.18
3409.24
3039.18
3215.76
3085.39
3295.62
3235.14
3241.63
3316.52
3277.06
3289.03
3304.91
3200.85
3368.55
3257.48
2076.71
3366.35
3230.94
3227.3
3220.55
3257.15
3365.62
3180.02
3307.5
3280.9
3293.04
3268.99
3276.44
3247.97
3149.66
3231.72
3362.81
3225.9
3205.45
3097.64
3254.11
3046.52
3083.04
3152.67
3306.22
3174.85
3262.98
3182.81
3237.47
3320.24
3166.51
3323.78
3236.18
3224.99
3280.03
3350.24
3197.27
3246.88
2353.83
3039.12
3231.28
3311.56
3371.41
3227.28
2989.91
3418.31
3449.97
3152.84
3040.46
3283.57
3111.95
2975.73
3214.95
3346.57
3179.23
3220.34
3358.16
3197.17
3014
3285.98
3212.31
3182.98
3257.47
3280.79
1880.84
3219.53
3248.46
3270.98
3207.16
3403.56
3342.38
3206.09
3127.07
3197.32
3100.71
3113.11
3271.93
3143.61
3184.18
3278.02
3070.7
3043.77
3059.61
3084.62
3143.21
3177.26
3188.53
3107.2
3244.22
3186.43
3234.75
3252.46
3351.76
3243.3
3026.62
3137.72
3204.89
3232.42
2982.42
3145.08
3297.17
3262.11
3127.54
3257.94
3198.99
2958.78
3145.97
3186.5
2829.68
3161.11
2461.5
2318.67
3096.85
3212.75
3070.5
3033.98
3220.32
2975.98
3190.31
3163.47
3435.27
3251.49
3239.98
3172.01
3315.18
3336.95
2959.1
3110.02
3200.64
3337.86
2788.82
2390.21
3198.35
3250.18
3194.43
3024.29
3137.61
3175.92
3255.39
3223.85
3049.98
3184.32
3257.43
3289.53
3252.89
3162.03
3197.26
3114.36
3166.96
3198.81
3118.17
3133.1
3240.37
3242.59
3190.72
3048.31
3040.34
3197.84
3229.98
3257.5
3202.28
3166.72
2986.55
3214.63
3238.22
3128.06
3065.72
3044.12
3291.87
3293.85
2217.86
3354.08
3221.67
3219.9
3120.58
3048.41
3267.79
3311.64
3357.97
3291.32
3093.92
3273.28
3314.62
3263.08
3359.41
2940.07
3287.66
3124.51
3414.87
3074.16
3131.22
2951.51
3328.12
3212.41
3356.19
3201.98
3302.62
3396.33
3290.48
3204.32
3433
3251.48
2185.14
3301.2
3205.6
3108.97
3086.18
3292.7
3326.9
3252.4
3242.6
3198.64
3302.54
3218.78
3308.6
3274.53
2998.78
3321.98
3298.3
3229.4
3254.96
3182.99
3034.2
3088.52
3266.59
3168.68
3256.74
3231.22
3166.75
3135
3135.37
3247.34
3191.17
3292.04
3188
3202.13
3333.87
3422.48
3241.65
3305.31
2095.34
3217.85
3266.91
3049.11
3132.22
3251.46
2942.91
3459.07
3338.04
3133.81
3000.5
3115.47
3043.34
3039.04
3184.66
3021.23
3103.44
3356.48
3241.11
3264.82
3067.08
3262.04
3265.11
3223.24
3150.18
2580.9
2583.29
3184.54
3040.75
3316.72
3294.04
3320.56
3250.9
3297.37
3103.32
3158.6
3142.62
3234.98
3109.17
3324.28
3185.38
3163.58
3264.04
3187.67
3292.76
3222.77
3180.17
3401.8
3433.39
3155.06
3253.99
3281.56
3244.03
3146.3
3263.41
3116.8
3266.02
3196.13
3166.12
3265.27
3024.2
3118.25
3300.81
3255.73
3107.27
3232.24
3192
3123.88
3122.28
3246.35
3002.45
3339.65
2105.19
3186.83
3306.81
3255.25
3043.57
3422.06
3209.2
3239.56
3255.17
3294.81
3295.29
3292.7
3346.14
3257.53
3200.55
3291.22
2972.3
3084.96
3228.64
3327.23
1997.55
3231.11
3055.35
3277.07
3311.02
3156.93
3164.22
3240.73
3353.48
3307.92
3075.82
3094
3220
3199.43
3184.3
3220.66
2962.03
3302.82
3157.86
3215.75
3338.88
3362.98
3263.27
3277.02
3147.19
3070.51
3178.62
3465.35
3302.83
3215.38
3263.92
3163.51
3318.75
3196.79
3218.74
3105.49
3257.49
3127.76
3278.77
2562.41
2901.74
3260.36
3037.56
3245.09
3078.42
3369.21
3187.59
3215.63
3293.24
3218.07
3262.6
3289.2
3165.43
3341.64
3158.61
3290.47
3093.4
3256.37
3022.6
3216.73
3082.36
3285.36
3151.73
3152.4
3200.56
3384.78
3305.66
3407.92
3249.21
3209.68
3167.78
2032.88
3277.25
3231.11
3215.26
3071.65
3362.03
3275.96
3095.18
3267.96
3258.93
3213.2
3175.59
3180.26
3325.34
3206.86
3231.26
3221.6
3244.87
3114.61
3043.84
3163.66
2960.72
3285.38
3321.14
3369.56
3012.86
3217.48
3083.81
3143.04
3229.02
3195.68
3274.03
3197.77
3094.57
3225.61
3422.08
3211.48
3071.09
2246.95
3236.88
3140.48
3239.49
3276.31
3285.28
2870.21
3433.7
3227.73
3243.13
3048.57
3248.06
3187.75
3226.16
3171.32
3442.85
3219.05
3265.29
3242.84
3164.14
3097.64
3230.96
3300.78
3288.24
3326.7
2952.45
2153.76
3199.47
3263.41
3197.2
3155.81
3402.52
3138.45
3276.55
2980.17
3220.22
3257.68
3242.54
3176.63
3185.38
3274.09
3263.73
3217.77
3075.87
3299.09
3301.45
3326.18
3329.44
3389.01
3130.43
3326.23
3310.83
3203.75
3147.54
3327.58
3275.76
3211.07
3298.19
3189.85
3236.39
3208.14
3299.64
3373.24
3227.89
3255.86
3247.09
3188.74
3092.42
3156.74
3268.86
3196.67
3304.12
2215.74
2829.67
3157.43
3113.34
2962.58
3184.47
3283.98
3191.29
3279.78
3364.06
3330.72
3173.18
3230.2
3321.93
3291.54
3276.63
3162.38
3213.05
3272.09
3288.9
2532.84
2746.83
3132.46
3218.91
3286.22
3004.69
3206.08
3216.58
3312.76
3221.28
3117.56
3130.47
3346.95
3314.17
3255.57
3257.99
