5.276
138.046
270.308
1327.58
1646.17
1552.66
2223.94
2365.34
1863.4
519.04
33.704
667.501
1824.07
1778.57
2274.49
2021.33
437.017
1141.51
1915.97
1704.15
287.098
245.716
1734.28
1468.04
1746.43
1438.68
881.534
889.508
1690.27
2040.16
1774.2
1750.07
1923.34
1789.62
1826.64
1857.09
1590.14
1693.46
1960.18
1653.88
1939.36
1115.21
292.057
1710.85
1756.9
1373.53
1120.72
1014.54
1292.12
1412.31
420.683
838.514
280.655
238.087
417.298
304.725
124.289
1343.86
1569.64
962.396
1906.71
1648.27
1719.53
1431.07
800.195
1587.6
1043.61
1376.83
681.461
1069.01
1022.82
1645.83
1736.3
1343.75
1951.43
1775.27
1744.25
2068.03
1780.12
1684.19
1706.32
680.643
1157.08
951.915
1670.32
1235.93
1240.32
1319.95
1383.18
1717.83
986.539
79.66
565.484
1208.51
1303.25
1492.35
1691.5
754.643
2025.73
1991.89
1488.56
2019.52
2132.79
2150.3
2055.59
2092.17
1926.38
1381.67
1350.06
1827.67
1352.72
1783.28
1927.57
1973.12
1801.86
824.779
1086.33
936.397
1449.3
1985.08
1825.62
1965.08
2088.61
1870.58
721.767
730.835
1015.36
1608.22
1786.65
1886.5
1940.02
1682.93
1769.76
1878.95
1932.33
1722.82
1822.6
1680.01
1853.83
1727.37
1726.34
1951.26
1645.35
995.241
1230.3
1646.56
785.277
540.491
1415.03
1069.43
1316.42
778.988
508.991
826.213
1072.98
704.008
364.133
1172
337.851
52.068
24.001
21.473
6.388
8.307
4.632
7.232
5.119
6.522
5.667
48.75
175.973
90.945
6.05
11.918
12.502
39.023
75.881
26.364
27.078
170.17
513.559
1047.51
1723.1
1537.09
454.348
143.255
713.793
1488.9
1244.39
1496.15
1281.4
1333.83
707.961
569.184
1021.03
1359.39
1428.24
907.685
1666.81
1148.04
1375.09
6.305
180.068
374.143
1697.58
1882.74
1641.06
2559.23
2590.06
1939.66
431.267
28.918
1067.87
2181.99
2192.28
2530.15
2282.75
554.766
1277.78
2346.5
1742.07
238.286
462.168
2024.23
1735.99
1873.58
1889.57
1065.91
1101.74
2119.14
2324.62
2226.01
2404.91
2322.17
2241.38
2313.74
2244.57
1722.42
1921.84
2292.33
2015.92
2125.51
1201.83
445.193
2133.18
2295.22
1657.61
1358.34
1088.37
1694.38
1631.16
423.491
1169.3
288.573
414.103
404.091
307.139
284.037
1868.01
1807.92
1275.2
2343.14
2035.37
2182.57
1787.36
835.948
2013.6
1322.72
1630.79
663.36
1554.31
1340.63
2103.58
2169.38
1628.88
2305.59
2212.78
2222.75
2531.27
2170.54
2032.96
1889.97
785.435
1497.69
1290.73
2032.38
1462.22
1297.05
1663.03
1551.74
2093.85
944.412
69.131
816.817
1397.7
1393.19
1938.72
1846.29
1021.15
2211.32
2521.7
1885.73
2319.35
2420.36
2435.24
2288.1
2488.32
2112.34
1534.83
1681.37
2289.71
1676.52
2041.07
2466.54
2534.54
2013.44
1024.38
1299.54
993.289
1652.67
2347.32
2101.84
2211.24
2122.41
1814.03
585.024
1020.71
1130.14
1811.11
2028.12
2073.18
2119.69
1735.9
1715.78
1893.75
1946.7
1937.44
1832.9
1603.56
1861.14
1805.62
1876.67
1935.6
1779.63
1028.24
1317.47
1753.65
811.785
591.889
1646.72
1353.14
1540.03
827.94
755.648
882.449
1149.61
875.752
499.148
1196.01
348.557
48.625
3.803
5.813
8.085
6.057
4.771
7.235
7.02
8.133
3.809
71.251
202.531
98.15
11.394
31.746
17.468
43.582
88.191
27.457
39.461
372.03
579.999
1305.57
1841.53
1727.38
447.507
209.085
1188
1792.72
1400.16
1697.74
1443.34
1646.16
631.737
831.124
1371.15
1730.9
1450.02
1199.32
1940.89
1198.7
1529.3
5.794
167.952
307.425
1389.69
1669.81
1317.23
2174.22
2139.7
1664.56
431.866
52.843
820.473
1868.02
1812.25
2145.87
2031.29
465.501
1068.94
1861.07
1453.94
228.01
472.26
1661.02
1367.85
1623.25
1388.38
866.155
883.536
1925.17
1920.75
1872.7
1926.05
1886.01
1781.65
1949.77
1720.97
1487.88
1634.07
2028.11
1714.2
1756.42
1112.1
348.881
1738.67
1984.57
1607.82
1171.66
1080.98
1353.28
1429.52
414.838
936.287
272.317
312.176
430.502
299.755
203.694
1553.99
1515.23
1103.21
2089.74
1716.55
1904.42
1461.42
756.336
1791.74
1091.9
1513.44
617.4
1160.33
1173.96
1791.36
1930.49
1380.19
2111.17
1946.82
1909
2119.87
1868.09
1693.75
1724.67
715.896
1322.19
1061.64
1782.12
1245.73
1204.7
1383.44
1350.53
1601.51
676.299
64.478
783.843
1229.7
1211.13
1613.21
1586.12
885.271
2052.33
2312.04
1606.27
2142.46
2170.64
2212.3
2154.67
2233.38
1955.72
1452.62
1437.5
2084.69
1456.4
1687.54
2148.87
2292.44
1841.51
867.47
1151.03
844.334
1461.77
2031.41
1850.18
1799.4
1932.1
1930.24
672.662
702.769
1115.98
1644.21
1814.99
1836.82
1816.72
1685.42
1558.56
1762.67
1823.14
1668.23
1759.68
1522.72
1796.66
1710.04
1854.31
1978.82
1727.45
926.973
1195.07
1719.42
863.958
612.753
1516.2
1335.68
1447.98
826.584
701.151
838.826
1090.23
772.663
434.67
1141.87
357.371
42.637
5.195
6.333
5.58
7.821
5.04
5.507
4.459
6.964
5.649
64.275
223.858
89.069
8.632
10.866
9.498
43.959
82.542
12.899
28.707
285.692
479.578
1176.22
1870.38
1669.14
410.031
172.905
1026.3
1613.97
1291.04
1674.42
1433.31
1420.9
646.433
694.406
1169.76
1638.62
1405.79
1022.17
1872.35
1159.24
1466.9
6.21
79.531
190.922
1246.49
1650.44
1531.66
1971.98
2289.76
1816.21
549.628
22.477
598.833
1908.57
1805.31
2300.01
2270.31
421.713
1014.92
2179.32
2042.89
395.088
41.403
1761.56
1486.26
1787.31
1770.48
999.691
894.917
1840.03
2206.63
2057.9
1880.17
2240.77
1949.38
2033.27
2001.5
1554.71
1880.73
1876.09
1936.36
2150.7
1287.72
336.302
1710.15
1963.8
1614.62
1177.43
1130.18
1384.54
1477.64
682.314
789.482
391.363
250.896
547.465
325.38
58.47
1472.91
1627.85
1076.05
1971.66
1791.07
1890.06
1693.01
945.946
1654.5
1221.19
1432.86
785.63
1138.15
1544.59
1546.42
2082.56
1500.51
2053.02
2124.96
1934.26
2198.4
1666.18
1573.42
1602.68
639.816
1060.19
1001.7
1623.86
1137.35
1198.82
1131.95
1298.59
1644.14
1139.73
148.236
278.178
1247.72
1399.53
1480.78
1889.67
799.82
1868.83
2083
1627.15
2077.11
2288.88
2079.04
1999.33
2238.14
1900.17
1426.79
1517.27
1910.19
1289.13
1919.17
1803.73
2153.97
1878.24
781.721
1205.66
940.972
1272.05
2068.59
2013.12
2118.77
2210.55
2020.58
834.23
682.315
1060
1729.96
1956.53
2060.62
1956.49
1800.83
1808.32
1936.07
1842.81
1913.34
2018.77
1676.59
2006.46
1826.91
1660.27
1823.52
1766.35
1140.37
1022.23
1765.13
956.019
549.832
1391.12
1238.12
1430.37
914.593
517.817
920.416
1064.26
652.838
278.447
1207.03
478.04
58.458
7.773
5.693
5.817
9.535
5.986
5.171
4.767
3.816
4.682
29.034
244.605
97.136
12.503
25.524
10.765
34.592
51.796
34.891
21.927
50.824
698.836
988.559
1720.12
1682.81
505.2
179.668
786.473
1479.9
1173.21
1614.85
1300.56
1235.34
854.64
628.894
1034.92
1463.16
1537.3
970.67
1720.18
1301.77
1377.07
3.099
24.074
148.917
963.07
1596.27
1630.52
1511.93
2043.8
2083.53
932.206
137.175
38.48
1722.48
1502.74
2028.86
2163.59
748.984
759.3
1683.94
1926.04
689.384
41.64
1098.88
1456.51
1771.73
1549.2
1200.9
1007.21
1099.78
2055.99
1827.3
1679.23
2089.64
1836.3
1824.52
1648.79
1536.71
1825.93
1701.66
1755.41
2106.53
1205.24
376.887
1453.38
1465.58
1488.43
1119.86
1198.75
1149.62
1400.78
683.124
501.868
635.433
222.285
506.717
292.985
97.367
1031.08
1564.12
1129.42
1583.09
1637.47
1686.3
1626.83
1029.76
1186.35
1268.7
1250.42
870.032
827.549
1791.91
1167.52
1871.52
1583.28
1681.18
1875.67
1667.83
2064.91
1846.07
1748.55
1713.96
1221.69
891.386
767.198
1634.91
1518.09
1099.57
1065.06
1452.91
1368.01
1334.17
293.134
6.254
1000.51
1352.04
1070.3
1900.48
905.175
1514.54
2046.35
1595.88
1955.72
2122.79
2107.2
2012.47
2262.95
1951.86
1355.72
1568.55
1697.21
1395.79
1928.4
1526.01
2134.46
2037.39
990.864
906.981
1078.04
899.068
1872.12
1852.18
1846.71
1863.74
1907.06
974.687
529.438
950.935
1358.63
1845.83
1710.3
1862.37
1703.18
1669.73
1645.83
1731.63
1731.38
1699.82
1519.37
1690.56
1543.77
1700.37
1670.78
1673.62
1201.06
876.976
1435.92
1050.94
432.154
1246.27
1289.69
1265.97
731.399
599.55
1065.74
884.089
577.822
468.745
901.312
704.827
73.342
13.068
3.839
2.636
2.114
1.589
17.735
2.156
2.854
1.881
1.558
40.216
57.806
10.47
1.671
5.596
6.525
28.145
95.5
63.425
9.731
442.408
625.686
1125.91
1100.3
712.027
278.081
311.202
1359.8
1376.11
1499.87
1238.7
1186.91
994.414
398.518
814.66
1463.46
1471.18
855.384
1719.75
1243.01
1203.79
