914.468
947.721
950.795
970.953
984.768
968.662
891.409
902.199
891.251
926.659
919.014
916.707
951.794
900.856
876.028
921.399
936.034
551.084
998.306
858.921
976.016
888.255
923.447
886.354
563.271
574.482
942.579
924.191
917.73
900.53
898.496
899.861
933.17
947.866
917.236
900.204
858.975
887.25
921.616
937.493
1009.4
855.962
974.597
932.525
896.983
948.462
885.86
855.372
931.413
875.257
885.235
809.091
743.039
915.722
952.859
518.746
938.488
889.897
860.929
937.895
847.618
866.872
895.025
922.018
934.026
915.69
898.14
933.058
913.392
874.593
932.601
962.506
918.391
916.849
912.315
935.022
845.249
884.306
953.125
883.983
896.881
920.812
842.301
954.199
958.582
952.242
889.108
971.766
893.082
899.335
950.382
530.264
581.136
910.034
881.642
920.773
867.435
960.783
893.466
867.986
959.942
952.637
927.525
931.92
903.319
986.437
939.661
927.352
900.661
523.993
953.038
943.162
843.785
943.467
920.288
873.271
893.603
915.044
932.105
896.453
924.58
901.478
898.779
959.903
938.128
941.885
930.311
928.544
930.757
571.612
878.956
860.45
935.762
931.08
895.215
918.967
862.892
945.599
896.155
926.266
586.519
1000.64
915.666
910.149
865.188
939.982
893.098
826.917
893.984
953.342
859.497
939.517
884.601
940.006
903.687
943.876
922.956
907.876
920.17
877.192
879.909
872.382
923.61
947.21
937.366
1016.58
777.523
892.232
970.411
892.126
936.035
968.564
925.339
940.389
910.065
901.066
942.767
883.316
954.065
872.722
932.331
910.325
895.381
937.263
953.516
919.722
897.804
805.15
920.312
757.235
720.329
566.681
881.252
869.453
919.779
938.458
907.063
852.446
657.725
412.486
751.43
1070.94
1067.7
983.265
1058.94
1038.92
986.557
1006.99
1072.33
1085.02
1028.61
1066.05
1038.01
977.38
1036.39
1026.19
999.781
1105.01
966.038
761.583
1014.29
1072.71
1041.97
1017.37
1043.45
670.379
762.678
951.397
1018.51
1018.29
1009.68
996.468
1026.61
1001.33
1047.43
1041.55
1045.85
1000.53
1096.48
997.143
1016.57
1007.44
1004.55
1038.21
1007.11
1002.37
979.128
1043.48
1058.56
1027.29
1028.02
1041.05
1033.72
666.888
1023.33
945.204
575.873
911.397
1085.21
1061.85
1040.02
1005.67
1044.98
1077.49
1031.92
1019.08
1070.63
1017.72
1068.04
1047.91
1034.6
1062.42
995.303
1038.27
969.564
1062.77
1017.98
1036.01
987.249
1087.31
1059.8
1029.9
1037.13
1043.22
976.711
1048.98
1004.38
1048.55
1014.8
1006.69
954.937
991.9
772.318
847.733
687.313
1008.62
1069.17
996.906
1016.07
1015.03
1066.8
1031.65
1001.3
987.937
1051.5
1010.8
1028.83
1028.17
1057.83
1051.8
1059.13
593.545
1047.52
1001
1059.28
1029.33
1068.03
999.325
1051.89
983.892
996.461
1013.35
986.932
998.617
1082.02
978.728
1030.95
1020.58
972.972
1017.51
626.451
955.514
1005.59
1067.51
1061.33
1000.98
1035.32
1025.1
1020.33
988.333
1037.37
989.55
633.296
971.824
1029.57
1017.57
984.048
977.046
1056.56
1020.06
981.135
1047.86
924.059
961.164
1009.88
1086.38
950.078
1096.81
963.721
1017.1
995.921
1034.2
994.842
1059.96
1107.36
1074.71
1036.54
856.424
1018.96
1035.9
985.752
1037.85
930.927
1046.71
1020.96
1025.22
1056.36
1092.97
1024.59
1040.78
1072.09
1034.56
1034.23
1002.21
1019.49
1045.96
984.149
985.072
974.329
942.33
988.851
625.03
1013.13
643.155
1076.84
1066.87
994.562
1011.67
1059.17
1046.99
564.046
675.394
975.739
929.172
926.972
952.137
946.541
928.914
952.547
866.011
906.044
955.701
928.933
968.933
929.576
932.341
980.856
978.027
1050.43
576.187
934.342
917.071
998.072
888.586
936.166
939.667
593.648
563.202
948.308
977.461
965.472
990.537
985.787
938.335
986.527
969.912
956.92
962.081
967.991
905.182
944.757
951.225
955.103
941.233
935.697
1003.94
978.731
935.555
860.344
957.969
970.521
867.448
957.639
799.172
737.787
920.095
954.917
544.481
938.322
971.651
919.951
981.15
972.469
938.665
923.633
971.215
976.263
936.868
945.451
1036.21
928.869
1009.03
978.748
977.722
938.518
955.942
985.457
852.162
860.362
1000.96
959.39
979.252
987.236
1004.91
947.798
917.087
953.867
942.249
912.492
954.678
936.424
988.704
979.625
576.266
605.797
970.097
899.77
944.299
938.777
911.257
978.806
988.78
996.109
1016.43
962.412
947.915
996.212
964.356
959.386
927.802
971.181
569.852
885.945
959.183
949.603
953.754
979.501
923.779
1003.71
943.148
974.138
965.769
978.37
944.576
977.249
985.391
1057.16
959.964
926.555
980.079
867.818
569.06
883.903
993.771
929.144
970.709
949.145
970.668
971.844
931.073
926.018
975.041
585.548
962.94
986
964.382
890.801
974.631
960.168
911.726
982.607
953.29
845.672
928.85
954.037
1018.76
989.592
923.361
1002.26
893.401
948.912
1021.25
938.586
1030.1
929.541
937.975
906.828
987.791
799.908
1045.15
943.222
980.829
899.25
963.074
907.615
954.836
946.852
919.897
899.378
1007.25
923.153
937.838
964.964
1030.34
937.54
945.582
919.532
957.464
933.555
816.267
964.771
912.179
730.69
572.408
931.641
992.54
904.861
962.346
934.053
1005.78
680.268
384.996
844.172
936.945
949.512
987.123
923.425
959.692
972.093
917.76
990.72
1008.63
934.346
978.418
983.327
880.095
975.408
979.956
939.296
929.304
607.812
991.604
959.012
887.055
950.42
1013.98
948.817
644.878
610.986
990.995
999.3
893.469
929.299
966.646
1034.21
951.596
928.927
956.36
964.464
1031.52
921.147
993.822
945.364
865.623
944.799
956.259
941.212
958.878
971.723
983.057
957.176
988.872
963.551
960.117
780.586
786.789
980.844
1002.89
505.424
995.602
906.395
946.106
933.192
918.612
924.987
982.101
911.328
919.634
958.965
932.454
920.511
908.376
929.496
975.364
912.359
1010.64
941.989
893.234
991.681
931.734
1005.77
954.078
923.276
929.962
943.671
902.708
931.371
965.786
983.241
980.292
973.348
969.054
971.957
946.829
536.109
612.445
1038.44
968.027
899.327
920.605
974.89
938.536
963.336
966.233
891.244
987.078
973.089
889.59
930.724
942.397
928.649
932.478
545.839
969.035
947.451
920.796
975.453
913.684
934.445
974.444
1011.97
987.796
1029.48
937.293
991.375
953.603
920.273
914.636
975.726
989.334
997.538
969.666
566.503
941.585
951.438
919.738
914.997
960.557
977.133
965.426
909.44
929.547
925.489
541.586
946.432
975.222
966.414
927.829
997.536
964.763
987.53
949.821
1025.14
951.084
788.526
892.859
986.324
929.052
923.67
840.861
902.208
977.053
979.709
956.698
972.561
927.481
981.404
950.704
916.865
830.728
950.572
984.934
957.446
918.24
957.811
919.85
1002.39
956.636
963.985
948.166
907.924
989.087
962.053
948.68
980.255
1001.52
947.864
905.775
973.55
903.368
923.646
992.808
651.648
816.824
598.173
993.64
915.12
979.247
1010.74
940.65
1042.84
614.955
587.841
716.698
978.83
1009.51
930.769
994.284
985.074
982.836
971.833
964.698
976.077
978.46
955.248
970.878
1009.16
978.013
1004.02
941.347
901.134
640.451
834.885
996.755
929.559
968.579
1005.78
956.06
612.922
623.996
924.869
936.671
998.745
930.896
1004.52
954.994
977.451
942.221
960.951
958.308
954.816
1024.4
979.681
900.963
923.34
883.984
936.61
927.98
943.417
964.835
986.47
950.194
949.073
964.248
934.478
971.002
660.807
939.835
984.749
533.407
948.155
920.854
935.335
911.973
995.789
915.31
944.265
891.949
940.958
986.302
915.901
962.316
963.636
931.805
938.001
963.529
950.145
964.051
913.939
883.683
956.414
930.474
985.722
955.304
905.681
947.484
1022.48
896.652
892.114
942.151
994.454
955.288
989.558
906.19
952.477
588.365
813.269
776.774
1016.07
987.708
919.437
924.025
965.037
963.262
948.995
917.959
925.151
919.899
954.691
904.67
964.295
947.372
920.723
778.039
701.595
953.921
912.267
894.663
971.877
925.539
887.798
933.044
940.244
948.628
969.811
936.789
916.764
915.879
947.113
935.042
940.828
904.165
922.107
605.041
895.08
981.678
931.983
925.945
1016.21
950.453
974.406
933.136
927.767
934.973
809.142
756.038
968.695
918.424
907.625
898.424
943.607
989.207
917.707
956.518
839.997
968.403
925.059
901.037
925.301
878.222
887.248
874.904
952.038
974.562
893.456
910.079
991.677
880.52
907.566
854.942
769.312
901.339
975.983
957.064
862.448
903.453
925.256
1009.28
925.012
923.859
922.249
947.672
943.849
959.85
1009.91
931.859
970.888
921.765
953.809
927.496
1019.14
887.906
916.37
885.441
561.387
822.445
701.952
976.234
964.755
959.864
952.106
870.012
922.391
412.426
860.877
