2070.59
1988.61
2112.51
1977.86
1936.56
2118.52
1971.74
1852.37
1865.07
2110.75
2013.71
1959.82
2048.1
2048.82
2055.15
2098.07
2142.57
2094.09
2095.26
1954.3
2047.9
2010.91
1985.74
1915.49
1984.24
1787.71
1958.94
1767.66
1549.77
1914.03
2126.15
2146.26
2057.5
1856.19
2039.39
2097.31
2057.98
1974.67
2049.5
2126.71
2093.56
2127.89
2010.69
1797.58
2003.83
2083.94
2041.95
1979.64
2029.58
2157.72
2071.73
2208.5
2119.4
1957.16
2174.03
2100.92
1917.05
2078.8
2141.16
2118.9
2001.16
2179.48
2077.84
2167.14
2012.2
2052.44
2175.51
1963.06
1953.09
2106.17
2124.79
1360.68
110.666
1127.93
1133.01
1993.78
1899.42
2034.14
1947.3
1829.67
2017.81
2011.74
1983.7
1996.62
970.568
1361.59
2061.38
1996.64
2058.25
1682.37
1522.17
2057.5
1830.54
1827.74
2037.77
1838.74
2113.39
2139.61
2051.67
1973.02
1746.65
2019.64
1958.47
1859.62
1988.04
2017.95
2043.99
2089.69
1794.07
2046.25
1772.46
1838.01
1961.32
1929.46
1890.85
2063.45
1823.88
888.248
1878.91
1873.92
2043.23
1851.26
1762.51
1778.07
1997.57
1998.45
1210.11
1971.37
2049.74
1181.89
1695.17
1910.39
2099.91
2034.12
2005.21
1634.63
1978.67
1904.16
1928.66
2048.7
2033.15
1127.85
1211.81
1589.66
1876.58
1553.55
1045.04
1330.3
1486.59
1582.13
1643.99
1494.37
1242.66
1844.69
1184.08
1283.81
1077.45
1716.32
1336.93
1908.3
1712.72
1397.76
1513.48
1631.68
1612.81
1693.32
2012.21
1900.27
1536.23
1654.37
1704.43
1497.04
1688.62
1842.81
1604.59
1757.5
1876.66
1446.78
1599.59
1969.78
1620.8
1802.3
1812.5
1909.19
877.64
1122.93
1801.72
1959.4
1578.01
1682.35
1601.04
1953.5
1552.47
1883.56
1886.68
1907.54
1953.86
1908.34
1892.38
1876.88
1791.73
2021.3
2033.81
2061.65
1995.61
1947.33
2074.74
1916.05
2078.62
2060.83
2036.06
2049.13
1935.52
2067.22
2022.15
2157.14
2151
2157.17
2142.27
2147.17
2035.19
2179.43
2243.32
2189.18
2009.74
2005.29
2042.02
2117.38
1832.45
1734.02
1928.49
2235.96
2231.19
2142.2
2037.35
2254.36
2248.26
2256.96
2059.49
2170.39
2117.03
2321.73
2254.24
2143.33
2082.86
2281.01
2327.18
2090
2084.27
2184.93
2207.48
2269.2
2338.16
2340.06
2273.34
2167.69
2238.78
2035.56
2224.53
2251.93
2218.33
2256.28
2284.57
2299.53
2224.75
2228.61
2265.91
2318.07
2254.8
2119.63
2216.2
2120.82
1302.72
141.534
1176.11
1266.66
1987.98
1787.19
1966.28
1933.77
1907.62
2068.97
2078
1962.57
1919.85
1057.5
1387.4
1870.31
2114.01
2061.26
1721.34
1634.13
1982.51
1903.05
2018.6
2020.51
1834.9
2096.89
1986.74
2070.59
1981.75
1813.35
2056
1895.81
1992.44
1983.59
1897.78
2000.7
2102.58
1742.39
1966.86
1809.22
1906.16
1960.16
1972
1813.52
2053.41
1822.31
977.073
1925.12
1850.57
1841.77
1925.5
1745.36
1734
1954.89
2039.24
1234.41
2035.92
2076.44
1165.13
1677.56
1979.52
2037.47
2026.09
2052.38
1749.79
2115.48
1975.65
1928.14
1981.58
2020.38
1222.27
1291.77
1691.77
2019.33
1678.06
1176
1335.93
1516.08
1728.67
1597.57
1503.68
1231.46
1743.86
1300.23
1267.55
1180.89
1685.06
1359.88
1890.18
1693.86
1418.07
1481.1
1580.41
1656.33
1724.15
1915.29
1890.75
1599.8
1657.2
1867.47
1529.82
1770.62
1790.6
1600.17
1782.38
1902.32
1417.65
1676.82
1994.1
1658.02
1805.84
1921.35
1967.31
912.864
1128.93
1857.33
1960.07
1691.11
1624.43
1682.44
1926.97
1498.28
1926.4
2014.07
1905.83
2060.56
1911.79
2010.32
1796.61
1827.34
2178.15
2176.53
2106.79
2023.43
2109.51
2176.27
2020.5
1973.88
2097.37
2112.09
2192.98
1990.05
2157.52
2278.75
2170.25
2159.12
2178.9
2185.73
2162.39
2068.58
2194.36
2153.07
2186.12
2065.21
2075.16
1985.86
2160.59
1905.85
1693.83
1976.89
2094.92
2209.22
2129.62
1922.14
2319.25
2197.34
2087.6
2097.46
2216.88
2232.06
2193.89
2265.56
2162.79
2022.32
2278.87
2152.1
2115.4
1942.07
2131.72
2254.22
2243.38
2091.99
2296
2174.28
2136.83
2205.69
2096.03
2057.3
2180.9
2181.23
2285.09
2185.15
2093.09
2160.12
2085.41
2150.84
2105
2136.94
2139.3
2124.69
2143.19
1314.93
151.321
1108.94
1202.39
1977.17
1904.36
2125.56
1985.04
1874.51
2162.13
2062.52
1974.21
2132.49
1101.68
1317.57
1913.08
2099.48
2145.58
1737.51
1641.9
2005.15
1910.86
1932.5
2220.17
1793.5
2031.9
2043.49
2080.6
1989.05
1765.73
2086.71
2025.22
1973.9
2035.76
2019.63
2138.87
2121.49
1774.69
2031.27
1783.85
1865.72
2014.54
1929.05
1898.64
2227.05
1833.24
1046.79
1961.52
1841.43
1992.39
1864.42
1969.89
1727.67
2102.17
1925.36
1272.94
2106.22
2077.94
1275.8
1715.43
2081.41
2043.16
2066.42
2042.15
1769.22
2094.67
2113.68
1981.1
2056.92
2067.25
1252.83
1290.49
1678.19
2031.13
1623.2
1242.65
1314.07
1614.36
1567.48
1661.5
1643.81
1142.42
1819.29
1265.7
1308.6
1180.41
1732.95
1449.83
1972.94
1857.27
1497.55
1622.2
1704.69
1622.83
1767.09
1986.59
1916.46
1556.89
1734.41
1893.63
1590.39
1796.98
1806.64
1706.06
1716.82
1988.88
1444.1
1723.39
2020.79
1785.65
1848.13
2016.64
2066.44
867.844
1117.54
1866.27
2091.82
1738.88
1760.76
1687.87
2016.07
1538.55
2056.41
2030.43
2049.09
1980.17
1912.83
2066.37
1869.3
1908.78
2104.94
2026.34
2093.29
2065.98
2117
2107.41
2093.96
2098.01
2107.36
2180.48
2108.15
2047.11
2060
2118.34
2146.24
2224.67
2131.62
2051.72
2099.58
2038.77
2056.08
2217.5
2114.22
2126.22
2001.58
2015.3
2230.07
1496.15
2013.18
1966.93
2178.87
2216.51
1991.38
2003
2162.63
2144.66
2107.06
2032.18
2161.85
2126.22
2090.64
2110.77
2158.55
1971.7
2209.83
2095.79
2187.29
2062.38
2138.69
2187.03
2186.68
1975.02
2097.35
2088.93
2253.61
2160.08
2039.71
2129.68
2141.34
2190.46
2149.31
2149.61
2185.43
2130.93
2167.05
2275.67
2132.79
2142.89
2201.62
2152.72
2009.48
1070.79
71.475
1536.03
1297.81
1947.65
1959.89
2046.64
2115.7
1882.36
2123.65
2047.14
2113.3
2150.12
744.124
1868.7
1979.58
2156.18
2203.39
1771.58
1753.08
2034.18
1891.23
2086.27
1968.99
1859.24
1992.19
2025.62
2036.25
1910.23
1813.51
2113.68
2056
2061.63
2021.92
2105.84
2029.46
2061.43
1874.92
2106.62
1677.56
1962.82
2059.18
1975.75
2015.29
2146.06
1699.28
1145.83
1923.71
1978.23
2007.91
2047.94
1941.55
1753.65
2045.45
1743.41
1576.22
2053.07
2033.08
1087.22
1678.85
1987.27
2035.83
2113.2
2142.74
1744.74
2157.82
1993.85
2111.03
2060.57
2120.1
1245.54
1205.11
1778.64
2134.2
1579.81
1125.79
1391.31
1622.09
1610.63
1806.93
1434.86
1401.56
1774.37
1183.3
1346.92
1183.54
1743.2
1540.57
1784.42
1827.61
1306.87
1619.53
1719.94
1580.9
1829.62
1956.85
1878.36
1678.42
1682.99
1862.39
1591.23
1814.67
1771.24
1495.21
1709.49
1825.52
1358.73
1616.23
1852.93
1596.38
1810.5
1848
1677.23
623.983
1344.69
1897.27
1713.2
1533.91
1730.41
1655.7
1683.33
1633.78
1897.53
1885.77
1923.84
2059.78
1837.81
1869.28
1832.22
1797.59
2041.81
2154.04
2065.5
2144.18
2071.84
2088.68
2006.35
2016.63
2001.12
2100.36
2090.82
2038.31
2039.19
2194.25
2095.88
2178.87
2031.85
2024.94
2072.38
2023.53
2123.42
2212.39
2096.32
2093.79
1935.57
1976.02
2018.47
2255.1
1345.84
1969.13
2050.21
2014.58
2049.58
1884.07
2155.55
2158.93
2142.7
2022.79
2106.24
2245.45
2145.13
2034.57
2117.08
2011.24
2077.76
2117.11
2120.37
1997.34
2141.45
2135.17
2057.97
2183.49
2187.46
2202.97
1961.92
2143.53
1926.86
2167.91
2135.95
2194.65
2175.24
2183.91
2158.02
2113.61
2127.12
2106.2
2244.8
2184.13
2200.94
2113.68
2172.18
1762.19
340.209
500.202
1352.68
1941.32
1981.32
1963.98
2016.48
1917.09
2125.34
2118.92
2096.58
2117.57
1738.92
771.55
2014.83
2132.88
2139.98
1961.6
1493.08
1998.19
1992.14
1921.98
2053.7
1728.43
2170.75
2119.91
2142.16
2040.53
1874.39
1894.84
1989.07
1812.12
2069.11
2003.15
2054.68
2074.24
1898
1923.49
1954.67
1757.54
2037.53
2029.54
1884.61
2109.98
2195.81
865.361
1968.78
2133.12
1936.92
2016.66
1978.96
1865.93
1846.88
2041.98
1227.12
2066.34
2132.77
1868.51
1224.1
1863.97
2040.82
2181.42
2087.04
1902.83
2011.71
2032.37
1985.86
2092.1
2163.16
1652.78
1310.89
1321.87
1777.91
1979.09
1129.22
1200.69
1510.81
1708.49
1713.14
1586.51
1244.43
1767.85
1481.67
1227.17
1113.29
1649.14
1366.15
1842.96
1771.48
1831.76
1362.09
1670.26
1638.55
1651.93
1991.73
1939.77
1610.72
1811.71
1751.94
1726.71
1688.07
1896.95
1727.72
1788.29
2031.81
1619.02
1656.17
1917.44
2013.84
1720.17
1920.27
2118.03
1373.65
724.934
1829.02
2027.04
1849.46
1472.74
1560.5
1997.56
1548.79
1994.1
2024.05
2012.25
2044.65
2058.44
1952.33
1902.44
2117.07
