2392.79
1948.6
2118.43
2418.04
1771.58
2229.7
1435.92
1339.6
1730.17
2700.87
2630.58
2542.88
2441.91
2496.88
1776.65
1983.49
2396.65
1623.17
1546.42
1938.61
2131.41
2192.3
2244.08
1407.9
2171.64
3189.64
2064.02
1935.92
1813.43
2521.58
1509.9
996.128
1599.66
2098.76
2121.47
2796.75
2135.8
2456.91
1879.97
1698.88
2057.22
1862.93
1632.11
2195.64
2166.57
2461.37
2715.18
1594.07
1823.14
1836.24
1533.09
1781.23
1720.84
1717.01
2470.38
2319.5
2436.21
2396.26
2368.67
1487.52
1660.28
2158.72
1884.27
2254.79
2487.96
1522.16
2515.27
1646.11
2131.81
2341.2
2224.44
1208.64
1175.6
1616.88
2580.23
2816.9
2106.13
2166.16
2359.08
2452.27
2101.66
2117.68
1763.49
1998.92
1904.15
2447.36
1397.46
2900.98
1816.23
1191.31
2381.87
2394.17
1950.93
2116.9
2011.22
2184.49
1546.83
1905.67
2220.34
2084.5
1909.9
2216.54
2599.75
2234.56
2489.66
1819.53
1561.2
1697.07
1688.01
1784.25
2004.75
1576.23
2224.05
2313.9
1965.12
2192.54
2088.67
1656.51
2067.98
1966.26
1278.35
1570.38
2282.35
2296.93
2153.89
2166.36
1564.06
2295.12
1104.05
2002.47
2161.84
2870.05
1529.12
1297.92
1551.05
2321.29
2342.08
2331.01
1996.44
2023.5
2265.64
2260.88
2645.5
1955.74
1830.26
1379.98
1611.78
2275.06
2362.27
1872.36
2239.38
2247.72
2175.92
2360.1
2159.12
1989.96
1608.56
1841.67
1477.38
2403.98
1587.13
2303.22
2742.68
2807.87
1866.57
1925.53
1930.82
1709.9
1394.02
1847.77
1755.98
1759.87
1712.61
1998.83
2294.72
2089.3
2227.43
2265.18
1669.44
1482.96
2165.57
1887.41
1749.17
2265.18
2392.21
1816.62
1705.04
1964.23
2480.82
2270.23
2112.67
1772.45
1934.27
1770.36
1850.31
2219.62
1433.9
1725.58
1669.01
1698.91
1755.68
2046.53
1604.66
1907.3
2155.14
1573.21
1385.97
1226.91
1456.01
2099.95
2102.97
2137.6
1948.81
2314.39
1721.08
1378.48
2187.71
1407.04
1179.71
1931.56
1905.42
1828.59
1864.44
1886.94
1147.49
2298.78
2562
1466.12
1512.36
1759.53
1969.07
1143.25
1101.01
1915.69
1461.58
2023.57
2111.43
2081.86
2061.41
1268.66
1670.76
2007.65
1476.16
1278.94
2042.39
1730.68
2629.5
2317.12
1304.64
1459.63
1149.67
1402.71
1728.75
1162.88
1846.71
2372.52
2170.58
2024.7
2377.23
1781.15
1348.35
1459.53
1517.36
1657.08
2310.81
1923.53
1875.63
1898.6
1458.75
1941.01
1926.56
1467.93
889.009
1177.48
1631.19
2715.68
2222.14
2100.45
2238.02
1877.36
1948.04
1604.5
1733.94
1856.56
1510.18
2178.8
1611.88
1523.88
2427.28
1005.17
1519.01
2170.08
1917.58
2003.53
1784.97
1805.69
1924.7
1131.23
1890.45
1465.47
1705.47
1716.59
2205.26
2339.68
2112.32
1859.43
1721.42
1287.54
1338.01
1352.51
1522.07
1317.52
2003.14
2013.99
1919.64
1962.99
2026.58
1641.04
1322.18
1894.54
1334.76
1377.54
1690.2
2425.99
1496.74
2071.12
1539.89
1875.24
1637
1043.46
1325.87
1989.12
2279.8
1138.11
1358.51
1764.45
1978.62
2518.27
1866.09
1745.86
1638.18
2308.43
2129.91
2141.32
1617.53
1335.51
1218.45
1624.91
2248.98
1721.72
1507.94
1785.68
1980.78
1880.1
2524.76
1596.27
1415.05
1745.35
1340.71
1797.05
1682.16
1376.5
2346.56
2516.41
2043.54
1609.58
1552.59
1789.04
1199.91
1447.47
1464.58
1690.29
1716.19
1618.67
2147.48
1777.4
1790.31
2158.67
1999.97
1127
1705.27
1628.95
1609.61
1846.37
2058.3
2043.24
1756.44
1218.89
2054.9
2193.91
1708.52
1837.01
1674.13
1546.71
1580.21
1423.95
1139.15
1904.72
1235.63
1609.66
1838.7
1862.54
2168.09
1773.59
2277.94
2116.91
2295.71
1786.18
1388.39
1510.46
2587.11
2423.21
2658.9
2345.43
2400.83
1870.47
1666.14
2527.85
1698.91
1341.85
2384.59
2056.44
2041.16
2318.48
2207.72
1487.13
3068.55
2594.22
1791.12
1701.3
2371.92
1897.45
1229.8
1424.09
2128.26
1890.3
2499.77
2347.34
2367.78
2055.04
1431.39
1948.25
2349.19
1898.45
1989.65
2176.78
2211.81
2950.35
2291.88
1439.51
1844.5
1428.38
1709.34
1891.1
1329.75
2180.59
2560.52
2590.48
2398.43
2590.9
1860.36
1678.43
2108.85
1965.02
2119.88
2659.37
1849.37
2356.31
1999.23
1646.18
2269.22
2343.16
1358.15
1071.7
1508.8
2073.27
3024.73
2421.92
2439.29
2538.62
2537.02
2475.39
1810.26
1840.22
1918.66
1740.25
2710.39
1527.65
2121.73
2431.51
1066.81
1924.09
2519.98
2188
2319.28
2141.78
1981.12
2181.37
1441.43
2304.23
1849.7
1927.43
1832.53
2364.33
2648.9
2555.03
2005.22
1713.14
1602.48
1580.74
1711.76
1891.16
1310.02
2453.91
2375.54
2219.41
2063.47
2275.19
1777.47
1762.17
2223.76
1519.53
1651.7
1866.6
2928.14
1516.96
2371.97
1626.66
2357.4
1481.6
1260.7
1905.71
2884.78
2112.53
1315.56
1478.47
2247.02
2353.82
2609.55
2040.22
2015.97
2149.96
2636.87
2591.57
2130.15
1895.35
1566.68
1485.44
2002.61
2459.7
1797.06
2104.48
2366.83
2366.37
2147.9
2673.64
1774.41
1512.24
1981.39
1235.93
2525.11
1952.9
1818.18
3026.15
2970.78
2106.29
1761.32
1753.29
1912.18
1341.93
1689.9
1844.63
1966.23
2136.18
1903.54
2456.17
2027.21
2182.44
2422.41
2191.84
1007.18
2074.25
1902.53
1823.89
2288.89
2505.21
2122.99
1999.17
1355.8
2287.44
2521.45
1873.95
1855.34
1980.54
1878.32
1901.96
1870.19
1267.94
1956.25
1348.25
2003.72
1988.78
2130.78
2071.8
1552.92
1645.79
1954.55
1340.2
1673.31
1343.49
1082.31
1507.08
2046.9
1885.53
1915.09
1835.16
2000.35
1244.58
1654.06
1832.92
1201.36
1407.8
1603.92
1752.45
1831.37
1648.84
1191.93
1713.8
2559.43
1539.14
1369.94
1471.48
1925.65
1238.5
862.917
1343.62
1539.7
1559.85
2095.52
1631.14
1897.61
1364.3
1291.78
1724.48
1498.35
1251.26
1850.26
1490.84
1951.3
2085.52
1207.25
1473.94
1386.42
1210.15
1522.22
1121.09
1360.52
1897.92
1956.29
1907.5
1775.92
1949.59
1303.97
1438.67
1649.05
1474.19
1907.23
1895.6
1168.42
2131.51
1258.51
1923.71
1773.35
1631.85
887.325
876.637
1325.58
2029.94
1997.51
1776.05
1885.29
2043.95
1860.64
1663.04
1697.95
1521.19
1512.61
1551.98
1825.84
1108.88
2277.18
1293.22
1028.92
1948.86
1816.1
1538.97
1723.73
1600.38
1926.38
1074.23
1714.13
1693.97
1563.3
1400.21
1724.96
2248.63
1911.4
1861.43
1453.57
1305.3
1318.68
1283.87
1359.59
1621.8
1131.37
1465.69
1825.55
1711.5
1595.05
1669
1257.62
1764.6
1446.17
1213.62
1301.41
1817.13
1837.1
1842.91
1606.87
1268.45
1692
933.066
1502.88
1688.99
2243.22
1012.47
1186.82
1478.55
1846.34
2008.29
1991.55
1551.24
1489.73
1806.29
1930.32
2223.59
1501.5
1259.31
1093.42
1310.47
1814.67
1872.24
1456.43
1716.88
1676.67
1659.34
1955.01
1576.39
1612.7
1370.62
1352.48
1213.33
1946.07
1313.69
1950.38
2095.76
2293.06
1467.07
1537.02
1453.79
1271.51
1079.97
1425.29
1414.7
1475.75
1357.89
1638.04
1693.7
1619.99
1674.91
1871.11
1249.68
1214.48
1659.11
1490.67
1442.36
1927.62
2102.59
1561.14
1282.78
1653.72
1792.15
1619.46
1642.02
1384.19
1637.36
1430.71
1309.94
1723.47
1152.93
1261.18
1355.96
1474.07
1680.83
3581.3
2699.17
3211.19
3926.16
2507.96
2858.93
2324.95
2344.52
3128.34
3893.72
4260.79
3537.79
3764.42
3306.37
2143.78
3448.46
2868.69
2134.59
2965.41
3124.72
3270.17
3468.5
3509.09
2252.38
3865.86
4818.91
2663.21
2510.32
2729.41
3790.98
2009.94
1772.46
3071.15
2675.41
3072.92
3802.63
3556.98
3534.37
2402.57
2607.59
3415.77
2845.02
2575.94
3617.23
2992.72
4146.7
4152.97
2282.04
2717.41
2077.82
2213.84
2956.24
2199.34
2781.54
3803.99
3884.27
3396.92
3849.43
3473.96
2683.51
2638.35
2778.88
2771.64
3774.18
3535.19
2601.55
3635.61
2192.59
3550.95
3549.84
2859.73
1597.38
1570.27
2564.88
4266.04
4182.53
3370.08
3669.47
4046.95
3734.75
3068.11
3049.72
2945.76
2830.77
3277.89
2903.89
2383.14
4471.69
1791.47
2129.42
3973.2
3528.68
3145.76
3129.68
2807.23
3185.89
1842.62
3588.99
2983.4
3190.57
2807.61
3791.24
4259.5
3417.2
3228.53
2820.95
2326.36
2331.72
2263.14
2728.73
2911.27
2736.9
3211.44
3221.9
3421.92
3382.95
3083.22
2282.27
3435.61
2572.03
2245.05
2605.69
3724.49
2874.87
3686.83
2771.85
2509.8
2924.97
2090.48
2809.38
3411.11
4415.07
1962.55
2205.6
2785.51
3349.24
3968.61
3611.99
3031.24
3072.64
3958.83
3549.78
4107.39
3102.56
2129.23
1861.96
2427.83
3568.07
3672.92
2565.03
3289.82
3643.07
3428.13
4185.73
2970.92
2918.46
2689.32
2594.57
2629.97
3501.54
2615.74
4039.4
4321.53
4066.29
2627.93
2780.45
2904.69
2327.73
2347.43
2502.72
2542.4
3049.35
2873.18
3434.25
3413.6
3004.86
3318.37
3529.03
2384.67
2625.13
2888.73
2833.22
2743.64
3777.73
3932.14
2781.69
2193.05
3273.99
3762.67
3392.68
3332.78
2622.61
2779.4
2800.19
2341.57
2872.72
2540.53
2432.85
2697.78
2671.13
3386.86
