2371.23
2358.69
2328.64
2369.19
2422.83
2206.88
2357.49
2247.5
2358.21
2296.03
2343.89
2321.94
2248.59
2371.26
2409.57
2284.58
2276.57
2307.85
2382.69
2355.04
2349.28
2331.59
2299.55
2354.87
2283.03
2424.3
2304.3
2306.3
2261.87
2311.16
2303.19
2410.73
2242.43
2369.12
2264.57
2318.81
2184.46
2349.21
2294.51
2293.45
2419.26
2406.73
2290.59
2281.16
2216.67
2401.84
2259.22
2383.8
2109.17
2402.74
2298.51
2355.51
2305.01
2381.3
2400.7
2273.93
2389.65
2406.85
2241.18
2380.61
2379.87
2355.16
2306.88
2414.47
2298.87
2239.79
2358.28
1468.17
2403.07
2322.27
2273.73
2231.71
2140.98
2416.57
2319.38
2259.38
2250.16
2337.72
2384.89
2321.35
2322.25
2286.7
2331.54
2131.58
2433.39
1636.86
2330.75
2399.54
2347.36
2259.61
2230.59
2356.4
2345.2
2297.39
2217.1
2317.44
2300.19
2346.85
2266.8
2422.14
2333.09
2419.45
2374.12
2333.82
2249.7
2264.34
2396.46
2309.54
2301.78
2348.98
2233.28
2210.45
2150.63
2255.34
2200.05
2237.24
2286.12
1399.86
2354.95
2313.4
2322.99
2274.59
2324.22
2401.56
2294.84
2379.02
2241.16
2379.47
2276.26
2366.57
2303.46
2312.31
2351.44
2441.32
2282.2
2360.75
2220.11
2310.66
2316.85
2314.31
2401.93
2373.52
2353.22
2302.4
2281.2
2349.56
2220.83
2361.82
2314.55
2368.98
2309.33
2354.24
2265.43
2412.85
2280.25
2390.91
1755.78
2256.44
2336.14
2320.47
2306.44
2412.46
2259.35
1319.73
2295.14
2364.58
2254.03
2340.37
2262.9
1302.11
2338.75
2211.88
2293.05
2282.35
2338.51
2295.09
2339.04
2285.33
2375.32
2316.67
2265.78
2322.62
2311.44
2336.89
2359.35
2389.23
1561.12
2368.1
2334.77
2261.56
2210.57
2316.16
2303.6
2327.65
2313.62
2302.1
1399.86
2289.26
2373.37
2393.64
2306.2
2605.71
2591.76
2664.17
2597.92
2498.53
2412.37
2512.37
2542.02
2516.84
2552.51
2476.18
2490.71
2486.73
2500.29
2454.58
2468.46
2569.96
2489.27
2490.98
2494.85
2462.19
2546.64
2535.36
2542.08
2588.53
2482.52
2421
2545.54
2523.7
2528.41
2437.27
2515.74
2573.62
2445.23
2486.22
2445.36
2522.49
2521.96
2503.79
2495.84
2507.97
2458.23
2458.55
2348.93
2483.72
2622.17
2466.7
2403.32
2472.08
2504.39
2510.46
2464.44
2423.65
2522.88
2414.56
2491.23
2488.33
2434.08
2471.61
2456.06
2504.27
2461.28
2500.62
2465.47
2451.13
2421.03
2528.31
1583.02
2428.98
2463.98
2501.06
2341.18
2273.71
2451.29
2527.04
2358.12
2536.1
2408
2476.13
2508.2
2507.81
2455.84
2375.69
2448.09
2548.8
2051.13
2092.45
2573.82
2589.49
2545.7
2348.47
2487.77
2451.89
2451.91
2444.37
2430.79
2451.5
2508.1
2481.58
2443.75
2505.71
2477.7
2579.92
2535.21
2485.59
2597.12
2485.72
2431.74
2533.54
2619.68
2431.66
2468.26
2494.43
2502.11
2479.84
2445.43
2563.58
1945.55
2138.18
2535.39
2678.37
2559.2
2579.17
2531.22
2638.85
2515.05
2568.79
2547.05
2516.12
2504.46
2620.57
2591.11
2532.8
2507.06
2537.67
2608.85
2416.03
2480.03
2660.38
2543.16
2513.8
2639.4
2484.03
2529.32
2546.45
2540.73
2475.83
2649.77
2553.48
2612.22
2566.93
2561.51
2648.17
2650.96
2488.96
2514.55
1853.16
2525.86
2631.56
2605.85
2606.21
2537.56
2587.94
1681.55
2351.18
2510.48
2432.89
2603.09
2500.87
1878.44
2158.58
2605.33
2607.41
2536.09
2497.93
2559.49
2551.49
2608.89
2515.67
2548.49
2385.52
2606.7
2500.8
2594.1
2580.07
2549.37
2170.79
2211.98
2568.97
2531.57
2643.75
2439.78
2625.72
2558.89
2438.14
2620.8
2084.09
1932.5
2577.47
2376.76
2424.12
2309.8
2442.17
2297.78
2375.94
2295.28
2386.82
2371.28
2435.19
2428.87
2439.53
2420.16
2369.33
2432.6
2307.01
2381.87
2326.49
2396.13
2448.22
2446.03
2535.41
2518
2508.01
2410.87
2388.13
2411.83
2470.56
2346.79
2500.85
2413.41
2474.51
2473.13
2506.57
2419.76
2389.98
2320.33
2393.36
2382.11
2423.37
2475.89
2335.59
2373.22
2422.78
2397.04
2346.46
2429.68
2474.49
2549.36
2383.37
2272.29
2468.82
2364.4
2481.06
2459.65
2363.71
2347.12
2356.26
2373.34
2469.3
2489.82
2314.46
2460.48
2435.29
2377.62
2359.56
2512.53
2284.09
2443.69
1545.72
2517.54
2517.56
2474.33
2199.89
2200.83
2391.44
2470.92
2312.73
2419.16
2455.45
2472.45
2348.87
2455.95
2458.7
2283.58
2297.79
2339.01
1897.45
2176.54
2347.76
2428.41
2383.6
2357.99
2536.89
2455.89
2427.7
2407.85
2360.98
2389.82
2400.2
2369.2
2372.92
2438.08
2328.91
2421.88
2360.51
2351.43
2496.23
2380.49
2351.55
2404.65
2373.72
2394.1
2362.84
2315.33
2367.83
2307.52
2357.18
2504.44
1556.13
2106.8
2231.41
2433.51
2434.94
2486.09
2333.93
2440.29
2448.57
2442.48
2355.96
2347.64
2466.88
2419.58
2350.65
2460.09
2504.36
2331.22
2457.83
2232.58
2515.6
2339.69
2378.79
2453.71
2400.6
2453.91
2424.2
2412.66
2438.74
2396.35
2338.44
2356.17
2358.24
2351.81
2438.19
2412.39
2426.49
2399.59
2474.07
1733.97
2314.43
2342.82
2422.56
2451.39
2476.87
2458.49
1448.7
2390.07
2418.94
2482.78
2321.03
2206.04
1547.75
2217.19
2337.57
2401.25
2396.03
2477.4
2492.51
2428.14
2443.66
2466.36
2472.76
2378.48
2383.49
2459.3
2357.66
2362.25
2413.48
1861.53
2158.41
2447.22
2370.29
2372.47
2429.47
2320.85
2473.2
2438.26
2442.7
1890.56
2098.49
2453.29
2289.42
2432.47
2430.14
2455.07
2333.66
2286.08
2382.2
2386.01
2401.85
2417.07
2440.79
2469.72
2443.11
2344.83
2362.24
2417.4
2471.25
2364.84
2463.73
2265.95
2402.81
2373.1
2407.91
2323.29
2534.42
2539.52
2413.67
2394.16
2478.13
2469.56
2320.95
2456.55
2371.84
2419.14
2431.36
2441.35
2405.88
2337.6
2365.01
2431.3
2335.01
2449.76
2403.86
2406.56
2412.3
2383.5
2444.2
2394.43
2269.73
2436.57
2203.61
2311.01
2429.31
2533.49
2387.91
2510.33
2422.93
2373.97
2410.66
2438.77
2255.97
2455.66
2524.4
2405.02
2460.29
2365.84
2356
2529.01
2359.29
1473.14
2358.41
2493.71
2449.72
2127.13
2280.77
2397.12
2411.55
2343.98
2375.78
2436.97
2365.86
2476.98
2515.24
2332.93
2303.2
2369.87
2405.78
1730.77
2330.76
2458.64
2497.42
2421.64
2296.59
2402.32
2415.3
2426.51
2501.3
2417.05
2326
2284.61
2421.9
2411.66
2367.61
2466.91
2377.08
2401.28
2420.57
2383.11
2380.9
2419.49
2400.41
2315.79
2330.4
2425.18
2162.4
2342.04
2296.98
2478.38
2465.68
1481.14
2416.24
2372.68
2340.33
2423.37
2454.34
2456.77
2359.87
2378.36
2367.97
2545.35
2316.09
2452.42
2441.7
2453.87
2447.82
2466.54
2374.87
2266.9
2275.68
2474.2
2469.23
2461.83
2380.27
2344.83
2464.1
2528.49
2525.97
2430.38
2359.55
2458.36
2411.86
2370.85
2474.38
2498.7
2477.33
2342.43
2437.41
2407.72
1824.61
2447.74
2394.29
2332.4
2462.6
2410.78
2429.09
1381.54
2420.14
2365.3
2390.3
2456.81
2247.1
1373.81
2337.04
2394.02
2335.82
2425.4
2458.81
2520.57
2460.3
2350.21
2445.16
2419.76
2356.46
2447.66
2432.15
2388.97
2349.09
2372.59
1569.22
2375.62
2437.89
2457.17
2340.26
2449.58
2489.65
2394.68
2439.35
2498.46
1540.42
2491.95
2395.64
2366.29
2332.38
2383.75
2320.64
2489.67
2334.75
2315.06
2243.71
2348.51
2245.2
2334.78
2332.63
2307.66
2395.17
2308.67
2372.72
2392.11
2411.39
2389.74
2364.64
2364.61
2355.87
2355.95
2345.11
2335.57
2345.03
2495.61
2435.86
2361.25
2447.21
2454.77
2430.97
2399.96
2423.1
2445.05
2436.14
2302.98
2320.3
2339.39
2426.56
2361.25
2311.25
2335.85
2370.55
2275.68
2182.75
2400.17
2365.87
2378.15
2482.46
2119.6
2421.83
2458.28
2366.14
2408.23
2320.53
2402.83
2287
2457.16
2449.31
2218.04
2409.53
2431.15
2399.22
2371.01
2412.93
2480.06
2420.16
2506.52
1421.1
2465.66
2416.36
2373.05
2167.65
2324.2
2413.5
2280.88
2374.86
2441.88
2364.16
2366.61
2415.68
2519.57
2450.53
2380.76
2258.28
2348.89
1672.47
2410.51
2429.6
2423.89
2321.84
2382
2251.61
2381.57
2271.62
2283.02
2476.06
2491.25
2375.33
2414.74
2415.89
2289.18
2344.3
2349.24
2378.68
2566.28
2447.15
2385.27
2391.54
2421.91
2273.62
2387.24
2426.7
2218.22
2179.45
2102.11
2224.69
2323.06
1421.49
2452.26
2327.31
2366.6
2463.14
2384.34
2408.99
2402.67
2438.08
2398.28
2358.56
2556.14
2353.86
2462.27
2398.11
2436.3
2300.52
2424.48
2219.9
2274.99
2442.76
2333.69
2343
2455.17
2356.83
2429.12
2298.81
2496.73
2404.48
2389.16
2331.49
2366.96
2435.95
2426.83
2372.84
2376.85
2400.64
2343.71
2421.32
1865.22
2481.2
2303.3
2404.39
2459.09
2377.77
2470.34
1393.81
2297.29
2372.53
2363.51
2464.95
2409.74
1284.91
2321.54
2390.26
2485.15
2399.94
2367.73
2415.18
2288.87
2452.29
2318.92
2315.79
2334.98
2466.25
2323.21
2400.47
2372.36
2398.65
1497.76
2476.07
2449.84
2474.48
2289.41
2382.76
2391.74
2393.87
2390.15
2385.44
1469.13
2391.36
2297.75
2364.65
2507.53
