567.706
815.648
546.75
779.833
721.344
892.694
637.236
816.065
583.219
600.858
626.988
536.964
827.336
868.726
723.929
448.372
832.018
936.562
686.882
772.848
579.89
739.282
747.993
818.123
881.804
729.095
774.354
760.085
856.78
844.663
825.267
817.789
602.477
905.796
946.137
857.902
978.831
790.93
793.232
442.806
951.263
811.374
627.698
794.727
648.861
756.253
559.872
595.605
631.268
550.925
575.674
854.979
472.876
955.743
827.702
877.093
885.609
827.377
781.327
728.269
770.677
874.667
844.033
819.905
438.966
842.178
783.936
860.876
786.489
867.168
879.099
598.288
995.68
1055.79
918.544
1084.65
778.464
600.822
896.435
772.376
643.014
684.272
818.842
693.066
365.097
410.998
544.462
504.859
402.993
824.724
815.491
850.963
937.597
778.352
714.027
900.539
939.315
915.988
852.559
871.347
568.28
530.074
525.098
672.403
849.457
836.444
1004.69
705.103
766.669
522.014
620.463
838.482
1145.48
953.036
805.347
668.573
523.315
539.604
467.938
574.6
650.666
690.695
922.93
815.186
513.702
321.976
445.879
449.955
463.167
340.659
344.123
612.544
857.798
783.125
734.728
752.258
753.567
943.229
858.588
743.156
777.221
567.246
859.541
734.585
566.588
833.402
843.436
934.774
940.709
785.205
749.921
707.664
997.65
1037.08
878.582
863.81
831.843
907.794
703.973
801.216
774.33
641.597
874.765
971.499
644.757
640.583
500.926
463.146
400.271
719.018
785.398
323.971
754.362
767.628
726.885
792.692
606.105
608.755
769.174
741.109
595.158
892.964
774.388
1053.1
671.307
978.455
816.688
814.764
906.776
857.52
788.254
843.821
716.368
587.402
740.837
869.085
897.993
830.255
736.025
639.345
863.885
537.276
704.564
421.861
650.859
568.763
756.259
657.243
725.889
567.923
592.709
581.573
403.598
682.397
618.439
751.227
291.172
764.462
641.323
487.978
593.838
454.409
506.753
800.172
723.245
578.559
539.587
628.614
599.898
664.433
545.774
681.227
783.734
531.11
716.682
801.013
706.204
852.081
707.732
523.251
477.532
800.812
696.536
559.053
597.182
575.693
711.883
599.757
397.484
445.096
492.833
534.211
617.553
374.262
733.146
873.159
615.663
602.671
773.856
719.659
493.201
667.405
707.188
710.172
735.79
581.551
620.143
566.31
742.868
696.311
542.718
901.093
408.904
905.873
976.067
689.349
755.916
726.289
606.661
741.763
520.363
550.508
690.181
749.905
553.941
301.169
325.489
446.037
325.936
357.591
719.398
625.483
618.85
780.74
801.597
749.192
705.328
662.907
642.726
647.356
702.449
540.458
467.839
448.231
748.101
663.455
567.141
851.436
515.098
699.068
535.839
505.142
644.941
860.716
962.918
669.243
543.595
443.527
436.288
514.061
452.493
422.031
527.007
724.472
679.57
391.289
253.784
496.197
331.308
482.349
305.399
318.415
490.496
625.045
541.342
690.084
623.053
687.514
593.598
626.417
555.504
754.276
475.58
785.979
613.744
432.312
646.367
655.364
707.644
859.734
615.236
691.959
538.14
786.874
791.955
868.533
520.722
643.986
755.744
537.847
650.108
634.523
373.293
840.043
768.726
516.852
474.504
459.75
441.779
435.892
687.535
350.115
314.708
761.959
619.633
661.303
639.731
691.012
407.941
695.025
599.506
550.666
709.388
613.41
845.816
779.275
790.618
552.121
542.363
851.992
678.838
751.48
487.505
510.663
459.525
899.116
634.107
659.926
559.307
652.074
507.88
760.303
374.736
435.958
434.773
585.537
474.466
753.898
564.633
770.815
513.593
428.555
395.914
391.092
565.681
507.491
567.66
285.22
624.378
670.259
422.57
501.937
488.985
470.066
523.643
403.434
614.665
442.375
573.448
516.987
572.302
411.856
522.299
847.011
404.824
611.429
755.404
520.494
842.727
476.556
512.804
477.135
727.18
566.297
501.202
473.406
453.381
596.172
446.432
494.189
476.63
409.77
338.919
591.465
267.683
572.434
787.195
540.689
633.419
661.018
456.714
486.083
713.54
607.348
744.053
532.575
437.268
553.41
373.577
876.86
555.618
540.876
640.695
461.746
605.798
805.854
704.163
793.969
727.583
329.646
660.331
551.325
538.32
480.743
618.757
430.112
263.656
232.555
357.313
278.772
338.193
571.111
435.74
765.339
674.171
478.122
643.932
703.095
581.261
572.315
541.64
547.401
492.433
397.192
412.029
473.44
631.407
550.657
695.174
490.05
599.979
531.678
329.727
745.434
564.055
704.66
685.549
666.949
331.451
312.19
268.515
375.389
364.675
431.151
649.725
731.471
481.559
201.879
257.83
265.332
224.105
273.857
171.589
440.464
487.089
523.837
680.588
692.646
430.359
573.352
580.117
564.573
536.354
388.41
454.192
478.001
381.679
608.394
599.079
645.874
804.363
673.487
500.91
523.216
736.405
672.346
663.269
462.62
541.606
689.013
399.527
623.445
639.988
356.685
540.859
663.747
579.087
468.467
258.173
382.111
223.117
749.834
477.256
196.817
313.677
542.767
607.385
678.709
472.688
466.754
667.012
479.232
453.753
564.42
523.122
630.064
746.37
639.323
544.518
529.095
660.177
730.991
537.892
561.017
447.579
327.27
707.325
592.472
612.333
597.501
495.939
366.466
596.356
1412.48
1064.62
2003.01
2136.11
1645.02
1680.84
1642.91
1509.42
1075.62
1127.24
1089.54
1185.19
2431.52
2394.8
1069.18
1356.37
1734.02
1585.92
1497.06
1216.43
1438.28
1694.46
2270.48
2267.03
1493.31
1426.38
1556.01
1537.79
1797.47
1341.34
1967.97
1341.97
2270.22
2549.34
1585.04
1949.98
1838.71
1516.94
986.707
1888.41
1765.66
1162.8
1941.05
1972.98
1460.23
1199.08
1081.71
1223.68
1070.15
928.661
1348.12
1251.73
2189.2
2541.17
1603.18
1436.67
1634.32
1576.11
1535.25
1469.85
1756.74
1748.1
2344.82
1655.89
1545.66
1439.97
1704.22
1721.32
1488.11
1768.78
1496.21
1427.64
2640.65
2836.3
1928.97
1773.27
1248.96
1521.72
1759.39
1289.5
1265.15
1655.43
2052.89
1467.58
595.813
830.364
792.069
1057.48
1464.52
1549.73
1614.87
1784.18
2299.03
2245.61
1811.54
1696.89
1785.39
1446.07
1751.6
1337.05
1059.05
1050.42
1876.09
2309.41
1703.15
1760.82
1619.19
1590.19
1548.72
957.598
1447.82
1780.38
2577.95
2658.88
1552.39
1201.45
1085.05
927.282
1007.77
1448.54
1152.56
1616.69
2384.99
1943.69
733.04
848.203
635.625
877.26
719.53
570.239
1021.92
1363.81
2263.32
2039.69
1806.32
1330.05
1616.38
1643.3
1720.72
1297.14
1506.04
1578.27
2078.38
2082.13
1398.24
1435.91
1604.29
1902.49
1810.5
1569.46
1593.09
1730.16
2664.49
2478.3
1766.46
1499.05
1832.79
1542.63
1439.78
1637.55
1319.78
1653.52
2440.86
2111.04
1201.06
1021.56
1111.57
986.504
1254.55
1549.18
684.025
1058.35
2158.31
2226.31
1612.79
1300.34
1202.5
1538.98
1694.09
970.305
1619.15
1402.57
2621.26
2566.34
1619.68
1765.16
1397.36
1735.48
1785.1
1569.38
1644.03
1539.99
1884.18
2271.94
1646.93
1683
1693.96
1601.15
1149.33
1518.93
1610.95
3368.39
3344.22
2710.98
3423.98
2760.92
4714.05
4163.72
3939.6
3116.19
3131.26
2507.65
2616.23
4415.22
3431.82
3320.83
1910.37
4589.78
4590.41
2670.11
2837.42
3193.09
4099.09
3353.37
2933.09
4137.22
2690.52
3916.48
3796.18
4169.51
3302.29
4810.44
4456.26
2746.64
4105.77
4642.79
4492.28
5428.86
3467.56
2852.15
3531.61
4999.11
4035.47
2778.03
3115.95
3469.01
3629.02
2879.02
3088.8
3029.94
2181.99
2689.59
3659.11
1710.46
4520.45
5249.37
3653.27
4139.75
4204.63
3989.66
2752.78
4730.2
4115.16
4573.62
3076.49
2717.7
3676.88
3940.5
5175.22
3711.11
4312.25
4756.01
3036.47
4757.42
4784.81
4869.23
5198.27
4520.95
2536.43
4888.96
3281.36
3701.37
3699.27
3853.12
2228.08
1421.42
1800.95
2212.27
2057.98
2675.2
4328.65
3818.06
4154.28
4532.73
3410.77
4203.02
4346.22
4476.93
4192.2
4293.6
4403.59
2564.24
2826.22
2570.41
3198.34
4113.78
4644.53
4856.23
3432.53
3965.55
2032.33
2961.05
4585.45
4991.18
4676.19
4113.56
3486.36
2077.08
2301.96
2002.9
3376.01
2538.82
3401.31
3922.92
3801.04
2096.65
1249.16
2223.99
1658.01
2274.09
1936.12
1517.27
2386.01
4070.28
2336.24
4538.28
4112.74
3052.47
4359.31
4361.76
3166.14
4119.39
3111.99
3845.5
2661.07
2616.01
3372.97
4386.47
4678.17
5301.86
4010.99
4218.97
3881.85
4982.08
4380.69
4288.14
3426.03
4568.5
4142.51
2882.47
4313.11
3870
2801.55
4530.1
3647.45
3038.77
3385.37
2091.94
2335.92
2149.84
4488.84
2340.48
1599.78
3521.88
3511.3
4083.58
3690.63
2958.48
3032.21
3965.49
3180.81
3479.86
3801.91
4113.98
4719.72
3953.98
4949.2
3390.23
3580.13
4475.45
4548.75
3803.53
3831.39
3317.09
2232.82
4449.17
4085.76
4613.94
4002.8
3506.66
2627.76
4362.29
