654.684
455.38
521.747
713.023
684.415
402.423
713.438
542.889
675.612
444.004
523.067
411.556
594.415
555.035
389.106
414.161
549.19
633.419
745.763
684.521
707.45
472.497
881.432
679.647
655.601
633.016
445.934
667.271
720.105
538.52
771.283
588.773
366.247
469.18
652.332
527.082
448.451
459.522
438.119
457.211
441.201
444.324
394.323
636.183
477.246
368.047
326.248
562.844
383.988
498.256
637.427
498.295
318.116
481.034
579.441
449.452
486.855
376.304
522.462
527.493
493.115
254.168
321.431
476.086
478.127
487.284
601.524
608.94
524.323
522.269
436.595
361.547
447.029
836.157
772.001
617.409
618.517
448.833
394.535
583.361
769.262
451.009
411.276
623.387
484.766
545.611
582.341
428.533
524.291
477.261
454.363
501.018
503.543
445.152
510.798
681.031
706.734
535.939
601.615
528.124
447.181
479.477
463.21
409.682
487.024
479.216
424.189
429.593
365.922
685.564
607.178
517.32
790.262
658.967
547.15
450.415
760.131
482.283
381.622
483.317
592.495
476.382
504.517
780.034
662.336
670.212
321.035
509.939
338.221
442.109
334.158
346.604
406.915
574.81
481.234
657.093
515.503
639.974
536.485
493.932
521.314
526.342
526.107
703.525
764.575
672.288
607.667
475.978
446.485
535.777
563.465
670.445
449.138
581.94
354.442
416.632
361.431
523.293
598.799
355.079
395.066
485.035
512.716
740.331
662.643
488.299
418.506
562.728
579.484
467.643
531.41
588.784
617.615
567.076
569.006
548.443
644.674
491.977
546.666
486.583
552.424
678.832
510.679
689.713
505.316
576.966
604.972
486.952
479.269
518.611
557.656
416.839
546.364
457.419
475.621
460.657
565.633
662.923
630.31
584.665
611.629
474.44
444.303
715.673
423.36
751.348
341.103
515.7
515.792
623.498
529.285
322.666
474.37
416.062
427.53
340.329
466.213
520.615
483.155
571.539
703.497
611.653
315.879
573.69
758.005
433.605
586.85
325.942
428.255
480.299
742.628
442.034
501.318
403.521
343.242
485.676
475.195
488.928
342.279
440.485
323.106
471.209
447.562
454.801
486.1
432.752
234.344
212.49
374.527
321.304
358.819
514.449
440.353
462.772
388.907
303.584
274.585
411.326
329.22
389.493
470.631
499.221
271.273
368.8
330.487
320.181
576.139
315.575
394.866
474.782
368.762
363.105
319.972
347.294
496.064
757.175
612.633
504.032
430.646
496.215
363.082
654.864
420.744
357.781
662.284
338.808
297.037
385.493
338.269
551.17
350.84
315.387
355.266
472.067
374.942
491.513
479.906
689.853
569.627
524.285
566.78
482.489
429.849
568.977
375.145
328.158
373.181
403.887
530.937
264.036
707.486
451.47
386.793
519.798
855.674
424.365
435.894
423.065
530.186
293.991
474.392
316.441
477.928
636.542
718.515
663.222
651.346
494.631
418.841
502.58
245.844
341.516
294.117
423.735
482.003
469.471
442.575
422.186
700.665
652.286
315.906
397.459
476.182
504.361
768.586
690.753
659.594
732.44
340.096
346.205
445.76
443.456
546.416
505.225
439.809
274.368
474.575
283.31
190.788
642.928
450.108
417.039
379.929
464.426
589.908
522.36
388.513
329.778
415.987
686.852
489.637
265.447
499.702
642.757
584.213
359.871
391.717
577.062
358.967
622.411
351.744
413.352
520.788
709.363
525.149
440.07
474.646
526.99
612.883
371.804
412.197
487.715
465.964
396
367.085
355.367
425.173
409.894
489.204
492.151
409.772
554.36
651.759
418.344
348.383
660.362
288.073
198.602
544.16
443.084
471.59
265.76
321.745
404.68
397.593
401.83
288.862
238.539
452.508
420.676
594.157
461.08
335.855
397.824
641.543
517.37
577.196
392.581
272.965
389.132
479.362
383.045
592.623
405.651
221.434
340.863
393.251
351.099
420.434
226.899
347.87
212.797
319.429
341.205
329.031
452.823
272.541
169.64
204.845
318.773
253.918
397.871
418.029
265.14
221.398
354.035
211.763
368.673
279.421
168.15
502.514
370.885
288.547
211.11
267.125
317.5
273.42
239.761
321.382
541.222
354.779
321.171
325.949
304.326
288.291
568.212
623.569
391.403
368.352
391.365
334.945
438.431
516.355
262.562
404.997
509.38
337.428
382.055
350.003
304.395
395.898
369.872
351.395
274.641
285.914
420.403
467.111
451.818
525.291
452.07
408.74
293.856
230.973
454.942
391.19
380.635
249.673
234.736
327.216
347.789
429.744
465.114
387.898
448.724
505.6
546.993
345.901
479.73
627.926
262.88
223.4
364.654
327.363
411.533
581.716
581.049
506.056
528.186
281.968
388.885
301.022
247.358
165.723
358.482
323.865
441.626
332.102
509.477
562.771
735.3
302.84
422.143
351.956
470.76
417.145
670.558
525.97
442.587
354.66
225.305
306.148
418.288
327.635
388.65
409.985
452.528
265.987
389.216
254.713
436.927
538.647
237.205
289.921
359.219
280.017
531.356
366.007
370.648
275.573
566.333
447.671
272.668
331.467
590.839
497.513
427.239
363.573
500.664
393.331
408.938
394.41
361.573
520.345
507.369
408.862
514.361
391.025
395.676
416.924
310.733
462.312
396.467
464.393
200.877
313.539
442.506
338.889
302.524
364.372
477.005
356.729
390.167
413.341
1917.24
2024.1
1953.29
2920.76
2128.52
1117.03
1408.16
1419.97
1513.68
1397.42
1033.7
1149.84
1329.1
2462.62
2891.32
2925.11
2187.98
1769.44
1801.72
2026.52
1933.18
2468.53
2491.82
3117.52
2288.62
2233.6
2521.08
2470.88
1613.35
1514.24
1523.55
2094.46
1516.16
2802.43
4615.21
9659.81
10811.2
9619.31
10966.9
10410
10307.6
10196.5
10519.6
11252.9
10203.3
9842.77
9336.99
9578.46
9870.29
9542.32
9885.37
10261.1
10369.9
11231
10064.5
10475.1
10274
9433.56
9851.72
10247.3
10197.3
8920.95
9688.99
10939.4
10485.6
10260.7
10711.8
10651.4
9284.18
8724.77
10089.8
9989.88
7473.73
11493.1
10421
10372
9011.37
8218.86
4742.48
9171.62
9824.02
10905.9
9844.76
4326.47
3118.69
2225.76
1558.85
1223.82
1215.05
921.845
1227.28
1400.07
1111.87
1984.17
2299.15
1980.98
1755.27
1877.17
1437.99
1778.55
1866.67
2045.96
1940
2946.06
1997.94
1758.18
1409.28
1465.94
2624.06
2048.79
2083.56
1377.63
1480.05
3011.89
1826.71
1487.79
1347.01
1592.68
1372.74
1912.24
1298.83
1696.58
2620.29
3002.33
2053.2
1784.05
1916.78
1439.11
1629.91
1816.74
1081.81
968.578
1015.45
2378.06
1582.7
1280
1430.78
1744.33
1765.21
1571.22
1414.4
1331.41
1332.69
2751.09
2087.88
1909.87
1704.74
1677.77
1829.58
1273.15
1288.29
1629.78
1580.55
2604.13
1924.13
1592.85
1181.21
911.809
1488.42
1477.81
1284.42
1175.06
1559.82
3026.64
2184.39
2058.34
1422.01
1241.28
1670.49
1755.95
1819.33
2040.19
2166.95
2925.07
2571.23
2032.1
1890.17
1498.38
1679.1
1517.59
1567.42
1827.96
1709.56
3015.15
2450.6
2958.58
2656.5
1837.68
2073.89
2160.7
2916.93
1798.68
1509.44
2731.31
2364.25
1974.79
1871.32
1688.88
1962.91
1742.54
1914.08
4222.58
3317.74
3381.36
3128.89
3648.82
1868.61
3310.38
2904.75
3497.17
2625.26
2313.91
2103.99
2828.28
2717.35
3820.41
3827.37
3475.32
3271.37
3879.18
4025.03
3625.22
3985.84
4586.21
3580
3442.2
4125.1
3580.59
3445.99
3209.82
3273.99
3436.82
4013.98
2459
3309.13
11780.5
11706
11421
11215.5
10875.8
10176.3
11593
9595
11088.5
7865.56
9322.78
10336.4
10108
11141.7
9249.76
11149.5
12285.1
11219.9
7764.27
11044.4
10594.8
12033.6
10663.7
10648
10950.6
10970.9
11145.4
1436.3
1938.21
2000.62
2625.28
2843.34
3167.09
3614.63
2904.52
2610.77
2460.5
2053.94
2217.05
3238.52
4105.52
3449.31
3592.84
2730.44
3219.79
2396.49
3569.55
3521.84
3045.32
3550.54
3786.41
3498.46
2336.79
2333.72
3229.67
1856.71
2125.49
2556.4
2272.67
1999.38
3508.49
3552.74
4506.4
3508.83
3154.07
3736.25
3414.53
3171.95
3560.4
2590.24
2665.39
2438.44
2365.14
2946.1
3935.05
4702.93
2832.3
2712.05
3758.47
4071.24
2609.67
2817.58
3343.93
3158.42
2741.13
2741.91
3049.77
3720.14
4067.34
3456.54
3657
4296.55
3190.2
2952.84
2858.95
2402.98
1704.17
2040.08
1659.28
2800.5
2493.72
3298.33
3379.86
3753.1
3714.64
2574.06
2866.18
2923.84
2666.45
3744.62
4554.53
3773.94
3359.94
2912.19
2622.32
2685.52
2645.29
3672.2
3058.05
2670.06
2198.7
2503.69
1830.3
1663.92
3928.6
2479.51
2137.33
2920.92
2880.83
3644.68
3498.75
3603.95
2083.27
2615.12
3860.45
2963.32
3334.59
4126.63
4297.99
3187.3
3180.78
3693.39
3622.25
2725.97
3338.43
2651.36
3450.91
3663.97
3339.18
3316.22
3732.96
4655.5
4197.65
3459.16
3611.65
3761.37
4397.41
2655.47
2771.89
2594.13
3574.51
2995.86
2634.44
3610.09
3606.66
3278.69
3463.14
