5178.22
4904.34
4811.02
5003.98
4851.61
4859.73
5057.99
4862.56
4877.65
5250.61
4908.01
4812.94
4822.37
4931.28
4943.98
5183.11
4776.5
5177
4948.78
4873.46
5116
4657.19
4988.17
5234.89
4804.22
4983.47
4671.19
5172.2
5029.56
5068.69
4993.71
4832.7
4906.43
4995.57
5323.19
4896.61
5176.45
5154.96
4719.04
5160.07
4925.35
4512.43
4984.48
5016.59
4874.43
5044.71
5133.36
4963.8
5087.91
5089.82
5106.5
4705.27
4785.75
5067.54
4912.3
5092.34
5113.75
4901.08
5018.73
5123.51
4892.26
4675.96
4921.89
5123.22
4818.48
5047.1
4980.46
4837.26
5078.33
4968.63
4754.46
5005.44
4699.51
4575.33
5237.58
4767.92
5119.42
4981.13
5013.62
4897.02
5095.22
4526.28
4701.57
4332.1
5136.02
5269.75
4442.02
5201.82
2825.13
5076.94
4964.35
4088.34
5225.09
4702.63
5171.59
5215.55
4742.38
5068.26
5128.81
4746.06
5056.5
4674.14
4731.42
5056.04
4910.87
3980.01
4081.48
4698.07
5108.29
5220.39
4771.27
4936.91
4919.2
4767.83
4888.69
4820.75
4986.17
4834.39
5103.26
4922.93
5078.87
4746.12
4906.82
4939.49
4954.82
5001.92
5028.96
4776.35
5072.66
5077.79
4920.48
4746.81
4782.48
5215.53
5005.25
4815.18
5154.03
4291.87
5138.85
5041.01
5054.15
4852.48
4766.33
4825.72
5149.43
5104.27
4856.73
4915.52
5159.2
4850.85
4702.5
4981.61
4654.21
4718.69
3593.75
3896.2
4065.69
5228.81
5079.75
4918.85
3241.54
4721.35
4941.47
5118.08
4934.07
4682.53
4834.02
5070.23
5095.43
5116.78
4759.03
4665.53
4943.15
4914.08
4932.84
5385.51
4829.28
5070.21
5229.87
4810.65
5187.65
4523.01
4754.86
5148.6
4991.99
5063.4
4810.81
5153.32
4928.88
4917.56
5130.69
4651.39
4906.58
5018.96
5170.68
5222.45
4808.34
5048.31
4921.34
4568
5232.71
3829.55
3319.54
3503.25
3402.05
3596.55
3694.82
3298.12
3626.8
3699.89
3596.83
3399.32
3607.25
3432.75
3713.03
3506.07
3571.82
3496.18
3758.27
3396.74
3678.97
3395.87
3378.24
3741.26
3535.24
3383.97
3801.93
3391.47
3520.84
3674.85
3456.68
3635.69
3744.23
3171.45
3629.51
3749.18
3495.62
3726.2
3666.04
3341.24
3781.56
3556.12
3445.31
3410.81
3600.78
3623.48
3524.9
3584.18
3469.96
3758.01
3886.53
3658.31
3523.69
3275.37
3871.06
3514.91
3552.43
3534.05
3763.62
3558.74
3575.71
3520.04
3409.15
3541.01
3683.93
3374.28
3473.97
3592.02
3637.41
3506.8
3637.26
3470.67
3562.89
3444.87
3381.38
3465.69
3518.04
3436.97
3820.71
3322.11
3402.93
4078.74
3010.97
3153.37
3866.02
3190.93
3734.31
3678.4
3206.79
3571.51
2268.68
3660.34
3354.32
3069.09
3674.04
3537.64
3635.46
3667.36
3416.15
3688.63
3683.01
3431.37
3584.36
3473.98
3463.17
3700.58
3560.39
2144.91
3721
3354.39
3754.35
3498.57
3491.98
3626.87
3259.16
3492.95
3738.93
3424.78
3391.07
3750.63
3371.32
3782.19
3530.8
3429.34
3505.62
3684.68
3584.19
3494.46
3657.73
3483.11
3650.14
3714.51
3265.49
3364.94
3771.61
3435.69
3632.9
3711.32
3244.15
3483.64
3744.81
3361.12
3655.17
3436.82
3380.36
3661.87
3675.1
3470.28
3675.57
3545.51
3416.8
3648.35
3379.59
3560.5
3553.26
2676.42
2795.98
2822.51
3422.58
3777.28
3405.89
3303.3
2553.45
3402.95
3750.44
3456.8
3444.19
3485.14
3393.02
3776.24
3622.99
3377.01
3410.88
3418.58
3548.56
3510.58
3733.66
3761.49
3463.68
3680.44
3777.94
3575.09
3377.55
3415.62
3562.32
3630.45
3665.61
3482.5
3517.86
3635.73
3567.94
3555.81
3491.32
3431.45
3583.47
3741.01
3633.51
3520.47
3571.07
3441.42
3646.45
3471.13
3586.25
3311.09
3398.58
3596.75
3492.43
3442.05
3345.11
3614.44
3512.14
3519.47
3325.77
3504.56
3386.07
3646.23
3434.04
3532.41
3545.68
3452.85
3454.14
3284.22
3620.64
3461.28
3297.57
3601
3609.91
3331.82
3425.55
3596.03
3445.63
3544.62
3594.35
3431.74
3339.97
3639.47
3571.4
3535.89
3571.09
3510.35
3514.44
3469.36
3346.26
3328.56
3456.17
3662.84
3313.69
3592.36
3477.6
3669.55
3419
3760.9
3319.03
3313.14
3727.51
3430.05
3412.98
3672.63
3397.38
3635.32
3448.62
3453.04
3507.64
3317.84
3511.26
3636.49
3194.61
3616.17
3604.06
3239.87
3629.07
3566.88
3228.69
3540.22
3380.54
3325.83
3408.01
3555.34
3603.93
3205.34
3561.06
3541.73
3251.29
3444.09
3413.14
3090.68
3794.45
3328.16
3439.93
3660.79
1929.53
3673.14
3026.54
3440.48
3311.14
3404.25
3864.4
3444.72
3293.12
3595.97
3675.58
3262.19
3675.32
3079.17
3462.26
3944.1
3179.41
2302.89
3428.7
3381.11
3656.01
3579.67
3198.26
3552.55
3163.43
3637.04
3514.8
3253.46
3684.8
3396.9
3411.76
3743.02
3331.93
3330.67
3679.46
3412
3520.77
3521.01
3454.24
3509.46
3589.58
3397.17
3436.82
3408.58
3409.14
3714.03
3346.09
3548.98
3351.09
3606.91
3311.57
3272.59
3874.89
2968.62
3481.02
3813.77
3251.32
3649.05
3693.34
3060.12
3802.18
3458.68
2996.74
3757.94
3313.41
2853.59
2674.7
2774.96
3398.68
3277.46
3661.97
3742.06
1855.01
3437.66
3369.93
3667.55
3385
3283.53
3659.35
3269.51
3489.48
3652.23
3043.36
3584.19
3480.82
3325.07
3629.3
3764.13
3398.61
3695.47
3516.64
3463.09
3448.06
3301.48
3510.36
3674.08
3475.79
3469.65
3647.16
3274.24
3589.57
3603.1
3156.96
3532.71
3370.97
3630.53
3817.9
3425
3312.93
3740.9
3228.03
3455.86
3494.12
8485.46
8490.98
7888.47
7941.07
7897.4
8358.07
8016.81
8055.48
8135.75
8385.62
7842.96
8268.98
8166.15
8281.08
8182.21
8177.01
8128.48
8356.59
8094.88
8216.71
8034.9
8117.14
8292.03
8308.07
8058.85
8426.42
7395.67
8428.71
8400.89
7965.69
8465.54
8359.74
7997.03
8066.66
8496.85
8100.91
8491.61
8377.92
7975.21
8237.67
7985.9
8143.85
8294.45
7976.32
8124.8
8321.42
8175.67
8120.88
8382.89
8296.05
8337.69
8138.21
8004.42
8329.64
8211.69
8175.51
8302.13
7984.32
8219.28
8276.32
7956.71
8379.69
8033.53
8358.25
7897.89
8116.81
8028.9
8072.06
8239.47
8207.75
7976.53
8261.28
7998.25
7755.64
8075.92
7960.58
8273.01
8103.93
8018.99
8188.71
8590.2
8010.35
7122.38
8609.13
7962.64
7988.05
8210.09
7814.88
6825.72
6259.28
7746.22
7898.28
7688.88
8242.78
8388.86
8128.64
8060.56
8389.3
8158.97
8220.94
8323.72
8024.61
8308.74
8168.75
8192.7
8166.22
4938.89
8431.26
7955.75
8231.7
8249.73
7793.86
8201.4
7897.68
7821.04
8266.73
8069.41
7905.44
8181.48
8091.39
8596.82
7878.44
8263.93
8408.83
8153.04
7938.93
8328.01
8026.75
8186.02
8426.96
8150.4
8018.64
8058.64
8545.06
8004.27
8109.38
8393.73
7239.42
8314.49
8330.17
8227.3
8427.91
8190.42
7861.12
8303.2
8624.92
8163.5
7944.9
8166.52
7929.99
8074.06
8426.97
7848.08
8054.12
5905.75
6223.85
6571.92
8120.73
8088.74
8248.15
6081.38
7079.52
8193.78
8060.01
8160.18
7859.92
7866.5
7867.34
8230.01
8319.93
7736.69
7823.39
8235.08
8090.98
8067.58
8625.47
8321.44
8221.34
8595.27
8143.97
8234.65
8212.61
8051.45
8492.17
8048.6
8302.3
8241.42
8217.96
8060.23
8256.17
8349.22
8094.77
8226.55
8067.11
8411.91
8689.41
7996.36
8021.96
8259.59
8028.78
8110.99
8901.02
8166.23
8131.96
8256.22
8275.88
8239.89
8305.48
8376.3
8257.84
8388.55
8366.22
8459.98
8266.06
8270.4
8281.18
8241.44
8369.69
8295
7937.2
8362.12
8327.08
8251.83
8134.59
8300.88
8679.55
8217.69
7564.06
8632.77
8648
8175.28
8952.73
8187.85
8178.86
8287.06
8581.78
8280.55
8327.38
8451.11
8164.77
8445.46
8149.07
8333.53
8288.11
8235.61
8367.1
8282.18
8275.31
8657.5
8423.11
8452.13
8519.82
8525.53
8303.25
8203.77
8175.52
8671.07
8569.24
7984.43
8416.29
8197.08
8185.17
8615.26
8036.8
8313.98
8291.13
8253.06
8341.45
8410.53
8172.22
8262.52
8155.35
8662.8
8019.66
7860.09
8347.07
7999.2
8065.8
8259.25
8420.99
8091.48
8401.68
8519.24
7290.09
8506.84
8070.07
8157.51
8532.01
8084.85
5064.62
8216.43
8223.85
7752.11
8293.64
8254.66
8429.64
8472.31
7813.14
8598.05
8084.75
8336.62
8437.62
8228.29
8167.83
8397.39
8027.61
6781.34
6846.5
8202.47
8456.62
8694.17
8306.63
8003.61
8083.71
8236.32
8288.05
8225.79
8163.38
8312.01
8423.4
8293.35
8414.65
8498.54
8156.16
8318.31
8399.9
8026.05
8541.28
7954.84
8596.14
8400.48
8612.73
7981.19
8286.92
8342
8401.1
8179.51
8418.77
7083.87
8679.57
8231.98
8317.18
8440.19
7901.42
8181.51
8445.83
8409.4
8414.82
8344.2
8256.46
8107.62
8459.33
8754.52
7919.39
7768.54
6058.08
6516.79
7099.44
8278.04
8401.59
8417.22
4849.87
8617.96
8091.94
8444.36
8046.52
7834.72
8262.04
7954.1
8729.35
8507.24
7849.76
8496.64
8060.2
8524.15
8451.32
8556.09
8392.37
8486.6
8817.53
8383.18
8581.85
8009.91
8178.92
8650.51
8152.52
8345.25
7908.14
8442.5
8396.55
7899.79
8676.61
8302.8
8223.73
8310.92
8594.45
8527
8039.31
8122.74
8504.8
7744.47
8432
