1438.28
1755.35
1652.18
2047.83
1211.48
1258.14
1691.79
1290.48
1552.9
1657.93
1751.74
1453.54
1714.3
1284.38
1311.06
1648.68
873.388
1209.23
1713.37
1581.62
1354.02
1396.24
1931.9
1523.24
1471.36
1492.92
1371.58
1797.93
1215.05
1258.91
1635.79
2190.97
1733.84
1570.55
1303.27
1021.09
1200.09
1388.91
1604.84
1583.38
1712.43
2337.3
1675.24
1258.32
1608.67
1304.85
1908.03
1671.12
1392.05
1404.51
1764.99
1798.16
1539.13
912.113
1389.18
625.499
1519.39
1793.4
1450.88
1195.38
1363.65
1971.49
2137.45
1426.13
994.204
1421.08
1990.49
1323.68
1312.23
1254.63
1243.55
1383.9
1863.26
1705.21
907.232
882.943
1064.68
1902.57
1744.28
1489.48
1674.84
1694.47
1440.14
2161.67
790.091
945.507
1709.85
1669.94
1421.94
1695.71
1998.43
1721.19
1386.26
1498.63
894.673
610.977
1220.92
933.935
1036.76
2096.22
1783.07
1804.71
2097.18
1971.92
1212.11
811.352
1257.47
1558.25
1684.14
1439.57
1358.67
1886.58
1906.5
1670.85
1615.55
494.183
623.315
1080.88
1150.87
1191.1
1955.62
1174.03
1844.86
1567.42
1644.11
1572.95
1172.27
754.149
1700.36
1719.22
1550.33
1521.66
1379.43
2025.45
2268.97
1631.08
713.291
762.613
1375.22
1996.95
1401.12
1146.56
1350.2
1226.9
2006.69
1983.88
1466.23
971.424
1566.82
1243.35
2290.65
1692.33
1942.22
1777.37
1817.15
1506.44
1100.68
1228.46
1080.7
1741.13
912.963
1620.77
2195.89
1652.53
1679.12
1733.18
1156.6
1264.42
1817.42
1114.94
1759.52
1836.38
2168.33
857.403
1017.73
1382.57
2004.8
1559.41
1569.16
1232.4
1172.29
1573.41
2090.55
1996.33
1008.25
1477.66
1958.45
1553.66
1847.74
1302
816.851
1161.56
1499.49
1708.71
1761.87
1041.28
882.17
1460.43
1771.05
1636.27
1407.59
1656.14
1988.13
2115.54
2318.76
1309.31
1340.56
1654.04
1451.22
1834.41
1892.44
1582.79
1540.22
1954.69
1664.48
1416.55
1856.73
919.306
1563.82
1874.41
1880.47
1487.91
1552.48
2046.74
1530.98
1754.52
1471.17
1486.31
2056.57
1202.31
1524.67
1831.91
2343.72
2066.24
1517.83
1467.12
1234.55
1487.81
1428.49
1838.4
1681.92
2101.22
2539.27
1710.99
1489.25
1637.8
1505.04
2294.94
1666.72
1787.43
1363.31
2028.48
2146.74
1765.17
1120.87
1459.61
820.935
1667.4
1930.05
1646.82
1511.73
1705.71
2279.91
1995.78
1487.6
1128.61
1682.68
2161.49
1391.19
1249.77
1486.19
1510.58
1919.57
2181.21
1610.29
1023.54
993.954
1550.73
2160.99
1938.81
1602.18
1822.06
1616.21
1738.98
2066.97
767.777
960.511
2175.78
1850.67
1546.83
1749.33
2219.42
1816.16
1479.23
1765.75
972.832
727.702
1575.87
1128.49
1279.26
2385.02
1944.64
1941.58
2478.87
1912.99
1168.1
1070.27
1432.02
1735.01
1795.96
1421.6
1496.59
2046.21
2144.22
1980.19
1580.12
472.14
822.002
1095.11
1427.02
1688.42
2403.08
1228.87
1934.93
1479.36
1741.66
1905.97
1139.87
937.788
1935.94
2179.44
1601.9
1754.01
1434.55
2270.96
2480.5
1741.89
836.183
946.252
1582.53
2225.66
1689.76
1688.53
1311.11
1413.06
2025.02
2156.51
1499.59
1285.61
1638.6
1513.12
2465.32
2008.97
2189.55
1971.08
1944.39
1487.44
1335.78
1366.55
1265.51
1834.48
1043.05
2011.19
2565.01
1842.23
1843.44
1897.88
1064
1503.45
1744.67
1379.13
2167.33
2012.15
2395.9
884.674
1266.23
1607.03
2282.59
1922.21
1605.21
1371.48
1215.73
2083.25
2384.79
2106.7
1169.33
1723.68
1870.02
1750.62
1877.68
1352.31
1080.37
1242
1607.2
1756.08
1832.09
1098.12
1131.7
1834.64
1908.75
1693.63
1664.87
1129.53
1214.28
1365.82
1629.53
834.804
1035.14
1125.62
1089.58
1204.33
1276.48
1052.76
1281.91
1335.44
1114.58
1044.66
1239.64
744.207
1062.03
1253.42
1088.64
933.074
1207.45
1444.77
1100.9
1349.92
1009.89
1050.61
1474.46
700.26
1153.78
1351.29
1661.93
1431.37
1119.45
992.504
754.211
1047.74
995.739
1175.3
1017.59
1580.5
1711.7
1131.84
1229.59
1049.15
1121.13
1475.01
959.108
1408.14
1043.48
1342.73
1444.06
1071.24
860.233
879.187
682.496
1116.33
1295.64
997.853
756.632
1293.31
1550.83
1425.38
1041.39
793.968
1339.91
1384.02
925.975
848.182
1030.4
1070.01
1212.32
1625.66
1089.05
730.419
738.176
1127.23
1475.61
1239.34
939.355
1394.94
939.869
1415.24
1420.49
569.159
749.784
1510.06
1288.58
1049.66
1198.48
1541.87
1294.01
1078.29
1162.68
638.814
567.311
1091.89
749.543
918.049
1439.12
1299.84
1292.19
1810.04
1266.13
863.938
703.85
1049.18
1268.69
1238.19
893.347
1144.37
1467.61
1384.26
1518.92
1001.49
356.945
686.184
560.286
1054.39
1056.56
1484.77
848.172
1285.6
1144.13
1307.06
1237.88
720.201
753.613
1372
1348.55
1142.52
1135.09
1065.72
1512.08
1719.11
1067.66
606.359
765.404
1189.1
1471.02
988.2
1026.92
860.988
982.378
1495.57
1563.84
944.974
1028.97
1085
1093.07
1755.11
1430.27
1360.45
1306.21
1291.89
1006.06
879.389
901.881
1043.3
1237.36
732.118
1450.55
1565.22
1064.62
1220.98
1302.48
756.099
1242.86
1050.6
1114.41
1597.31
1431.05
1395.97
613.687
868.173
1216.03
1430.26
1260.5
1065
969.48
953.129
1469.05
1557.64
1345.03
688.245
1337.77
1276.37
1357.83
1271.57
752.908
887.073
749.514
1365.9
1242.78
1148.55
767.789
904.465
1162.34
1420.77
1116.61
1234.71
2249.64
2642.78
2735.16
2997.93
1497.26
2022.27
2119.68
1907.19
2524.86
2443.34
1955.96
2529.51
2875.57
2026.17
1820.49
2198.71
1256.32
2154.96
2310.58
2644.35
1731.86
2209.86
2661.5
2058.08
2484.47
1889.07
1815.93
2801.89
1368.02
2141.55
2689.78
3056.62
2697.08
1944.13
2065.62
1332.36
1954.73
1882.53
2519.04
2145.37
2943
3237.2
2005.56
2173.27
1962.46
2080.61
3017.96
1858.44
2517.36
1972.75
2647.45
2773.99
2066.36
1622.65
1601.87
1220.64
2363.45
2703.34
2085.87
1999.49
2536.95
2922.49
2853.14
1815.88
1349.92
2306.84
2756.12
1839.44
1547.93
2042.88
2085.38
2555.56
3003.73
1965.96
1342.05
1105.78
2146
2747.33
2603.12
2208.83
2714
1770.54
2757.2
2650.57
897.453
1359.8
2805.56
2193.44
2066.56
2551.95
2952.69
2467.3
1975.41
2191.33
1121.18
890.809
2223.55
1443.25
1722.92
2948.66
2742.81
2531.85
3335.14
2481.25
1588.39
1335.69
1709.48
2345.88
2240.16
1611.78
2342.57
2798.33
2686.75
2799.45
1780.19
524.933
1196.34
1126.22
2319.47
2225.47
3104.79
1657.66
2681.05
2182.05
2444.52
2325.68
1222.55
1244.14
2740.5
2716.59
2152.11
2043.78
2202.39
3053.51
3306.02
2041.34
1052.97
1210.7
2071.7
2963.41
2155.74
2261.62
1776.21
2094.61
2830.8
2990.14
1619.08
1794.77
1925.9
2071.94
3195.88
2670.64
2788.68
2690.5
2899.17
2054.16
1529.19
1640.39
1756.93
2219.26
1402.32
2779.69
3283.29
2444.95
2564.41
2594.83
1353.9
2268.49
1939.88
1973.71
2932.07
2695.62
2834.48
1121.01
1691.68
2347.37
2637.14
2551.69
1898.72
1799.22
1588.6
2777.02
2961.61
2685.93
1499.31
2603.01
2359.36
2673.49
2496.57
1546.91
1555.37
1361.14
2674.5
2392.15
2410.05
1260.9
1618.87
2294.28
2762.53
2046.17
2341.7
1129.71
1374.78
1374.82
1497.68
818.154
926.44
1152.68
904.065
1247.74
1183.87
1034.19
1135.13
1422.78
992.112
924.283
1176.73
594.513
1039.91
1172.72
1251.31
968.011
1047.33
1339.03
1006.38
1189.65
965.181
971.46
1332.88
831.457
982.196
1275.58
1589.21
1260
933.553
1041.65
748.016
956.648
964.681
1137.14
1155.23
1376.28
1630.99
1155.74
1001.25
1061.49
1027.25
1329.28
1059.09
1251.48
990.963
1300.3
1230.29
1037.03
814.354
905.613
536.703
1206.06
1312.05
1030.34
1082.94
1193.56
1485.51
1414.83
954.521
720.512
964.642
1364.88
953.589
822.894
1023.14
1038.62
1258.93
1200.55
970.525
695.505
620.157
1005.68
1448.83
1278.77
1122.06
1331
1020.32
1222.79
1382.11
487.633
637.227
1294.94
1107.05
1005.82
1290.58
1502.89
1292.96
962.839
1071.73
594.501
446.892
1069.87
708.008
784.487
1525.74
1228.9
1277.8
1605.86
1300.94
770.964
669.357
915.229
1151.39
1152.03
909.595
1088.12
1353.86
1433.45
1396.38
1018.45
293.256
530.347
693.839
846.682
1098.32
1600.88
847.896
1179.21
925.436
1228.96
1202.43
696.279
564.432
1276.54
1450.85
1086.15
1072.43
1039.36
1482.76
1630.08
1098.75
545.94
605.754
928.267
1224.85
1133.14
1081.57
896.213
1018.94
1288.31
1296.71
942.315
840.533
972.05
1006.9
1602.06
1325.56
1402.58
1360.2
1429.43
1006.4
846.69
882.34
782.549
1075.97
680.763
1347.72
1643.59
1231.26
1216.31
1220.63
743.233
965.541
1112.67
911.448
1382.97
1316.49
1522.01
529.203
850.234
1109.51
1419.79
1225.34
946.407
915.079
783.224
1361.61
1501.88
1380.98
801.963
1206.9
1158.77
1183.91
1254.55
930.205
681.437
790.037
1185.6
1250.94
1272.6
672.144
713.629
1174.45
1309.05
1101.55
1064.23
