1402.35
1335.69
1350.76
1410.92
1450.84
1405.38
1378.22
1248.8
1426.42
1347.15
1417.15
1372.15
1382.93
1398.7
1261.86
1265.93
1215.29
1200.38
1236.7
1175.5
1074.46
1114.72
938.36
1407.37
1350.14
1300.95
1385.67
1414.1
1363.3
1402.63
1367.03
1363.56
1431.1
1366.9
1350.85
1396.61
1289.46
1371.58
1405.22
1375.71
1456.34
1367.11
1417.11
1384
1422.3
1282.85
1458.42
1364.79
1290.99
1313.19
1357.85
1390.55
1336.66
1417.65
1366.21
985.267
1371.92
1390.24
794.302
1303
1458.05
1388.21
1400.98
928.5
1375.9
1398.82
1340.58
1223.5
1361.67
1410.76
1404.7
1294.21
1398.18
1267.58
1402.96
1439.86
1468.79
1446.66
904.415
1433.43
1224.3
1304.81
1424.94
1375.81
1347.9
949.349
1429.96
1280.2
1347.36
1407.65
1419.59
1407.3
1420.58
1410.15
907.326
1378.05
1407.81
1472.17
1437.07
1220.11
1120.88
1420.09
1308.36
1399.44
1394.95
1369.43
1495.47
1362.26
1457.7
1393.68
1389.11
1384.59
1338.45
1408.74
1330.12
1451.88
1362.71
1428.82
1399.5
1349.06
1389.95
1430.68
1396.43
1399.65
1443.39
1519.29
1428
1452.46
1341.29
1416.33
1415.72
1304.38
1360.73
1424.8
1447.24
1348.99
1394.23
1399.2
1300.76
1437.56
1405.72
1346.05
735.771
1415.68
1330.3
1431.72
1386.2
1438.98
1369.89
995.233
1244.25
1484.8
1000.11
1295.54
1418.58
1386.58
1381.77
1301.32
1378.26
1424.49
1429.77
1324.26
1207.17
1291.09
1396.43
1387.86
1404.83
1424.64
1377.94
1367.75
1449.14
1388.88
1276.64
1013.02
1401.67
1348.6
1448.17
1444.04
1374.02
1401.8
1414.38
1351.84
1416.79
1459.04
1400.58
1416.4
1425.69
1317.83
1425.64
1434.3
1365.89
1379.24
1374.58
1400.34
1451.88
1438.9
1303.47
1283.47
1429.82
1342.77
1446.52
1517.85
1597.88
1650.6
1517.78
1627.66
1539.66
1502.83
1454.69
1568.93
1545.57
1534.41
1524.74
1536.37
1514.8
1482.9
1634.69
1349.59
1365.83
1365.01
1397.03
1204.69
1370.93
1029.97
1629.12
1571.16
1392.87
1543.48
1537.52
1543.49
1528.07
1468.69
1538.88
1551.35
1497.67
1521.68
1586.85
1451.61
1552.23
1552.04
1555.27
1485.48
1580.55
1582.08
1525.36
1531.22
1510.21
1520.07
1381.7
1596.56
1601.02
1559.37
1625.78
1500.57
1535.33
1563.98
1153.02
1617.92
1476.63
976.174
1480.06
1543.93
1657.56
1547.03
987.736
1582.88
1596.92
1440.64
1558.7
1513.85
1581.27
1581.81
1579.2
1633.11
1364.11
1628.91
1501.06
1539.76
1539.69
986.35
1457.6
1404.26
1576.66
1533.02
1481.92
1560.64
1044.45
1495.58
1481.22
1626.44
1549.1
1572.07
1640.08
1532.08
1547.23
1081.99
1590.84
1481.88
1556.19
1556.14
1138.04
1494.15
1430.2
1500.33
1599.84
1472.02
1561.8
1580.36
1517.31
1542.39
1522.35
1532.27
1652.4
1559.52
1605.29
1577.71
1562.66
1620.69
1553.41
1555.19
1586.08
1583.39
1504.74
1541.22
1580.7
1576.63
1539.02
1505.42
1598.53
1620.29
1626.47
1576.25
1472.01
1504.33
1557.56
1616.88
1563.06
1586.81
1541.91
1613.02
1574.71
1525.69
1579.1
841.335
1540.26
1618.06
1541.79
1560.51
1505.41
1526.91
1018.13
1492.88
1596.23
1033.55
1527.86
1537.32
1507.31
1525.44
1491.73
1563.4
1550.59
1590.41
1610.17
1402.78
1449.36
1688.59
1548.26
1553.26
1574.57
1675.53
1567.62
1461.31
1484.72
1438.05
1176.22
1519.28
1561.67
1481.52
1546.66
1533.48
1534.57
1553.08
1581.05
1589.42
1536.61
1588.1
1547.83
1593.28
1576.8
1542.14
1601.4
1537.18
1618.78
1560.12
1558.13
1580.21
1525.36
1524.48
1495.6
1526.83
1563.99
1516.35
1346.73
1413.89
1397
1455.06
1418.22
1546.38
1287.11
1322.24
1439.86
1530.7
1424.65
1431.46
1478.29
1523.77
1478.55
1260.42
1291.16
1263.33
1312.42
1292.81
1366.9
1180.53
953.451
1406.15
1519.35
1310.27
1446.4
1435.42
1405.99
1462.42
1435.32
1452.46
1466.3
1466.7
1474.31
1456.5
1364.49
1386.02
1491.92
1540.78
1493.25
1437.59
1488.89
1463.38
1480.95
1474.24
1434.56
1298.21
1297.41
1433.03
1535.59
1426.05
1256.3
1398.91
1448.19
1043.7
1438.34
1464.15
889.84
1361.23
1449.69
1431.7
1424.41
899.26
1502.9
1512.68
1434.89
1335.86
1530.54
1477.03
1448.15
1475.51
1499.32
1316.36
1480.78
1471.52
1481.13
1451.06
916.442
1365.73
1414.95
1525.07
1451.27
1441.54
1468.73
1020
1466.26
1353.54
1416.45
1425.6
1428.95
1393.74
1505.25
1434.34
1013.22
1450.15
1406.41
1455.62
1466.28
1247.52
1221.28
1472.56
1367.17
1454.96
1464.03
1479.56
1441.69
1466.55
1441.51
1476.01
1435
1441.94
1466.03
1420.59
1457.74
1434.42
1395.72
1414.45
1454.59
1474.05
1504.7
1526.32
1406.31
1419.08
1497
1456.98
1458.72
1460.17
1433.66
1428.95
1550.73
1312.64
1300.52
1438.65
1446.03
1386.43
1467.8
1400.29
1475.88
1505.07
1454.37
1512.12
805.178
1501.49
1435.23
1502.85
1450.22
1481.18
1388.56
1059.43
1345.48
1485.87
1098.38
1283.93
1399.14
1463.7
1432.52
1377.91
1505.81
1548.17
1409.17
1478.92
1372.91
1334.13
1463.59
1423.57
1443.57
1427.38
1446.43
1413.18
1571.71
1326.48
1375.33
1064.45
1445.49
1457.69
1477.04
1508.48
1519.21
1453.9
1482.71
1486.16
1423.31
1443.19
1389.86
1492.78
1423.25
1495.01
1423.8
1449.84
1495.74
1458.13
1516.28
1504.96
1371.72
1370.05
1379.11
1403.53
1551.72
1526.31
1415.52
1480.16
1383.82
1459.43
1492.72
1336.9
1449.1
1404.47
1341.23
1414.34
1442.36
1535.5
1409.09
1588.25
1452.68
1330.53
1392.95
1343.3
1290.12
1200.38
1234.34
1100.61
1270.68
935.249
1438.77
1509.09
1316.6
1508.24
1422.1
1483.89
1380.62
1454.9
1468.58
1421.73
1499.69
1464.99
1466.83
1292.53
1457.79
1460.37
1471.16
1451.55
1460.36
1364.38
1396.71
1454.47
1507.96
1477.24
1331.09
1490.27
1428.34
1410.07
1421
1344.35
1344.88
1452.85
1082.14
1473.35
1382.34
890.339
1292.26
1377
1504.38
1478.26
907.833
1441.36
1466.07
1309.93
1489.27
1450.77
1505.88
1479.1
1493.6
1472.33
1280.83
1435.43
1415.97
1409.02
1429.96
935.262
1437.12
1367.79
1429.1
1519.9
1458.06
1525.73
947.571
1497.45
1501.09
1469.46
1418.72
1474.32
1526.88
1421.94
1439.44
960.2
1442.21
1455.66
1423.9
1404.96
1091.67
1292.25
1386.69
1412.94
1471.99
1517.52
1467.73
1412.28
1520.03
1433.52
1512.9
1500.51
1440.78
1523.96
1446.13
1458.11
1494.76
1494.62
1414.15
1416.86
1426.59
1513.13
1426.39
1451.17
1493.2
1383.97
1397.86
1488.94
1471.33
1434.63
1452.77
1431.63
1362.73
1353.1
1400.9
1405.91
1453.38
1482.88
1529.29
1428.15
1440.95
1496.51
1526.01
727.127
1461.29
1483.07
1461.91
1432.25
1465.18
1467.65
898.145
1441.43
1457.23
865.736
1455.56
1482.6
1474.57
1394.34
1539.25
1489.1
1400.53
1456.25
1494.05
1364.01
1333.59
1438.16
1477.29
1517.44
1493.59
1429.49
1439.04
1421.44
1421.27
1417.85
992.778
1477.36
1532.94
1515.12
1497.01
1453.2
1484.27
1457.6
1480.28
1440.28
1498.63
1504.27
1415.73
1488.33
1510.34
1444.01
1457.28
1450.36
1457.69
1457.74
1531.05
1463.17
1472.49
1331.9
1366.82
1406.08
1487.15
1423.83
1384.76
1432.61
1455.71
1488.06
1483.55
1479.95
1284.44
1449.16
1400.42
1460.95
1447.53
1412.49
1462.37
1463.14
1249.35
1326.96
1240.67
1200.9
1203.1
1411.02
994.406
1276.26
1044.14
1463.42
1470.04
1369.96
1479.07
1406.78
1459.56
1480.07
1453.16
1431.28
1406.82
1459.5
1456.1
1409.54
1394.71
1510.56
1459.39
1426.73
1459.59
1374.57
1414.53
1465.43
1463.4
1520.2
1408.34
1319.14
1393.39
1387.81
1369.34
1398.65
1358.52
1541.64
1339.32
1238.48
1527.2
1001.07
1273.94
1500.02
1376.28
1317.89
1239.19
1149.52
1534.76
1407.91
1264.09
1335.82
1452.89
1426.42
1450.93
1425.27
1384.98
1278.21
1425.95
1473.33
1411.31
1324.23
1041.28
1322.51
1346.46
1419.28
1398.56
1426.12
1343.87
935.34
1349.65
1415.57
1509.4
1405.93
1426.95
1454.14
1470.7
1097.46
1352.58
1463.64
1459.77
1366.41
1499.28
1028.39
1362.06
1332.21
1437.67
1415.32
1442
1407.41
1459.47
1410.58
1418.48
1450
1452.79
1459.82
1454.27
1492.96
1448.79
1486.83
1439.36
1355.77
1479.85
1425.62
1453.34
1413.19
1494.82
1408.27
1465.98
1418.52
1393.44
1471.88
1474.99
1439.28
1375.03
1234.56
1431.66
1464.21
1408.95
1469.3
1466.39
1438.94
1433.41
1413.07
1420.26
1285.36
899.127
1475.23
1514.44
1419.29
1488.34
1414.36
1462.1
863.714
1465.89
1365.19
952.49
1360.29
1467.44
1382.07
1280.58
1473.24
1450.67
1492.04
1428.17
1426.78
1199.28
1428.99
1408.81
1429.83
1486.67
1422.92
1434.53
1486.62
1289.7
1407.94
1375.08
1045
1433.38
1419.02
1437.5
1430.58
1446.87
1491.34
1505.69
1427.33
1494.61
1463.9
1438.31
1439.27
1532.94
1429.55
1441.18
1371.9
1435.27
1470.26
1453.73
1365.15
1413.52
1486.1
1375.22
1365.79
1496.39
1397.12
1436.17
