3257.41
3206.75
3099.48
3222.18
3163.99
3200.11
3352.57
3189.57
2842.67
3095.81
3060.83
3097.58
3021.21
3270.64
3334.79
2984.35
2961.89
3172.47
3193.65
3227.47
3122.59
3239.96
3142.42
3248.91
3262.9
3217.3
3343.05
3369.96
3179.16
3173.89
3270.93
3252.41
3174.68
3130.71
3151.17
3279.69
3299.77
3181.84
3201.62
3095.53
3155.02
3301.51
3195.27
3204.82
3323.33
3107.95
3263.08
3433.28
3170.69
3027.18
3271.98
3261.62
3348.16
3188.4
3087.67
3305.55
3012.56
3179.73
3084.32
3067.85
3206.07
3171.94
3296.37
3243.22
3163.96
3298.26
3150.09
3160.22
3201.57
3324.32
3104.9
3253.16
3207.6
3186.56
3138.7
3306.13
3242.85
3157.11
3233.23
3223.58
3124.91
3161.26
3191.71
3135.29
3337.9
3281.66
3277.67
3342.2
3203.56
2200.07
3327.37
3073.88
3098.87
3063.18
3355.82
3197.29
3298.98
3160.72
3258.48
3345.96
3302.58
3171.44
3056.01
3108.03
3342.11
3296.39
3185.6
3125.09
3137.1
3186.59
3369.98
3225.08
3038.93
3083.47
2916.26
3105.43
3114.55
3249.49
3093.28
2988.02
3263.02
3347.83
2321.48
2983.79
3206.17
3220.01
3138.42
3237.62
3167.52
3338.59
3326.48
3149.32
3150.26
3285.05
3146.95
3189.78
3189.92
3247.7
3195
3296.97
3288.42
3095.83
3329.95
3213.9
3061.49
3103.74
3322.5
3238.62
3188.41
3180.26
3300.84
3194.49
3192.79
3151.14
3285.76
3092.15
3093.07
3279.17
3040.82
3173.72
3093.39
3156.91
3148.99
3228.2
2368.43
2602.38
3251.17
2860.06
2865.82
3281.03
3317.44
3261.69
3182.32
3284.38
3272.54
3235.95
3276.57
3250.58
3244.2
3396.72
3220.45
3309.31
3321.13
3292.52
3143.15
3307.46
3188.9
3111.26
3264.71
3206.17
3262.63
3298.39
3342.42
3220.88
3270.83
3275.73
3234.13
3138.46
3416.3
3071.99
3130.86
3691.82
3615.2
3497.69
3481.81
3576.85
3465.17
3393.74
3438.72
3445.15
3358.44
3561.27
3569.73
3093.72
3522.44
3438.13
3346.13
3502.3
3519.09
3576.82
3594.84
3423.06
3366.41
3570.86
3573.12
3551.96
3587.11
3511.7
3547.89
3439.08
3559.79
3475.49
3650.67
3414.39
3492.5
3328.59
3277.7
3567.48
3395.47
3498.7
3447.42
3452.34
3566.43
3413.71
3574.31
3432.62
3299.37
3538.09
3601.28
3466.49
3452.35
3499.67
3551.01
3579.63
3548.89
3334.43
3514.37
3407.25
3449.53
3383.14
3401.61
3443.17
3535.52
3578.05
3538.68
3384.4
3542.71
3337.36
3661.66
3460.58
3514.57
3192.12
3511.32
3444.78
3301.73
3393.89
3469.71
3381.99
3425.11
3521.63
3347.45
3525.04
3491.2
3545.63
3398.14
3663.03
3475.8
3402.37
3626.49
3525.12
2379.45
3506.21
3379.93
3547.03
3195.8
3406.75
3334.55
3547.51
3512.89
3482.34
3592.26
3592.03
3438.7
3321.97
3333.51
3697.21
3267.27
3465.62
3573.7
3354.42
3545.8
3634.92
3406.11
3397.02
3601.7
3511.28
3502.25
3532.05
3601.88
3353.61
3429.82
3542.11
3587.44
2345.16
3533.8
3427.94
3525.22
3428.48
3551.87
3616.55
3454.76
3454.21
3406.41
3531.47
3657.95
3444.52
3510.01
3575.86
3662.8
3574.46
3431.79
3286.01
3282.06
3467.3
3415.74
3403.96
3582.95
3532.26
3554.05
3361.64
3343.15
3563.48
3501.6
3410.31
3453.92
3571.53
3208.41
3399.5
3525.51
3515.07
3216.17
3540.7
3340.88
3484.21
3445.91
2064.34
3291.73
3495.98
2692.92
3371.81
3608.88
3412.01
3434.43
3353.34
3584.45
3401.21
3330.19
3472.77
3571.35
3540.67
3562.58
3449.2
3529.12
3410.73
3440.71
3711.42
3427.21
3612.96
3392.9
3582.45
3452.53
3293.52
3531.97
3536.05
3525.41
3694.29
3385.07
3646.24
3380.14
3601.18
3556.5
3450.7
3219.87
3397.18
3201.99
3141.47
3200.68
3316.4
3382.64
3364.92
3263.7
3451.21
3256.29
3254.75
3073.08
3276.8
3382.77
3148.05
3186.86
3281.71
3353.86
3189.17
3336.26
3400.37
3337.22
3437.21
3404.07
3308.16
3336.13
3341.22
3282.74
3343.18
3247.12
3391.96
3235.46
3293.62
3154.79
3277.96
3334.19
3162.06
3092.22
3296.07
3266.44
3309.97
3255.91
3415.11
3286.46
3393.59
3152.95
3284.54
3231.8
3304.79
3370.75
3372.99
3327.86
3321
3252.89
3143.67
3080.99
3183.85
3022.32
3171.74
3103.69
3314.13
3267.77
3365.65
3143.98
3393.72
3239.91
3266.58
3220.5
3391.81
3239.97
3384.31
3211.02
3191.99
3232.74
3426.78
3233.65
3272.73
3166.58
3310.55
3287.39
3404.71
3260.94
3312.28
3330.26
3327.64
3490.31
3361.6
3471.45
2234.07
3337.33
3209.2
3222.42
3078.45
3524.22
3220.74
3582.95
3405.38
3463.38
3345.75
3387.02
3323.71
3190.26
3066.53
3491.84
3309.59
3265.33
3288.23
3294.36
3191.95
3329.5
3159.16
3363.7
3415.94
3124.1
3326.73
3319.26
3376.48
3162.41
3145.12
3281.64
3427.93
2179.1
3156.15
3148.05
3359.7
3353.83
3269.34
3239.19
3395.41
3323.38
3216.34
3498.88
3358.17
3202.68
3300.78
3267.44
3344.47
3339.26
3325.34
3192.47
3195.39
3326.36
3264.16
3366.37
3344.2
3359.24
3356.29
3289.96
3318.83
3326.34
3152.07
3465.39
3268.81
3362.89
3207.05
3211.49
3397.97
3301.63
3315.34
3244.59
3164.62
3283.31
3352.24
2281.32
2843.24
3334.71
2758.43
2859.72
3373.32
3282.01
3326.36
3400.19
3353.02
3203.6
3349.82
3310.13
3348.83
3334.97
3418.73
3487.54
3388.34
3327.01
3325.67
3280.23
3231.52
3425.56
3352.69
3352.78
3222.82
3342.35
3318.53
3362.47
3380.08
3253.37
3307.93
3317.58
3257.05
3302.21
3341.77
3311.01
3328.62
3154.44
3083.88
3231.71
3294.92
3309.28
3354.75
3346.02
3135.39
3359.9
3237.22
3261.74
3099.16
3276.45
3397.57
3046.68
3137.8
3399.73
3422.76
3235.16
3324.05
3424.62
3310.64
3439.46
3389.54
3257.01
3357.83
3441.52
3376.96
3305.98
3496.29
3529.55
3229.03
3451.51
3227.79
3344.81
3416.3
3268.64
3302.94
3366.33
3253.05
3414.59
3495.46
3327.49
3500.79
3210.5
3471.62
3434.56
3271.14
3250.21
3464.73
3302.87
3343.45
3383.06
3377.21
3324.83
3163.78
3272.88
3311.11
3010.88
3239.82
3418.4
3336.74
3209.79
3185.18
3370.89
3329.48
3402.44
3252.77
3382.6
3178.64
3408.65
3333.81
3331.79
3110.46
3314.26
3226.95
3183.73
3222.93
3253.45
3234.43
3303.14
3246.46
3239.01
3348.31
3325.86
3396.37
3239.31
3410.9
2379.44
3281.12
3336.67
3196.27
3156.16
3246.93
3219.89
3266.58
3300.66
3503.48
3433.19
3330.27
3492.95
3150.22
3095.86
3375.24
3248.83
3170.75
3292.37
3273.34
3330.98
3362.39
3133.62
3194.92
3265.5
3187.18
3379.42
3364.34
3312.34
3151.1
3292.95
3301.96
3308.76
2563
2917.65
3254.35
3301.29
3187.37
3243.37
3205.82
3291
3344.31
3256.02
3302.81
3412.04
3268.08
3325.07
3373.18
3460.8
3367.87
3319.55
3157.3
3224.42
3372.54
3282.64
3407.82
3129.48
3396.95
3391.5
3312.66
3380.41
3351.35
3260.38
3291.24
3470.29
3318.73
3224.74
3170.96
3278.67
3383.69
3341.41
3198.98
3229.92
3307.85
3207.84
2806.63
2513.47
3273.07
3119.65
2803.11
3429.68
3441.92
3483.57
3269.93
3520.39
3361.26
3329.31
3446.87
3260.2
3329.7
3304.28
3379.6
3471.44
3407.68
3331.03
3292.69
3206.93
3383.66
3157.77
3303.01
3124.11
3203.55
3333.4
3457.6
3228.43
3397.25
3409.04
3543.35
3208.37
3268.47
3354.42
3220.61
3336.89
3405.2
3192.69
3224.85
3213.84
3389.07
3157.93
3286.25
3205.74
3400.74
3325.36
3325.37
2857.68
3107.15
3207.43
3230.94
3114.5
3406.38
3338.43
3382.53
3450.5
3232.9
3291.15
3222.71
3307.15
3282.59
3289.86
3397.35
3207.05
3255.67
3422.05
3310.33
3287.5
3384.43
3105.46
3332.85
3389.41
3135.3
3326.93
3141.72
3253.2
3347.96
3422.81
3354.95
3180.33
3379.73
3359.81
3386.84
3273.82
3339.53
3330.13
3427.02
3496.08
3334.5
3261.91
3359.21
3037.33
3314.68
3091.9
3250.99
3331.15
3301.17
3309.99
3355.66
3312.86
3210.99
3230.63
3230.26
3461.3
3330.03
3342.58
3392.96
3203.89
3348.03
3202.09
3347.97
3279.41
3439.06
3204.81
3326.45
3227.76
3117.69
3332.57
3075.65
3200.09
3332.78
3278.6
3390.78
3376.42
2285.64
3305.1
3313.48
3189
3136.79
3391.18
3209.36
3377.63
3300.49
3321.37
3406.86
3365.28
3278.33
3213.85
3271.74
3501.04
3198.57
3222.34
3330.74
3284.76
3199.18
3381.66
3232.33
3368.44
3324.62
3380.33
3228.8
3224.98
3362.93
3180.13
3266.16
3249.55
3453.98
2147.99
3288.36
3239.38
3112.02
3271.61
3184.49
3439.46
3259.92
3529.18
3356.14
3307.21
3572.03
3384.69
3244.11
3204.09
3327.62
3303.32
3427.83
3156.76
3051.18
3303.7
3231.64
3382.23
3346.83
3521.84
3396.09
3132.99
3206.23
3222.48
3385.39
3354.06
3300.5
3407.86
3292.87
3229.68
3461.97
3295.46
3058.61
3404.55
3327.07
3334.01
3326.33
2154.44
3356.5
3289.42
2500.8
3372.15
3291.22
3160.53
3299.68
3278.48
3274.34
3408.98
3340.04
3482.17
3291.21
3263.04
3266.33
3432.96
3362.24
3360.38
3252.23
3295.82
3217.12
3321.69
3242.29
3398.99
3243.61
3193.04
3320.29
3233.68
3215.6
3397.13
3348.03
3423.14
3433.7
3244.07
3399.28
3108.82
