1294.73
2173.7
3395.35
2593.13
2315.56
2763.08
2017.34
2309.38
2550.89
1643.67
1413.14
1709.49
2694.58
2437.25
2529.63
1997.17
2508.08
2281.34
2382.24
2409.11
1947.21
1606.12
1582.98
1150.4
2237.16
1832.96
1637.57
2000.7
2013.17
3366.42
2347.76
2283.37
1706.82
884.424
2154.14
2275.09
2782.48
3350.66
2751.41
2232.34
2224.91
2306.59
2623.42
2351.66
1793.98
1629.47
1719.23
1609.2
2042.62
2865.28
2873.19
2073.83
1484.41
2845.69
2548.74
2165.14
2317.17
2291.11
1748.56
2075.65
2140.49
2930.06
2937.76
3157.64
1681.35
1518.14
2224.67
2169.78
1801.13
1938.16
1321.09
1721.38
2151.42
3057.25
2580.34
2584.01
2188.53
2621.77
2792.72
2741.49
2740.13
1673.59
2162.81
1748
1708.54
2593.44
2379.15
2117.29
1217.34
2164.83
2142.05
2534.07
2524.14
3105.24
1375.84
1097.75
2179.43
2580.77
2194.57
2221.34
1505.26
1971.84
1791.19
2406.04
2310.12
2464.98
2420.73
2429.33
1307.51
1619.5
2113.05
2282.85
2067.65
2313.94
2043.43
2304.18
2647.28
3340.49
2573.43
2304.38
2063.41
2574.2
2468.71
2029.88
2244.53
2088.72
2392.82
1594.55
1328.56
2142.61
2351.96
2676.86
1696.73
2466.53
1846.76
1613.19
1917.85
3002.76
3285.45
2390.82
1941.3
2017.83
2213.81
2607.68
2774.2
2465.32
1147.88
1490.76
2390.11
3340.37
3522.55
3439.74
2248.41
1696.46
1475.33
1721.32
2735.86
3270.28
2286.22
1315.8
1746.33
2145.28
2965.05
2827.98
2068.29
1950.59
2218.61
2000.84
2077.63
2234.24
2620.89
3055.86
2851.41
2257.61
1248.19
984.699
1248.64
2125.61
2799.28
2953.47
1801.92
1921.41
2361.24
2084.57
2316.14
1627.5
1886.17
2251.66
1851.75
1761.09
1907.95
1857.7
2012.46
2188.14
2085.53
2568.07
2612.93
2844.54
2080.63
2027.45
1782.36
1075.61
1786.81
2902.86
2287.64
2152.94
2212.3
1727.1
1834.47
2128.54
1693.6
1217.76
1388.26
2198.88
2096.24
2178.74
1789.95
2040.47
1956.71
1837.66
2057.48
1610.83
1506.69
1497.65
1004.37
1586.74
1680.59
1677.21
1768.07
1720.54
2721.55
2234.62
1930.89
1727.51
712.361
1696.9
1787.45
2327.91
2645.61
2377.69
2147.78
2095.59
1975.31
2075.18
2179.29
1398.21
1367.01
1561.73
1398.27
1690.39
2528.78
2408.34
2108.11
1341.56
2145.95
1989.2
1739.09
1955.03
1879.13
1432.4
1812.21
1682.21
2734.58
2276.4
2642.71
1602.8
1285.65
1919.05
1809.01
1824.92
1200.08
1214.94
1555.26
2012.37
2474.56
2166.99
2009.93
1586.64
2317.6
2216.4
2576.66
2604.07
1447.44
1679.5
1654.42
1402.21
1869.76
1963.59
1986.43
916.68
1583.64
1964.03
2230.31
2284.38
2537.53
1513.45
959.129
1682.43
2008.74
1894.55
1922.15
1349.44
1492.29
1430.52
2040.94
2173.39
2185.36
2191.35
2061.37
1007.1
1467.32
1708.78
2091.5
2091.41
2060.47
1862.65
1625.57
2021.75
2711.31
2537.83
1850.09
1655.67
1852.64
2162.33
1818.56
1867.7
1755.14
2070.12
1658.64
915.037
1755.37
1784.21
2381.14
1760.26
2488.78
1555.48
1327.02
1585.45
2588.23
2612.76
2181.05
1742.84
1509.86
1601.88
1873.7
2334.85
2362.63
894.984
1176.2
1877.02
2809.22
2919.51
2838.77
2223.03
1631.68
1306.77
1329.2
2142.55
2760.72
2194.97
1282.99
1709.42
1931.06
2231.54
2173.95
1529.91
1436.84
1712.05
1516.42
1823.37
1899.46
2173.07
2460.12
2424.04
1977.98
1107.76
1090.25
1255.96
1927.16
2689.31
2573
1566.24
1831.41
1969.04
1777.69
1975.83
1381.62
1536.66
1644.59
1208.34
1216.67
1612.61
1511.77
1605.29
2054.66
1920.83
2351.39
2300.17
2383.67
1644.35
1892.29
1450.07
1249.82
1835.95
3532.72
2761.63
2540.25
2325.99
2162.2
1987.51
2489.34
2172.59
1285.51
1466.69
2730.03
2510.73
2662.9
2103.5
2277.35
2250.84
2381.23
2832.55
2197.58
1791.17
1771.85
1004.43
1889.02
2092.77
1994.02
1829.14
2001.18
2911.47
2741.03
2119.98
2184.36
1158.08
1989.15
2018.95
2436.91
3005.05
2993.42
2519.4
2380.42
2288.73
2551.25
2867.82
1712.32
1609.08
1626.36
1248.9
1787.88
2739.8
2874.76
2594.73
1494.05
2454.08
2746.87
2329.96
2423.05
2569.26
1709.18
1877.39
1890.8
3180.15
2601.26
3231.83
2240.78
1635.89
1814.01
2035.57
2019.67
1459.48
1253.91
1754.52
2001.25
3019.32
2593.78
2843.42
2324.9
2756.48
2707.43
2957.82
3063.03
1889.62
2116.28
1885.5
1573.17
2167.04
2556.8
2497.8
1008.51
1436.9
1962.11
2616.49
2606.09
3033.91
1908.06
986.768
1650.85
2552.46
2705.11
2339.02
1872.86
1838.46
1589.85
2169.21
2623.43
2470.55
2180.77
2699.57
1373.93
1697.69
1654.38
2451.06
2217.2
2577.99
2213.91
1788.46
2310.89
3147.67
3239.71
2249.43
2109.54
2307.75
2184.07
2118.43
2120.15
1826.89
2514.68
2218.13
899.048
2160.29
2434.93
2503.26
2040.67
2437.44
1847.57
1407.38
1634.77
2861.73
3072.91
2904.68
2295.57
1475.59
2471.14
2534.47
2744.51
2755.42
1128.6
1125.17
1751.68
3146.77
3546.2
3443.66
2891.82
1885.99
1528.22
1620.61
2510.65
3022.62
3048.95
1249.42
1640.89
2075.64
2535.76
3223.18
1898.45
1661.59
1957.21
1814.93
2531.09
2117.66
2593.03
2884.8
3074.71
2211.68
1324.11
1016.05
1483.9
1679.33
3184.12
2911.36
2004.67
2141.25
2441.48
2100.68
2328.44
1846.87
1710.54
2401.57
1561.72
1554.34
1665.7
1805.08
1732.26
2493.78
2272.29
2549.96
2547.02
3048.89
2213.47
2172.19
1880.92
1049.86
2087.28
2525.11
1961.85
1901.3
2161.03
1463.33
1894.93
1970.11
1103.86
1230.77
1648.73
1915.71
2182.06
2120.87
1774.36
1935.84
1674.46
1837.45
1966.56
1695.88
1417.42
1190.98
936.281
1919.09
1673.44
1408.88
1819.1
1752.01
2750.68
1767.5
1771.99
1387.46
1033.7
1811.47
1831.39
2068.56
2709.94
2079.2
1756.85
1981.75
1659.69
2531.01
1588.18
1359.61
1345.98
1275.5
1411.15
1639.14
2340.09
2471.72
1537.32
1474.71
2133.63
2149.55
1692.22
1893.63
1621.4
1462.7
1553.81
1958.05
2288.39
2536.83
2265.64
1399.04
1156.79
2014.24
1685.75
1333.44
1580.39
944.084
1407.4
2275.43
2251.26
1865.27
2098.07
1719.77
2130.22
2607.02
2390.72
2293.56
1410.05
1517.11
1297.58
1271.34
2107.11
1982.88
1417.64
1090.85
1532.37
1855.38
2160.37
2102.19
2246.89
971.811
891.431
2128.26
2204.9
1675.71
1854.35
1110.56
1426.34
1486.7
1999.72
1755.94
1930.29
1976.54
1644.35
1029.39
1395.19
1805.98
1912.37
2103.68
1795.16
1564.35
1685.85
2055.45
2601.13
2102.78
1585.02
1629.63
2023.54
1725.95
1534.41
1623.66
2037.54
1766.9
1188.37
1236.18
1932.68
1810.35
2076.33
1625.31
2000.92
1402.46
1171.53
1559.2
2420.05
2486.05
1758.51
1476.34
1721.17
1570.15
2035.98
2229.26
1803.99
893.817
1304.31
1677.35
2754.85
2536.04
2844.62
1790.06
1444.06
1173.91
1742.48
1955.31
2655.38
1559.72
1157.55
1670.71
1799.08
2214.86
1871.27
1391.67
1542.77
2014.22
1307.24
1513.26
1898.95
1898.23
2439.32
2198.58
1746.68
928.85
897.719
1213.27
2340.9
2444.36
2219.31
1451.31
1588.08
1752.58
1540.3
1925.37
1231.64
1629.37
1706.62
1421.32
1328.09
1551.93
1478.95
1614.48
1600.09
2111.59
2230.65
2211.46
2213.8
1686.27
1844.45
1392.85
2184.33
4885.31
4800.35
3765.37
3835.18
3521.29
2605.13
3519.99
3817.35
2457.12
2125.62
3709.49
3334.14
4166.58
3431.45
3156.6
3904.47
2797.41
4509.09
3668.24
3048.15
2709.8
1867.84
2113.31
3058.72
3062.08
2763.36
3420.23
3888.68
4406.44
3159.26
3724.69
2144.04
2175.63
3119.67
3830.22
4384.08
4915.83
4171.9
3515.57
3550.76
3034.31
5008.34
2351.87
2353.85
2585.01
2363.38
3037.28
3852.88
4302.33
4381.6
2209.85
3434.88
4581.35
3816.04
3546.11
3952.99
2522.88
2837.64
3344.59
4063.01
4035.74
5073.26
3737.89
2489.45
2393.2
3700.57
3655.3
1898.47
2157.36
2638.56
3064.27
4320.8
4026.91
4160.12
3914.69
3918.77
4307.27
4375.42
4837.1
3353.97
3102.49
2755.86
2343.58
2850.48
3774.77
3491.04
1998.25
2685.33
2945.36
3750.84
3876.54
4725.41
3661.58
1744.61
1882.61
4031.41
4221.23
3619.66
3089.43
2235.79
2397.54
3254.56
3810.35
3928.64
3466.08
4120.26
2381.16
2181.59
2666.35
3561.94
3605.26
3875.18
3443.53
2623.26
3420.51
4662.63
5065.18
3612.43
3248.42
3302.91
3838.5
3406.04
3425.55
2885.92
3976.28
2859.55
1741.38
2703.31
3788.84
3715.76
3610.75
3539.69
3303.07
2798.97
2621.83
3742.51
4818.51
4656.63
3254.39
2219.37
3530.75
3468.29
4599.56
4568.02
2515.29
1877.13
2553.14
4486.3
5721.16
5100.46
4821.99
3246.41
2449.16
2425.96
3430.91
4378.06
4680.16
2210.09
2410.17
3307.91
3896.47
4737.77
3862.76
2756.28
3022.17
2894.78
3048.46
2716.18
3876.07
4008.34
4985.75
3723.88
2569.94
1929.31
2129.51
2236.43
4959.29
4704.52
3137.79
2905.78
3509.35
3116.7
3402.01
3000.11
2278.66
3418.63
2794.99
3001.76
2420.49
2651.48
2713.96
3536.74
2877.92
3990.05
4061.17
4847.74
4056.04
3255.42
2765.83
2169.35
