1312.82
2026.65
1642.93
1607.94
789.845
955.397
2051.77
1874.3
1959.1
1723.71
1777.58
1964.86
1680.56
1481.46
1952.94
1994.06
1626.77
1653.77
1445.66
1200.98
1609.33
2105.26
1800.98
1688.47
1583.8
2507.49
1912.54
1962.64
1960.35
1541.52
2051.87
1976.2
2056.75
2264.74
1547.64
947.916
1218.51
1749.7
1568.3
1276.4
1256.74
1321.67
528.761
609.624
1234.82
1360.63
1876.36
1597.67
1849.69
1566.44
1696.31
1808.68
1175.65
799.919
1266.64
1320.44
1624.76
2487.18
2025.14
2257.29
2031.19
1516.27
1781.02
1983.31
2267.98
1759.69
2006.21
2208.6
2377.74
2403.69
2141.43
2200.53
1995.68
1467.09
1418.24
1172.09
846.976
1308.9
1739.8
1649.99
1562.73
1906.52
1705.7
1663.95
1784.24
1065.87
1279.36
795.155
958.046
1457.01
973.805
2012.9
1747.19
2123.99
2181.63
2083.67
2151.77
2164.23
1842.84
1572.56
2377.48
2374.25
2152.73
2049.01
2008.77
1976.86
1834.56
2418.62
2321.72
1987.61
1930.97
1557.57
1366.12
1069.67
1351.25
1478.03
1889.14
1339.15
1473.3
1555.96
1151.44
851.884
1637.87
1758.11
1818.35
1376.54
1914.29
1881.08
1687.67
2145.14
2081.65
1531.28
2100.41
1761.09
1454.05
1514.39
1866.41
2192.57
1627.95
1537.03
2643.46
2402.55
2302.37
2414
2106.48
1947.9
887.759
1949.54
1699.11
1907.52
1744.08
1028.33
796.217
884.612
1477.25
1357.71
1790.42
1787.86
1623.68
1580.17
1748.72
1679.31
2104.59
2170.71
1953.55
1716.18
1722.32
1661.71
1677.54
1949.65
2040.84
1852.78
1303.42
2002.2
1767.63
1774.93
1593.29
1775.02
1991.11
1873.24
2090.56
848.184
1786.89
1820.24
1376.73
1141.58
1402.05
1975.42
1496.35
949.792
1143.11
1095.32
1013.48
1112.89
1123.8
1038.78
799.217
1157.28
2149.58
2356.5
1863.57
528.71
821.105
718.091
777.686
530.125
606.862
971.205
1213.31
1082.5
895.563
782.896
930.076
857.57
891.704
991.154
963.945
888.723
908.565
788.25
607.126
1017.5
1089.37
1123.19
820.338
812.909
1043.8
1179.54
1127.65
765.86
714.848
914.694
1247.62
1014.34
1264.04
683.928
775.704
570.971
778.766
664.449
644.2
665.538
708.578
249.193
333.744
816.101
745.188
1065.17
777.234
1176.25
773.962
894.107
867.75
573.437
530.789
582.433
712.646
1083.92
1100.75
1231.51
1162.49
979.962
556.19
938.27
1111.97
1226.01
927.142
1027.53
1095.94
1203.06
1244.76
1095.89
1043.14
859.6
707.638
738.332
591.57
548.185
592.236
835.773
760.64
1049.35
932.851
791.719
681.476
798.854
663.323
527.545
417.197
644.748
671.194
531.448
980.931
884.566
961.835
1330.01
1055.75
1261.45
890.191
1055.49
839.325
1176.71
1433.34
1085
940.36
954.569
1026.69
1116.37
1357.98
1045.05
957.341
959.889
984.122
806.247
599.778
645.112
829.275
1011.12
520.001
674.768
624.988
700.303
621.082
816.012
831.698
865.506
860.138
971.03
909.658
850.438
1142.15
1223.68
697.688
883.816
859.917
925.24
739.343
1117.59
987.307
692.355
920.799
1087.93
1180.71
1407.72
1330.3
839.333
967.947
392.492
917.632
903.641
822.472
883.588
674.268
498.201
346.895
763.861
861.278
856.2
984.745
854.317
730.49
1025.15
966.579
940.845
1190.35
971.735
869.413
863.613
727.625
840.939
929.84
1124.27
920.041
683.819
815.937
1032.32
872.879
871.442
739.922
1082.65
1054.92
1159.68
382.984
893.562
877.608
743.953
517.751
746.823
870.238
870.288
397.633
549.532
561.083
513.206
542.418
491.033
575.292
423.073
651.403
859.508
1005.84
1001.93
734.766
823.469
738.826
641.239
370.263
440.228
1074.54
1027.36
1026.93
725.494
844.934
932.234
833.648
768.633
997.662
884.304
829.137
726.884
581.07
521.661
961.257
1095.57
800.365
779.34
782.385
1211.43
1101.27
958.906
665.024
767.87
982.068
1054.47
1016.92
918.918
586.391
464.645
639.29
790.72
737.622
547.738
687.603
450.92
250.83
395.581
581.946
689.379
1100.61
752.211
941.614
833.137
870.966
553.762
426.222
521.326
476.018
587.036
1158.47
1099.16
1107.54
1115.2
923.992
622.956
973.315
1023.15
1010.5
830.275
930.463
1058.54
1140.16
1270.06
995.806
1015.73
768.809
658.05
705.189
398.833
471.197
760.848
661.024
652.183
649.541
989.44
739.864
775.528
671.9
648.602
590.84
325.25
585.101
444.55
639.999
930.003
834.415
959.935
1075.93
956.626
1050.33
1004.94
902.951
979.996
1015.57
1199.48
849.804
881.912
1057.42
1107.08
1103.54
1135.12
981.962
868.266
913.618
952.017
641.998
435.196
573.186
750.183
993.215
446.815
847.445
663.679
479.34
673.116
680.762
714.854
515.636
919.118
992.371
798.067
1005.7
915.655
994.55
746.884
954.772
777.53
751.997
634.728
1000.34
1122.81
784.46
773.202
1290.83
1110.32
1022.1
1046.05
862.257
722.138
677.62
885.303
832.121
870.342
688.317
405.762
389.407
321.848
866.376
605.009
883.626
898.312
784.42
681.901
941.636
767.565
1125.45
929.99
929.735
853.809
730.466
946.018
749.467
926.303
831.275
864.681
704.602
697.06
802.509
621.378
1050.76
907.703
903.828
1083.65
838.725
404.911
1017.21
663.158
749.764
416.562
772.432
923.676
647.248
393.646
366.315
425.688
443.807
399.689
474.328
480.887
376.531
781.756
1019.85
1006.75
798.257
1733.91
2622.55
2459.32
2284.24
1535.48
2262.51
3260.93
3261.79
2889.17
2585.18
2612.32
2730.72
2446.64
2410.41
2904.63
3199.03
2707.03
2319.21
2019.63
1681.62
2546.34
3572.84
2653.7
2403.52
2508.09
3546.68
3323.55
3079.8
2568.35
2368.19
2924.67
3149.87
3108.53
3462.91
2270.79
1981.93
1974.69
2244.99
2107.04
1763.39
1696.24
1821.27
785.052
804.859
1877.14
2490.26
3015.81
2538.72
2869.69
2283.29
2465.24
2406.87
1587.58
1284.67
1683.49
2494.25
2994.74
3459.83
3539.43
3203.78
2799.66
2178.58
2560.66
3106.9
3434.95
3208.15
3096.32
3287.75
3324.67
3531.36
3167.99
2943.9
2411.73
2174.78
2207.86
2154.73
1408.41
2022.16
2374.3
2160.1
2445.41
2849.69
2644.72
2162.69
2396.43
2154.96
1975.81
1223.21
1585.34
2013.27
1629.07
2934.93
2647.65
2903.36
3313.23
3543.84
3288.93
3311.6
2603.36
2839.54
3386.2
3492.72
2848.22
2846.51
3088.3
3541.22
3411.55
3538.68
3223.2
2937.04
2666.17
2583.47
2140.18
1678.13
2105.17
2483.26
2940.2
1653.78
2261.61
2086.56
2040.91
1788.3
2272.55
2458.66
2346.67
2745.19
2863.84
2582.86
2741.79
3090.27
3070.89
2484.72
2936.97
2763.3
2662.12
2699.93
2936.93
3215.2
2474.28
2501.37
3329.82
3387.98
3513.7
3447.62
3045.73
3078.51
1379.22
2784.66
2220.88
2656.58
2453.38
1716.02
1358.46
1446.54
2074.82
2535.52
2415.09
2316.39
2363.81
2314.89
2720.35
2561.16
2846.04
3402.27
2902.48
3125.31
2586
2427.93
2669.6
2876.34
2904.7
2840.88
2217.87
2871.72
2743.28
2769.45
2654.93
2792.93
2960.14
2987.3
2932.13
1300.46
2631.42
3160.73
9559.95
9474.92
9470.02
8768.19
9952.03
8488.41
8392.2
8538.97
8592.38
8806.39
8888.23
9221.42
8894.25
7071.09
9928.32
7309.67
10320.3
2519.21
3219.46
2924.09
2963.36
1863.04
2646.04
3894.46
3882.84
3493.47
2939.59
3077.57
3318.11
3113.28
2868.36
3716.11
4164.97
3396.5
3026.15
2732.75
2467.23
3089.26
4150.24
3629.78
3304.91
3309.56
4871.47
4384.47
4001.96
3301.43
2938.91
3709.95
4025.15
3902.37
4484.18
2927.91
2333.36
2299.78
3362.96
2797.21
2553.41
2277.41
2809.19
799.64
1040.67
2334.7
3037.46
4109.61
3393.66
3856.61
2826.63
3487.73
3556.03
2314.67
1595.3
2392.28
3016.5
3866.37
4514.05
4289.79
4478.31
3702.8
2549.05
2877.08
3836.34
4101.39
3995.13
3691.41
4242.34
4425.5
4875.12
4158.89
4069.95
3255.18
2884.85
2770.32
2672.14
1757.61
2380.09
3191.29
2992.63
3191.06
3520.07
3385.71
2940.44
2940.6
2557.84
2742.89
1402.68
1805.84
2825.74
1873.26
3921.98
3411.31
3650.37
4003.3
4503.48
4184.24
4150.38
3669.7
3733.47
4690.91
4593.76
4189.39
3443.23
3751.14
4471.67
4000.36
4476.5
4134.28
3697.24
3452.68
3384.85
2563.48
1984
2541.35
3481.47
3810.31
2140.87
2901.94
2787.67
2510.44
2024.77
3063.79
3350.81
3139.75
3016.39
3675.67
3581.59
3147.75
4055.22
4052.84
3326.55
3825.01
3411.38
3255.13
3473.52
3826.95
4591
3248.58
3027.56
4506.74
4127.79
4570.74
4603.74
4056.17
4081.31
2005.55
3668.23
3125.79
3842.15
3332.82
2389.32
1583.36
1866.56
2788.67
2959.73
3340.36
3172.28
3551.3
2648.59
3552.93
3394.34
3452.34
3897.89
3620.36
3847.7
3033.81
2936.93
3232.54
3742.17
3704.97
3309.09
2605.02
3680.8
3329.25
3805.46
3117.08
3568.17
3944.41
3955.37
3955.4
1560.05
3347.64
3259.58
2690.61
2511.15
2967.13
3422.47
2691.79
1619.59
1731.51
1789.83
1581.88
1927.85
1710.15
2222.15
1772.72
2266.4
3623.62
4201.03
3603.53
