3925.79
3645.24
3808.46
3686.35
4118.04
3868.68
3507.41
3782.94
3785.89
3927.62
3820.14
3748.12
3635.1
3781.18
3814.47
4042.54
3418.2
3877.97
3378.05
3634.5
3791.47
3633.45
3710.47
3883.03
3978.07
3871.76
3933.54
3774.52
3656.83
3494.82
3774.87
3793.33
3838.05
3987.35
3694.03
3871.15
3797.37
3663.35
3878.02
3923.01
3928.37
3640.8
3695.83
4139.11
4046.38
3781.47
3813.21
4025.09
3827.7
3937.13
3844.44
3782.06
3927.87
3801.16
3784.93
3800.01
3765.1
3808.64
4019.38
3913.04
3458.77
3611.39
3930.73
3664.8
3790.86
3759.09
3769.38
3589.95
3812.24
3429.88
3649.51
3864.54
4284.02
3810.92
3625.26
3773.56
4205.42
3960.77
3698.36
3703.32
3963.43
3919.62
3579.86
3679.36
3491.53
3716.49
3686.96
3572.99
3540.62
3768.93
3976.4
3896.51
3444.54
3819.28
3889.54
4040.49
3960.32
4158.6
3934.22
4193.45
4005.36
3863.55
4011.11
3932.7
4042.61
4038.86
3902.75
3882
3640.73
3512.97
3622.46
3548.41
3622.94
3496.81
3686.83
3785.47
3946.4
3966.61
4010.12
3702.86
2990.75
3431.2
3625.98
3912.25
3536.4
3762.45
3538.27
3723.72
3845.03
3722.73
3842.64
3863.79
4026.87
3781.71
3443.75
3699.26
3721.78
3704.62
3805.76
3727.96
3760.04
3784.65
3867.85
2999.9
3230.04
3666.8
3765.92
4292.72
3567.55
3531.19
3943.17
2907.06
4160.14
3806.6
3685.09
3986.79
3645.4
3374.04
3460.64
3666.51
4255.93
3452.89
3709.06
3832.24
3663.24
3955.19
3921.18
3674.89
3680.36
3718.29
3876.1
3984.67
3746.94
3618.17
4163.73
3302.18
3720.31
3701.16
3586.76
3463.79
3933.7
3977.16
3994.35
3955.72
3621
4044.75
4100.98
3745.42
3821.52
3819.14
3692.69
3622.7
3928.01
3863.53
3900.58
3597.06
3448.23
3596.64
3947.32
3837.5
4019.12
4007.45
3919.46
4043.15
4311.59
4121.58
3762.81
3810.76
4045.25
4042.81
3677.81
4146.56
4141.81
4190.8
4115.52
4195.27
3898.05
4368.25
4073.35
3912.12
4440.98
4141.47
3980.47
3990.42
4306.46
4180.36
4220.9
4200.18
4147.81
4113.46
4048.47
4112.03
3816.32
3826.29
4327.62
4378.5
3882.64
4051.61
4112.98
4209.02
4035.89
3966.85
3801.08
4306.91
4124.23
4386.5
4281.76
4397.51
4191.55
4127.07
4216.9
4125.06
3936.75
4173.66
3991.75
4152.56
3954.23
4203.15
3909.24
4157.72
3978.36
4507.52
4050.29
3789.18
4237.82
3881.31
4083.53
3826.43
3820.81
3807.34
4216.44
4470.57
4228.27
4235.14
3875.14
4114.03
4613.1
4399.54
3844.81
4191.56
4034.49
3955.64
4112.6
4103.59
4052.16
3795.59
4299.84
3951.59
4326.83
3842.22
4251.67
4394.9
4194.04
3918.03
4457.91
4095
3996.97
4385.58
4122.34
4155.91
4517.09
4206.5
3888.24
4368.9
4133.11
4423.96
4343.36
4101.41
4197.62
3861.52
4211.62
4152.79
4146.97
4062.3
4017.36
4093.62
4242.38
4194.77
4022
4104.11
4135.26
3056.92
3907.91
4098.19
3805.95
4004.74
3991.36
4513.32
4013.7
3798.35
4389.34
4371.18
4415.71
4118.2
4309.26
3599.38
3889.87
4025.13
4201.38
3883.71
4135.21
4366.32
3946.78
3857.3
2937.93
4147.56
4024.96
4410.52
3817.22
3923.44
4355.41
2862.17
4412.07
4523.26
4080.37
4252.85
4086.64
4037.54
4046.38
3863.58
4618.37
3779.3
4214.87
4064.21
4086.8
4274.02
4151.12
4184.61
4340.61
4008.05
4116.63
4122.81
4292.74
4333.94
4053.84
4080.67
4420.29
3802.16
3980.62
4278.32
4096.48
4087.34
4110.7
4159.55
3918.84
4396.94
4281.66
4189.1
4114.38
4043.46
3899.47
4424.68
4196.44
4118.25
4082.98
3848.42
4077.45
3948.48
4011.89
4457.91
4208.91
4019.11
4070.3
3819.03
3880.81
4160.03
4066.99
3718.85
3681.07
3897.9
4058.42
3593.74
3920.32
3601.24
3663.95
4124.84
4268.28
3882.12
3611.18
3778.44
3805.69
3943.7
3951.51
3882.84
4107.41
4118.25
3815.24
4082.95
4040
3837.94
3878.88
4109.69
3652.27
3784.22
4047.51
4140.34
3800.76
3772.11
3882.16
4021.41
4093.76
4124.16
3894.72
4058.34
4370.98
3978.79
4012.72
4103.54
4156.85
3757.3
3753.87
3760.02
3967.82
3926.15
3724.41
3637.19
3592.51
3749.72
3925.57
3882.43
3810
3728.47
3931.97
4043.92
3610.88
3703.88
3748.81
3682.93
3610.68
3854.16
3895.64
4113.8
4090.66
4059.56
4032.63
4214.59
3636.49
3913.91
4181.05
3667.59
4073.73
3917.72
3905.01
3664.77
3790.09
4045.17
3618.82
3996.77
3862.59
3867.64
3860.35
4015.76
4130.43
4003.78
3897.64
3963.96
3950.41
3987.03
4115.42
3832.56
3919.97
4191.27
4029.29
3891.51
3839.73
3958.08
3939.6
4227.14
4010.44
3946.81
3915.97
3856.98
3809.52
4075.02
3932.48
3722.1
3769.83
3572.59
3936.59
3714.19
3974.13
3327.66
2948.24
3650.41
4116.04
3528.69
4251.92
3909.1
3725.72
3770.28
3813.53
4003.2
4054.32
4067.21
4161
3776.01
3698.91
3930.84
3857.43
4067.4
3999.24
4121.82
3831.69
4175.56
3273.97
3198.47
3838.52
3843.8
4219.3
3669.34
3804.98
4353.38
2892.79
4136.47
3979.59
3584.9
3828.18
3841.14
3928.61
3602.41
3500.11
4136.1
3663.56
3810.31
3837.12
4149.47
3887.97
3814.91
3711.46
3893.8
4071.09
4222.48
4248.06
3474.94
3941.52
4080.06
3831.01
4050.44
3739.99
3893.93
3847.13
4040.25
3689.81
3975.07
3907.29
3829.36
4252.93
3927.66
3854.63
3813.29
3808.16
3716.29
3835.71
3858.42
4117.55
3785.39
3503.36
3765.25
3655.85
3622.05
4024.96
4307.4
4032.99
3837.49
3633.36
3888.79
4229.63
3915.83
3660.7
3912.19
3785.19
3715.21
3663.79
3920.86
3948.88
3898.44
3972.85
4155.44
3659.55
3888.32
3530.99
3635.91
4209.35
3763.95
3984
3573
4054.51
4003.87
3934.52
3643.31
4002.14
3723.99
3995.67
3953.28
3988.88
3862.4
3807.91
4032.76
3935.22
3950.75
3706.4
3709.75
4154.77
3684.64
4005.71
4235.86
3762.72
3967.12
4055.29
4120.16
4243.54
4024.49
3641.51
3788.41
4026.89
3682.24
3846.24
3816.28
3916.66
3911.86
3702.22
3915.66
3763.2
3943.09
3921.17
3897.59
3905.45
3943.58
4125.73
3695.16
3700.14
3470.58
4014.59
3970.57
3989.3
4095.75
3866.84
3849.09
4232.18
4061.7
3994.39
4160.44
3986.32
3631.59
3421.63
3729.29
4090.84
3723.16
3968.83
3811.65
3992.2
3757.96
4114.42
4044.66
3842.05
3710.27
3631.71
3944.99
3709.74
4197.9
3684.89
4129.16
4158.24
3814.64
3693.39
3811.51
3764.08
3839.24
4291.96
3712.7
4017.47
3751.7
3954.76
3446.36
3968.48
3836.14
3989.35
3775.19
3848.26
4208.24
4069.45
4223.91
3788.67
3112.12
3796.29
4244.36
3574.55
3939.52
3733.82
3981.51
3936.62
3613.26
4099.18
4222.81
4116.18
3874.57
3623.01
3747.53
3787.71
3709.87
3810.27
3674.42
4065.3
4090.83
3936.3
3540.37
3369.71
3924.33
3473.77
4119.12
3884.32
3654.76
4010.99
2911.31
4203.82
4121.4
3710.21
4172.7
3802.11
3842.07
3759.8
3858.54
4140.75
3606.42
3733
4164.24
3865.85
3787.08
4159.28
3911.16
3966.88
3686.74
4013.1
3981.61
3708.25
3814.62
4048.05
3870.8
3907.5
3809.81
3952.11
3863.06
3631.14
3769.18
4332.26
4020.85
3583.6
4126.76
4041.66
3856.19
3876.72
3495.3
3546.24
3926.97
4051.95
4069.95
3619.21
3704.1
4041.09
4123.49
3855.81
4073.66
4208.98
3922.13
3733.72
4034.29
4110.54
4262.12
4170.79
3818.47
3833.13
3832.45
3698.01
3559.11
4163.21
3894.03
3854.22
3798.5
4217.16
3761.56
4045.46
3766.81
3408.37
4239.65
3818.79
3784.43
3987.09
4145.8
3767.11
4091.02
3724.81
3976.3
4068.59
3854.72
4066.7
4109.12
3883.3
4000.7
3944.01
4012.32
3898.97
3770.99
3922.6
3939.78
3710.61
3682.29
4023.33
3891.87
4018.18
4019.13
4518.58
3988.06
4299.67
3959.41
3770.07
3982.79
3965.69
3603.18
3750.38
4000.36
3892.69
3835.52
4057.72
3729.24
3938.3
3820.25
3821.87
3963.81
3623.75
3981.84
3859.53
3867.92
3470.89
3935.17
4183.02
4135.63
3835.9
3932.31
3682.39
4188.73
4079.78
3858.08
3872.11
3884.9
3982.04
3880.5
3980.53
3936.5
3728.59
4159.72
3777.58
3902.41
3503.17
3568.36
3997.73
4070.54
3922.2
4020.76
4025.64
3741.06
4121.43
4176.12
3903.76
4211.55
3880.9
3896.04
4174.53
3768.52
4184.31
4033.25
3976.18
4133.93
3654.4
3960.64
3944.63
4267.74
3893
4016.5
3705.01
4059.43
4198.61
3859.89
3885.52
3825.28
2657.72
3867.89
4033.07
3762.24
3921.35
3828.3
3909.92
3981.93
4028.16
4114.99
4086.81
4127.42
3997.22
4054.33
3664.35
4065.68
3788.24
3585.42
3448.73
3986.21
4098.26
4012.65
3985.18
2550.45
4072.43
3735.06
4115.52
3811.53
3890.51
4163.11
2657.04
4268.29
4063.73
3974.49
3915.18
3845.39
3719.05
3672.19
3863.34
4220.08
3671.6
3987.72
4159.6
3947.36
3882.64
4036.27
3830.65
4068.79
4013.02
4108.3
3596.25
3786.86
3965.93
3946.24
3905.37
4099.66
3631.78
3961.24
3885.47
3858.86
3931.7
4153.67
4108.84
3667.34
3912.25
3957.37
3813.99
3760.31
3693.64
3623.86
3852.82
3853.02
3798.94
3893.08
3978.17
3811.3
3721.1
3928.22
4142.79
4050.82
3716.84
