2132.28
1696.68
2068.56
1633.28
1873.18
1333.2
1830.58
2425.43
2259.12
1601.24
2178.54
1999.9
1990.84
1366.34
1626.58
1414.97
1972.63
1933.99
1760.71
2064.25
1668.31
1525.77
1894.75
2229.5
2042.2
1521.87
1591.3
1904.19
2193.53
1111.5
1457.82
899.367
1766.18
1869.7
1622.79
2040.64
2009.74
2049.36
1629.09
1587.89
2128.52
2208.29
2148.43
2045.34
1973.24
1794.67
1192.08
1280.34
1920.94
1760.52
2055.54
2058.2
2423.04
1785.43
1517.13
1380.01
2657.91
2091.3
1900.26
2248.69
2301.07
1834.14
798.461
2035.08
1891.15
1749.57
1733.95
2033.12
1631.24
2216.7
1498.63
1756.57
1240.88
2254.13
1559.12
1935.55
2183.24
2509.08
1038.22
851.688
1662.99
2212.84
1966.79
1755.07
1584.13
1928.6
2062.7
1619.89
1489.59
2012.58
2416.46
1851.53
1707.95
1989.95
1816.07
1397.85
1912.07
1662.44
2076.17
1670.48
2028.93
1812.32
1489.36
1722.44
1497.2
1758.81
2025.05
1975.06
1890.22
2142.26
1917.06
2036.76
1685.25
1670.12
1609.03
1898.87
1606.5
1473.52
1803.56
2304.22
1702.8
2480.52
1770.46
1754.71
1639.61
1499.44
1891.28
1871.7
1979.12
1821.33
2128.54
1922.89
935.712
1818.14
1518.27
809.055
1523.77
1710.07
2019.03
1873.72
1731.57
936.587
1551.88
1597.52
1669.52
1924.53
1572.58
1990.47
2079.91
2482.41
2091.58
1590.76
939.751
1790.19
2451.29
1963.72
1261.48
2430.1
1835.78
1648.24
1460.27
1534.52
2079.62
2467.47
1934.17
1971.73
2016.8
1978.58
2000.26
781.257
1051.88
1922.71
1734.32
2318.68
2334.76
1760.8
1914.96
2023.65
1882.95
1443.21
1256.99
2304.37
2394.67
2200.4
1811.05
2217.59
1708.75
1083.67
1541.99
767.496
1885.36
2270.36
1415.78
1350.7
1412.42
2405.4
1705.34
1676.15
2072.41
1334.31
1506.74
2229.75
1987.4
1704.71
2081.22
1529.12
1920.54
1343.38
2450.66
2409.23
1672.48
2097.72
2103.88
2178.63
1134.4
1760.66
1802.88
1490.6
2331.92
1505.86
2205.25
2102.21
1407.13
1752.95
2134.27
2098.88
1933.88
1430.99
1753.28
2118.07
1765.99
1503.19
654.587
1541.48
1700.44
1978.73
1915.08
2193.36
1800.37
1856.95
1486.04
1965.58
2077.65
1994.49
2042.23
1944.07
2037.36
1407.57
1032.85
1780.84
1921.23
1677.22
2234.9
2424.08
2025.96
1988.57
1001.55
2314.73
2245.67
2131.85
1879
2285.33
2000.35
1241.54
1431.82
2032.76
1886.59
1625.38
1837
1951.08
1960.98
2121.73
1109.99
1639.3
1852.59
1677.82
1765.63
2243.14
2459.44
1540.21
1158.48
1006.67
2325.54
2124.85
1752.53
1679.51
2038.4
2161.77
1656.28
1635.16
1636.74
2372.99
2131.18
1784.86
1988.38
1694.1
1713.57
1883.09
1589.47
1913.89
1818.91
1712.97
2179.39
1846.21
1847.15
1399.86
1693.5
1883.42
2007.16
2030.11
1790.46
1804.06
2291.29
1690.7
1817.37
1460.43
1980.75
1732.01
1599.76
1392.05
2450.54
1951.03
2211.13
2232.05
1566.1
1874.04
1467.97
1757.51
1728.9
2337.66
1654.65
1816.02
2129.23
1420.5
1530.14
1613.74
1058.87
1188.49
1744.61
1976.19
2214.59
1697.84
1383.98
805.756
1885.94
1662.95
1845.3
1891.39
1539.05
1954.19
2566.88
2274.94
1705
1298.17
1335.95
2343.54
2374.08
1516.06
1910.6
2240.75
1734.18
1250.52
1484.15
1643.88
2751.18
2102.21
2037.84
1965.72
2110.8
2052.62
1570.08
828.275
1376.33
2508.57
1250
2585.04
1883.2
1646.57
2247.21
1802.06
1901.67
869.079
2225.47
2554.1
2426.93
1679.64
2239.95
1978.29
1751.45
1100.36
1265.08
1240.06
2329.07
2213.04
1025.79
1465.15
2079.92
1793.07
1878.52
1707.09
1995.39
1030.03
2139.7
1868.45
1671.62
1844.78
1556.23
1785.87
1398.68
2574.65
2426.61
1610.69
2048.52
1975.29
2233.43
1183.86
1788.75
1697.98
1445.88
2260.94
1492.81
1998.27
1950.12
1477.59
1709.01
2138.63
2009.95
1766.46
1324.87
1868.07
2144.53
1668.1
1422.05
518.481
1700.98
1599.76
2004.38
1915.31
2220.66
1968.39
1739.44
1465.33
1885.17
2135.62
2053.41
2165.13
1895.7
2075.69
1322.67
1085.39
1773.04
1801.87
1686.28
2139.42
2412.99
2039.16
2017.88
1072.87
2289.88
2373.18
2148.14
1957.18
2333.28
1995.48
1161.92
1476.19
2096.27
1735.46
1661.48
1882.03
1846.44
1924.73
2082.85
1218.68
1509.39
2022.32
1684.9
1767.18
2081.45
2280.7
1439.91
1033.15
957.624
2336.32
2079.88
1675.41
1657.07
1972.33
2121.72
1705.87
1520.61
1693.73
2343.46
2115.93
1631.76
1974.41
1847.49
1673.38
1875.44
1479.12
1896.72
1878.69
1847.96
2032.48
1694.84
1794.63
1409.27
1673.22
1940.97
2014.08
1984.43
1834.38
1775.52
2131.88
1723.74
1765.58
1392.35
1967.13
1670
1567.08
1310.29
2397.49
1731.5
2350.75
2131.45
1564.35
1922.47
1395.55
1682.7
1721.3
2228.34
1743.8
1874.42
2120.69
1284.65
1490.96
1569.79
1094.04
1280.09
1636.86
1874.64
1997.12
1746.01
1363.45
973.087
1787.16
1692.4
1821.01
1850.43
1641.85
1899.4
2508.17
2297.56
1715.02
1169.81
1354.05
2331
2278.76
1537.09
1873.77
2187.17
1738.66
1330.31
1448.98
1598.35
2672.23
1980.81
1874.63
1959.95
2012.45
2091.59
1364.09
825.824
1440
2484.96
1334.58
2444.93
1787.58
1668.59
2206.91
1830.33
1836.76
840.135
2197.24
2469.3
2386.78
1647.99
2249.75
1859.68
1487.5
1117.71
1166.45
1369.22
2240.01
1923.19
916.935
1555.43
2082.65
1918.6
1864.77
1617.67
1975.86
1137.2
2346.99
2049.8
1807.49
2079.02
1671.73
1912.3
1524.86
2696.88
2514.98
1631.9
2281.62
2005.29
2298.11
1223.07
1868.18
1804.76
1605.8
2358.44
1679.52
2233.37
2091.15
1490.41
1906.03
2117.26
2194.6
1867.59
1554.95
1845.06
2172.57
1750.53
1624.53
680.346
1798.01
1823.91
2068.38
2040.37
2222.67
1945.97
1860.11
1577.86
2049.16
2269.81
2029.42
2304.43
2064.41
2172.43
1424.96
1175.9
1905.26
1982.94
1785.46
2296.41
2582.54
2092.69
2108.26
1106.41
2460.97
2407.05
2106.36
1953.8
2372.02
1985.24
1256.03
1633.48
2053.14
2011.89
1774.18
1936.12
1913.79
2057.1
2131.58
1202.72
1532.95
2195.98
1722.97
1861.44
2284.13
2553.44
1353.16
1196.84
1166.12
2522.11
2171.95
1847.87
1680.98
2221.84
2306.49
1750.43
1595.83
1859.19
2501.01
2127.8
1837.56
2055.28
1813.99
1683.8
2080.38
1561.63
2098.46
1860.33
1859.24
2219.57
1852.46
1914.53
1543.63
1855.72
1991.55
2091.97
2171.89
1842.3
1876.26
2317.26
1809.09
1910.43
1565.5
2046.43
1865.97
1648.29
1275.95
2643.55
1906.22
2428.82
2311.01
1764.46
2054.98
1564.54
1792.16
1788.83
2411.48
1818.94
1943.23
2107.83
1393.82
1619.56
1634.67
1050.71
1313.36
1873.9
2072.2
2129.28
1821.63
1376.75
971.742
1959.66
1765.15
1953.05
1872.62
1734.17
2013.22
2663.26
2350.92
1760.43
1297.58
1428.71
2529.19
2461.02
1614.02
2067.01
2104.87
1887.25
1331.52
1471.88
1709.05
2826.72
2088.71
1989.13
2150.31
2236.2
2145.67
1506.8
948.905
1550.02
2552.37
1468.38
2635.01
1857.85
1627.78
2215.95
1971.8
1939.76
1010.07
2413.74
2471.25
2601.45
1738.84
2287.2
1930.2
1811.15
1295.43
1187.91
1506.84
2499.41
2261.18
1080.01
1491.05
2016.05
2015.98
1941.17
1784.57
1987.78
1131.45
2078.48
2159.63
1469.61
2043.94
1449.19
1831.96
1297.46
2031.28
2339.85
1975.61
1613.53
2072.28
1975.32
1692.9
1552.65
1603.79
1269.97
2100.47
1739.98
1629.06
2061.6
1539.13
1485.06
1790.35
1934.37
2076.39
1398.01
1629.66
1838.28
2150.44
995.542
1155.35
1063.18
1672.4
1889.65
1651.55
1941.49
1876.6
2044.24
1431.32
1515.79
1962.49
2013.02
2086.57
1939.81
2083.42
1570.95
1017.46
1431.18
1787.88
1683.25
1961.14
2001.94
2277.76
2018.72
1245.97
1460.37
2494.6
2081.43
1664.92
2060.24
2050.82
1643.98
795.456
2002.78
1704.87
1574.24
1708.04
1831.43
1637.42
2169.81
1223.01
1733.66
1360.44
2040.22
1522.93
1876.51
2178.48
2326.05
779.957
805.162
1674.2
2075.29
1755.03
1622.79
1758.19
1825.41
1962.25
1628.18
1228.35
2135.1
2167.43
1804.95
1800.74
1953.61
1783.66
1345.03
1751.8
1723.01
1881.05
1610.65
2082.65
1699.22
1669.98
1604.88
1455.96
1643.77
1928.14
1960.87
1656.08
1911.39
1872.07
1888.09
1582.86
1542.52
1674.76
1765.53
1389.7
1402.41
2022.56
2057.5
1803.08
2307.88
1462.22
1896.22
1453.01
1474.96
1877.62
1871.15
1850.81
1547
2132.23
1668.85
1057.87
1873.93
1485.47
614.879
1621.1
1763.76
2068.93
1714.72
1815.86
724.408
1802.33
1321.27
1581.11
2018.41
1450.49
1838.39
2235.72
2292.78
1787.34
1540.35
900.492
2064.37
2408.39
1719.28
1373.35
2335.11
1618.91
1486.22
1409.39
1524.16
2150.88
2111.3
1897.31
1924.74
1922.89
1981.94
1872.67
708.354
1161.59
1976.7
1331.58
2359.4
1985.53
1598
2015.53
1774.99
1923.05
1249.34
1476.46
2247.16
2325.21
1972.74
1820.82
2148.8
1771.3
904.722
1498.12
810.139
2094.78
2249.39
1191.4
1441.19
1442.53
2274.57
1591.94
1459.63
2160.79
1167.57
