617.295
632.677
567.771
767.887
795.46
500.548
826.34
811.329
761.473
803.786
850.189
854.707
580.275
629.983
578.119
439.011
800.442
781.436
724.077
859.047
855.01
878.524
822.074
805.065
773.707
896.72
674.687
804.92
771.659
863.031
894.846
800.704
689.472
795.191
648.15
750.598
781.145
707.751
779.829
763.88
439.527
605.84
383.577
584.294
682.485
809.88
901.459
615.134
892.373
938.34
658.063
840.744
852.948
857.285
835.546
565.557
575.658
532.952
596.107
862.818
751.405
862.928
654.018
755.525
751.535
801.516
841.028
599.151
628.921
758.884
571.316
813.17
849.583
801.804
890.11
749.345
796.864
771.032
617.186
862.229
507.444
631.191
555.59
504.205
635.095
842.652
792.404
873.373
795.558
992.37
801.088
772.061
747.309
629.791
694.787
781.378
732.553
727.313
798.075
551.271
693.976
507.917
460.438
705.874
943.627
809.81
712.635
864.085
696.506
896.389
896.535
833.222
778.185
762.034
782.735
894.086
880.445
738.167
843.48
759.382
743.094
708.738
685.207
639.786
790.647
764.465
831.459
649.894
676.058
908.695
782.682
938.771
873.455
757.683
698.105
878.175
782.469
847.861
765.672
895.645
536.746
572.334
489.716
653.83
799.167
843.796
815.285
786.016
952.734
730.795
634.647
732.972
774.592
591.38
907.863
669.668
670.751
664.401
483.433
718.525
591.985
514.039
593.489
604.212
825.784
737.818
783.61
885.679
592.141
815.198
766.898
752.11
821.852
861.919
757.197
828.323
639.495
792.563
847.827
918.038
810.923
857.294
779.154
785.376
764.865
624.638
691.372
634.931
446.023
885.128
795.51
729.778
707.416
698.576
737.657
725.935
842.959
857.682
798.844
887.912
652.378
461.694
617.392
435.574
513.465
526.4
517.198
523.348
612.923
548.037
663.416
693.893
609.996
514.293
441.466
363.028
514.358
547.007
485.695
642.577
809.444
603.588
648.411
535.43
703.01
512.751
787.77
372.343
669.291
724.792
643.024
684.294
481.149
649.308
573.225
595.525
477.057
528.356
736.83
571.634
521.012
532.699
377.289
338.468
1491.17
435.492
681.071
717.375
456.07
739.499
639.673
607.785
652.872
608.82
628.81
717.882
496.235
373.121
548.527
358.716
787.707
563.799
593.127
579.608
644.363
666.526
557.005
578.416
516.742
537.479
579.152
453.358
637.062
577.542
774.067
530.404
737.076
506.085
728.615
395.653
729.239
386.684
531.918
455.302
458.467
369.424
643.64
632.747
720.358
562.977
710.866
662.068
620.598
472.757
544.785
502.108
661.564
555.567
557.458
488.171
624.998
617.963
397.288
405.474
513.238
1659.53
580.452
557.782
621.027
583.221
774.057
592.268
622.221
522.328
661.688
655.62
656.79
608.589
641.452
668.649
586.229
564.879
532.482
510.337
675.381
573.143
638.566
609.876
583.524
546.884
670.221
639.368
801.724
608.318
568.764
534.56
633.824
658.64
638.855
559.859
641.318
571.763
448.446
359.431
497.391
512.231
845.357
528.263
665.114
703.54
666.751
572.499
469.758
579.334
548.664
595.168
632.548
444.158
534.538
554.306
601.063
409.896
403.823
516.261
529.978
1578.72
527.592
592.56
668.884
528.01
645.457
510.436
639.909
744.463
612.096
518.393
569.332
520.857
686.704
542.144
616.024
677.954
691.968
546.792
606.795
593.391
491.475
614.005
431.879
422.474
640.968
725.046
479.143
582.418
589.12
618.855
614.184
574.533
553.015
785.465
638.954
568.205
425.495
394.131
537.254
449.985
377.152
486.35
583.07
396.871
520.444
586.523
631.242
418.361
461.839
320.251
301.649
545.053
507.121
444.592
581.709
542.32
675.068
604.025
509.548
481.834
606.298
443.925
487.348
571.771
501.665
631.58
503.697
610.833
419.458
513.056
449.391
529.955
449.681
536.24
435.077
371.439
418.102
291.573
343.599
391.264
629.454
560.109
434.425
556.272
638.83
430.161
655.264
442.916
665.095
529.796
394.23
438.199
364.327
404.073
486.502
577.477
616.95
471.374
577.116
543.803
581.752
528.957
507.212
342.983
461.303
464.984
523.064
563.496
572.197
552.392
518.863
563.442
548.298
400.909
464.229
455.463
413.092
356.932
346.226
455.576
481.57
543.086
532.409
580.319
485.627
633.133
519.135
541.788
418.77
513.641
500.201
496.85
501.38
521.205
362.598
548.539
375.879
327.167
448.716
688.078
516.496
461.767
571.982
488.057
564.976
663.227
506.79
504.464
525.346
513.244
599.948
654.261
421.109
516.313
508.942
614.35
457.888
523.747
358.07
616.033
543.097
566.389
456.09
522.267
475.112
693.715
664.645
548.983
492.45
515.312
476.095
578.672
546.965
558.616
559.679
416.238
366.001
361.79
352.213
586.166
538.557
631.093
555.661
572.938
505.615
447.976
515.843
584.114
363.469
529.296
526.397
439.645
449.913
446.9
342.868
572.05
343.639
375.674
462.477
501.158
517.713
497.122
648.157
365.153
625.668
444.221
519.897
575.236
566.91
401.291
664.747
285.397
550.137
570.044
528.916
582.678
589.664
532.944
421.01
640.132
399.348
398.219
508.146
292.909
515.741
632.641
426.15
525.79
484.19
582.948
392.821
643.718
546.383
562.016
537.54
496.576
435.198
1050.24
1041.09
1394.09
1336.01
1086.27
1474.76
1524.75
1463.09
2411.6
1943.42
1540.43
1059.36
1007.31
892.424
889.135
1440.54
1420.01
1414.56
2481.39
2100.25
1638.9
1616.02
1504.43
1525.6
1633.49
1303.94
1483.63
1548.05
2485.94
2060.46
1398.53
1293.74
1380.12
1256.28
1983.74
1371.76
1361.91
1559.16
2155.02
1518.75
933.631
722.184
802.687
1264.51
1599.45
1524.77
1310.01
1495.79
2700.57
1801.23
1598.38
1606
1593.33
1581.7
941.778
1070.21
1077
1078.81
2414.58
2005.15
1590.39
1504.92
1546.96
2113.47
974.084
1560.18
1106.52
1088.53
2216.27
1567.67
1536.21
1474.12
1487.93
1600.96
1642.7
1510.61
1566.04
1127.46
2446.37
1541.17
1055.91
973.588
995.165
1142.64
1486.54
1583.27
1644.1
1510.08
2551.31
1881.14
1389.41
1341.17
1266.61
1287.93
1946.96
1389.55
1461.16
1385.89
2017.68
1711.62
930.851
831.138
1307.46
1509.39
1490.35
1317.57
1544.45
1451.45
2515.77
2221.66
1530.53
1425.75
1473.36
1517.96
1585.12
1691.84
1457.04
1417.27
2412.46
1660.08
1173.07
1113.67
1164.52
1604.82
1624.44
1454.65
1363.87
1400.16
2528.14
2207.31
1692.74
1611.97
1436.68
1386.14
1560.08
1537.88
1559.81
1441.47
2456.35
1576.53
979.041
923.82
1086.69
1420.83
1559.54
1538.02
1538.71
1716.08
1886.19
1814.63
1349.58
1405.73
1172.85
1548.51
1779.85
1260.86
1118.49
1123.13
2128.87
1498.15
984.705
964.119
969.685
1409.28
1421.69
1478.59
1568.84
1118.49
2498.22
1908.49
1390.35
1651.69
1564.85
1418.68
1402.95
1257.3
1574.88
1482.34
2616.9
2079.92
1578.47
1445.14
1473.93
1392.93
1083.12
1223.57
1051.95
814.232
2584.83
2073.73
1441.12
1507.25
1425.29
1416.72
1447.55
1548.7
1556.47
1631.71
2476.61
1774.46
1143.12
2507.14
2662.91
3614.83
3334.71
2560.86
3567.22
3567.15
3558.84
3778.17
3181.12
4096.83
3309.4
2937.61
2266
2628.79
2545.07
4089.43
3157.22
3220.15
4084.4
3714.77
4284.09
4165.51
3241.83
4058.14
3784.08
3406.82
3922.74
3476.92
3651.77
3427.26
3540.53
3227.1
3394.92
3388.33
3488.01
2951.72
3864.81
3691.66
2390.02
2270.96
1854.11
1656.9
3250.16
3406.22
4416.26
2785.89
4303.06
4166.3
3767.87
3049.73
4008.64
4338.47
4226.21
3322.47
2568
2539.09
2979.56
2527.39
3785.96
3506.63
3964.89
3873.11
3835.92
3636.78
4231.45
3576.96
2582.37
3047.92
2475.79
3186.03
4168.57
4077.45
4029.35
4290.59
3944.67
3429.36
3786.34
2943.72
2781.48
2997.62
2037.13
2259.86
2947.81
2893.22
3816.39
3873.17
4009.15
3784.25
3378.78
3231.83
3469.14
3287.59
3152.83
3235.59
3488.92
3501.5
3559.48
3361.66
2005.55
2783.47
2185.92
2153.22
3881.94
4365.4
3532.12
3640.3
3345.19
3593.41
3927.56
4127.86
3653.17
3186.25
4018.9
4144.2
4232.03
4195.5
3250.45
3824.83
3077.35
3577.01
3204.08
2905.84
3435.99
4102.87
4467.43
3569.36
2874.39
3950.37
3833.98
4152.6
4352.38
3714.96
3169.59
3858.18
4104.95
3704.6
4203.62
3788.66
3045.24
2286.52
1975.99
2754.43
3158.23
3945.97
4102.67
4052.29
4348.59
4000.65
1925.57
2935.53
3606.51
3071.47
3449.58
3258.33
3470.53
3047.06
2615.52
2765.51
2646.01
2372.2
2399.54
2569.43
3332.06
3743.19
3333.83
4033.32
4214.12
2440
3474.22
3121.12
3955.01
4029.7
3991.9
3666.24
2951.54
3443.49
4185.56
3550.99
3608.93
3854.88
3887.05
3692.06
3711.35
3150.31
2946.12
3169.22
2649.31
2516.12
3657.47
3419.15
3423.45
3892.06
3216.26
3830.92
3560.22
4195.56
4067.83
3685.18
3557.11
3211.85
