4163.58
4245.84
3755.77
4213.51
4266.41
4196.18
2654.33
3646.88
3949.37
3824.29
3874.21
4110.75
4163
4075.04
4324.88
4207.73
4071.91
4025.77
3926.45
4198.47
3252.87
3197.6
4090.71
4209.51
2298.24
4150.46
4187.21
3995.73
3973.39
4003.32
4217.94
4183.88
4291.05
4058.75
4215.26
4100.01
4081.39
3871.81
2716.71
4255.61
4082.36
4203.64
4186.29
4070.76
4021.94
4286.08
4004.99
4138.56
4109.89
4241.21
4180.83
4081.22
4161.16
4141.56
4280.44
4045.25
3919.59
4284.72
3989.17
4026.11
3933.68
4041.45
4018.54
4170.59
4148.88
4150.34
4101.72
4068.48
3831.44
3966.25
4221.3
4163.49
4002.36
3494.06
3905.26
4103.5
4080.71
4032.36
3887.04
4052.05
4073.67
4260
3910.04
4032.47
4192.62
4027.42
4239.68
4154.97
3883.85
4208.83
4238.13
4169.4
3951.99
4227.65
4163.45
4226.77
4080.94
4088.57
3906.59
4143.41
4283.94
4151.76
4193.88
4069.03
4231.7
4001.16
4239.97
4052.9
3958.46
3984.3
4207.98
4062.66
4037.44
4327.07
4075.4
4015.31
4169.86
4173.81
4096.36
4071.54
4310.87
4130.48
3967.41
4329.59
3419.38
3964.99
4155.99
3907.74
3817.22
4051.39
4179.66
4093.5
3898.23
3993.76
4135.64
4102.1
4090.31
4011.33
3787.14
4010.16
4002.56
4084.78
3928.28
4284.81
3998.42
4262.86
4104.89
3920.54
3862.68
4110.47
3971.15
4178.46
4273.17
4129.45
4098.26
4261.13
4075.88
4093.33
3760.73
2645.61
4138.26
4101.12
4057.82
3959.63
4170.69
4294.2
4401.43
3980.58
3984.82
3956.6
4341.53
4084.57
4213.83
4163.35
4258.64
4279.82
3946.79
3996.68
3831.85
4047.27
4171.71
4187.1
3983.22
4136.1
4123.51
4111.78
4131.22
4191.57
3846.54
4125.03
4056.41
4090.58
4242.38
4244.42
4126.23
4110.6
4056.74
4218.27
3875.06
4179.25
4122.96
2981.34
3091.45
2804.5
3072.64
3002.7
2977.95
2105.46
2565.85
2781.94
2764.53
2853.97
3088.79
2998.74
2820.68
2975.68
3048.84
2940.78
2941.06
2834.7
2975.3
2702.55
2091.38
2994.62
2897.43
1882.18
2996.71
2877.99
2891.59
2829.67
3036.66
2956.91
2965.84
2972.28
2995.55
3115.75
2997.96
2912.83
2990.11
1975.49
2908.46
2960.62
2936.21
3124.64
2972.17
2909.41
3048.85
2966.64
3021.09
2908.53
3030.46
2993.83
3074.73
2934.16
3049.31
3029.53
2940.69
2922.6
3024.47
2866.45
2812.05
2951.2
2863.2
2912.61
2944.14
3027.4
3050.85
2929.59
2905.95
2741.01
2883.69
3011.74
2939.17
2943.75
2481.75
3056.53
2834.3
2912.45
2984.01
2919.57
2902.24
2859.68
3003.85
2924.3
2905.8
2993.79
2899.67
2964.2
3121.95
2766.11
2900.84
2980.91
3060.04
2875.26
3072.84
2990.78
2920.81
3068.55
2962.23
2908.97
2806.35
3029.07
3075.11
2904.44
2881.51
2998.09
3016.15
3129.12
2938.11
2864.49
2806.01
3093.46
2974.72
2952.75
2966.24
3011.73
2941.8
2937.01
2928.36
2913.43
2955.27
3133.12
3056.83
2886.68
3146.25
2482.31
2835.94
3084.86
2896.05
2846.01
2842.85
2934.8
2943.03
2906.82
2936.05
2943.67
2863.69
2932.97
2980.57
2806.57
2892.3
2957.17
2964.18
2885.23
2901.59
2973.85
3072.2
3071.09
2849.43
2769.92
2875.48
2970.67
3076.45
3176.17
2860.93
2960.6
3058.43
3006.47
2961.8
2866.7
1880.06
3055.48
2823.94
2896.69
2975.72
3017.3
3020.31
2998.38
2916.47
2927.74
2856.03
2999.69
2933.47
3017.9
3019.86
3074.46
3031.32
2980.89
3069.66
2778.18
2837.62
2932.56
3013.48
2950.82
2903.13
2932.22
2863.03
3090.18
2952.41
2770.22
2865.8
3004.75
2976.79
3155.7
3086.24
3054.28
2957.65
2876.72
3034.52
2731.01
2894.31
3050.12
2894.19
2884.67
2849.29
2914.35
2984.81
2923.32
1518.74
2881.19
2736.96
2781.86
2750.05
2992.97
2898.76
2838.87
2981.54
2951.68
2844.94
2880.07
2797.21
2839.49
2126.16
2553.66
2934.11
2956.33
1474.77
2871.08
2929.63
2838.88
2820.33
2978.85
2808.15
3031.05
2952.83
2941.24
2952.9
2930.27
2856.14
2512.02
2170.11
2833.18
3054.73
2941.82
2817.76
2869.26
2885.18
2978.65
2967.35
2805.69
2825.77
2990.37
3004.97
2941.74
2920.73
2955.82
2986.78
2860.03
2878.84
2865.48
2856.55
2831.83
2801.85
2802.89
2885.03
2877.4
2924.86
2981.14
2762.71
2886.88
2681.21
2915.4
2955.91
2946.43
2732.56
2587.21
2779.47
2876.66
2867.77
2795.04
2842.27
2825.54
2850.93
2908.72
2815.1
2909.65
2895.36
2983.98
2915.12
2835.33
2822.01
2904.44
2941.75
2876.04
2817.83
2918.96
2890.72
2941.77
2950.1
2757.73
2801.91
2852.65
3054.47
2942.18
3030.39
2811.2
2846.8
2903.07
3016.89
2799.92
2778.36
2836.31
2895.82
2824.67
2900.26
3040.81
2850.42
2959.62
3002.39
2807.9
2955.72
2887.43
2963.89
2828.44
2936.8
3017.93
2379.47
2847.72
2962.57
2753.87
2765.7
2850.45
2891.72
2897.52
2875.98
2839.4
2906.41
2880.7
2836.78
2815
2840.39
2762.81
2902.36
2827.97
2821.52
2941.24
2897.75
2959.61
3001.03
2716.68
2748.75
2816.24
2908.28
2986.42
2989.93
2996.02
2887.39
3020.11
2839.07
2778.14
2454.68
2113.1
2941.69
2820.07
2861.91
2837.52
2988.65
2940.21
2999.1
2763.39
2815.38
2842.29
2958.84
2950.54
2956.93
2941.38
2967.56
2984.35
2932.78
2747.76
2860.07
2889.5
2910.89
2938.61
2764.35
2857.53
2896.6
2923.12
2960.51
2854.67
2763.94
2891.82
2897.1
2888.68
2896.28
2906.96
2956.51
2890.58
2914.98
2890.77
2770.44
2976.99
3016.33
6674.96
6629.07
6724.33
6879.1
7145.34
6646.21
3556.12
6965.22
6473.46
6342.47
6694.4
6848.8
6707.8
6811.83
6751.9
6549.29
6960.07
6678.44
6871.65
6590.87
4028.76
6892.24
6730.29
5778.59
4815.44
6718.48
6753.58
6829.1
6529.05
6852.4
6603.25
6726.62
6965.82
6915.49
6837.89
6814.01
6728.02
4368.64
6946.44
6709.12
6678.74
6938.94
6510.96
6688.52
6754.66
6791.36
6829.66
6893.92
6959.8
6910.79
6781.87
6711.37
6730.6
6954.9
6987.7
6451.85
6666.32
7095.93
6752.24
6509.82
6649.55
6683.39
6441.86
6713.87
6807.39
6713.84
6718.51
6725.37
6589.18
6593.55
6742.88
6730.52
6242.4
6180.81
6565.95
6464.88
6944.3
6757.44
6520.5
6838.66
6692.76
6530.42
6779.78
6593.34
6723.07
6784.51
6673.7
6871.73
6943.57
6808.1
6865.13
6655.74
6609.39
6756.6
6843.35
6555.34
6898.49
6937.04
6397.37
6646.73
7006.44
6666.11
6784.25
6657.17
6789.17
6796.93
6741.33
6764.92
6401.89
6628.01
7066.01
6387.03
6924.2
6851.41
6451.51
6886.25
6836.13
6631.44
7127.57
6569.24
6912.64
6713.3
6716.85
6771.47
5677.43
6668.81
6814.93
6734.51
6465.23
6582.01
6678.22
6880.23
6588.13
6573.7
6733.29
6445.01
6567.61
6950.89
6617.62
6603.56
6258.18
6939.83
6550.56
6815.7
6872.27
6741.56
6672.03
6611.17
6732.58
6576.09
6698.15
7015.69
6919.3
6956.32
6882.52
6758.4
6671.41
7082.45
3817.28
6759.46
6433.81
6579.16
6595.49
6801.98
6699.62
7172.72
6601.31
6888.91
6844.91
6507.64
6904.49
6877.16
6495.51
6848.89
7034.26
6879.99
6687.21
6609.77
6691.89
6650.01
6922.14
6625.84
6630.5
6591.43
6512.47
6993.68
6708.19
6843.94
6935.64
6538.94
6559.38
6932.51
6868.11
6823.66
6782.99
6711.42
6701.01
6962.63
6758.95
6661.13
6777.32
6658.16
6573.24
6852.61
6989.57
7062.85
6970.47
3674.58
7135.73
6787.22
6379.85
6558.84
6898.78
6786.22
6799.22
6845.42
6915.86
6850.6
6879.76
7005.05
6817.85
3961.79
6970.66
6872.08
6261.56
4552.22
6796.64
6805.94
6978.94
6881.91
6978.47
6768.25
6833.9
6914.82
6984.86
6802.27
7058.47
6881.89
4827.49
6784.8
6788.59
6977.46
7008.58
6629.74
7005.49
6782.2
6716.23
6999.58
7223.92
6866.53
7049.19
6976.04
6894.09
7064.59
6939.23
6840.09
6883.55
6690.77
7364.33
6830.19
6611.49
6569.27
6713.16
6743.08
7016.65
6888.89
6727.35
6657.23
7086.79
6616.19
6683.49
7139.23
6752.24
6577.29
6277.6
6684.38
6712.77
6921.35
6913.48
6646.67
6972.38
6863.85
6609.57
6711.99
6479.55
6873.2
6943.56
6902.12
7016.03
7167.47
6729.49
6926.32
6865.99
6796.24
6951.03
6950.15
6645.75
6845.48
7117.01
6773.08
6716.95
7134.31
6854.19
6880.1
6963.31
6824.75
6733.35
7020.52
7090.79
6729.87
6856.82
7039.85
6547.09
7138.93
6936.86
6804.4
6938.2
7001.8
7046.41
7190.6
6840.4
6966.44
6840.57
6831.43
6921.43
5885.53
6870.56
6869.9
6760.46
6592.8
6869.38
6988.2
6855.25
6568.98
6671.83
6691.73
6745.66
6936.71
7046.59
6757.8
6656.58
6574.27
6948.43
6550.28
6897.37
6941.49
6855.85
6847.99
6894.32
6751.94
6767.28
6640.98
7254.49
6986.68
7043.32
6796.14
7019.36
6682.75
7055.36
4452.09
6550.31
6681.74
6845.95
6763.78
6690.19
6958.91
6975.59
6915.74
6977.05
6889.09
6754.54
6937.59
6958.75
6878.91
7012.76
7126.55
6975.78
6665.94
7114.38
6739.53
6704.94
7004.79
6693.07
6817.87
6861.48
6594.86
6965.88
6675.48
6779.34
7086.78
6762.56
6903.09
6792.58
6836.47
6887.69
7011.46
6916.5
6838.4
7176.02
6812.59
6757.7
7014.03
