2272.89
2216.13
2154.6
2219.48
2084.64
2135.44
2305.36
1171.13
2235.54
2103.22
2225.22
2115.19
2287.49
2177.89
2237.46
2236.41
2192.62
2220.75
2193.94
2331.17
2197.98
2288.15
2300.61
2243.76
2257.11
2186.66
1948.97
2250.96
2234.91
2272.72
2259.73
2150.68
2237.31
2235.54
2258.19
2268.82
2130.82
1666.59
2208.6
2328.55
2161.23
2244.81
2234.39
2119.89
2218.38
2073.75
2102.22
2227.69
2249.4
2272.13
2216.39
2189
2253.08
2294.75
2163.45
2300.58
2207.2
2308.53
2218.25
1395.17
2131.24
2280.2
2175.34
2264.57
2249.12
2205.19
2167.25
2169.63
2269.13
2260.71
1342.66
2132.72
2178.03
2210.89
2253.69
2292.6
2264.22
2247.73
2199.89
1776.43
1413.55
2268.05
2269.03
2034.28
2313.95
2257.52
2061.54
2175.45
2255.2
2355.24
2308.97
2208.89
2318
2151.32
2278.03
2298.38
2034.57
2262.09
2117.92
2191.62
2254.95
2316.59
2052.51
2378.88
2299.95
1379.07
2239.71
2249.73
2212.02
2188.33
2196.38
2225.64
2332.21
2348.78
2345.03
2376.14
2319.4
2257.14
2372.32
2199.64
2331.29
2169.31
2314.8
2233.48
2220.4
2180.57
2301.69
2249.94
2275.34
2128.11
2321.58
2292.14
2275.23
2365.25
2272.35
2262.5
2111.36
2352.65
2238.42
2349.94
2318.17
2297.95
2381.03
2164.94
2279.1
2319.05
2280.13
2194.97
2370.54
2324.51
2334.7
2282.83
2342.45
2270.88
2336.55
2201.42
2250.06
2254.12
2238.98
2253.77
2242.9
2146.67
2247.15
2272.69
2153.3
2267.69
1874.45
1618.47
2226.42
2269.39
2247.87
2130.41
2151.62
2237.52
2202.24
2268.54
2298.32
2337.23
2338.93
2251.36
2318.84
2237.84
2166.3
2192.06
2332.89
2343.37
2319.84
2302.47
2247.91
2253.93
2339.78
2247.21
2233.53
2112.72
2240.21
2386.38
2332.61
2273.13
2209.34
2053.57
2226.65
2403.87
2502.42
2415.82
2487.29
2444.86
2374.94
2606.72
1403.23
2544.53
2444.17
2454.93
2500.91
2550.85
2357.16
2595.48
2627.18
2602.34
2485.5
2507.07
2471.14
2481.24
2578.27
2525.96
2605.53
2467.36
2429.27
2102.23
2494.63
2502.18
2509.09
2553.74
2513.09
2500.38
2525.86
2534.29
2563.42
2478.28
2059.84
2313.83
2477.99
2447.62
2498.82
2443.12
2525.32
2517.11
2469.73
2478.72
2467.87
2502.3
2604.74
2443.05
2420.09
2613.34
2471.53
2493.33
2658.66
2597.89
2594.72
2627.1
1558
2477.79
2585.79
2395.95
2502.75
2509.19
2387.63
2542.49
2515.27
2445.16
2582.82
1467.16
2604
2646.27
2451.55
2500.02
2519.16
2500
2529.03
2553.31
2322.95
1433.97
2509.39
2487.66
2492.01
2529.01
2548.82
2288.44
2610.6
2542.41
2601.23
2564.4
2612.76
2534.93
2512.26
2546.03
2543.21
2521.85
2355.21
2570.93
2523
2582.16
2503.38
2412.47
2480.87
2573.77
1466.58
2670.87
2588.41
2514.62
2515.31
2531.18
2494.83
2544.07
2519.35
2485.79
2555.69
2541.78
2492.66
2465.22
2386.21
2446.56
2487.88
2641.38
2432.77
2560.88
2494.36
2507.62
2383.61
2518.43
2350.01
2455.02
2606.22
2634.39
2535.34
2523.83
2560.18
2288.64
2581.46
2535.62
2470.41
2578.21
2546.75
2587.91
2444.17
2550.6
2427.38
2529.85
2456.54
2542.25
2430.61
2514.05
2521.37
2523.09
2508.83
2452.05
2558.42
2604.3
2645.97
2535.07
2504.79
2481.98
2457.35
2495.08
2488.25
2556.11
2505.47
2337.28
1426.81
2405.92
2518.15
2469.42
2387.87
2376.7
2620.4
2501.47
2580.25
2440.65
2578.48
2506.45
2577.28
2524.59
2550.5
2453.4
2353.51
2352.91
2448.64
2517.97
2553.9
2539.96
2451.2
2623.62
2477.37
2467.02
2453.34
2469.09
2484.72
2516.58
2504.29
2492.29
2351.9
2519.8
2376.32
2322.6
2196.47
2337.1
2381.47
2377.3
2321.42
1408.62
2393.66
2266.26
2487.63
2402.22
2389.82
2406.31
2406.4
2392.38
2473.77
2417.7
2404.24
2369.91
2383.62
2530.43
2363.48
2440.7
2481.45
2349.76
2099.39
2384.57
2349.13
2521.3
2294.39
2396.98
2392.81
2456.02
2489.41
2402.7
2470.61
1722.4
2293.86
2387.24
2232.25
2459.45
2353.39
2329.76
2304.51
2344.31
2417.21
2375.28
2362.83
2373.95
2326.01
2370.88
2392.77
2360.01
2411.22
2340.79
2311.72
2396.57
2240.25
1477.43
2260.75
2380.83
2241.72
2329.04
2407.98
2268.35
2355.53
2374.93
2349.5
2481.85
1371.12
2361.02
2348.68
2293.6
2471.55
2270.18
2394.85
2335.43
2330.72
1975.52
1566.18
2396.75
2487.38
2469.84
2372.58
2288.03
2191.61
2360.1
2370.68
2442.53
2248.95
2480.43
2393
2233.73
2315.09
2252.32
2087.6
2199.82
2272.73
2316.22
2249.22
2346.97
2200.39
2408.8
2454.67
1330.58
2268.54
2292.84
2384.97
2322.33
2293.9
2260.47
2310.21
2343.41
2352.46
2437.32
2286.3
2256.63
2284.84
2211.5
2305.59
2299.75
2258.58
2291.4
2296.56
2396.36
2316.95
2294.43
2372.86
2210.84
2358.1
2438.66
2381.71
2305.47
2378.95
2273.26
2183.56
2296.39
2290.59
2360.97
2471.92
2338.68
2337.65
2207.33
2301.35
2325.41
2292.29
2342.55
2338.19
2290.42
2228.05
2349.73
2378.51
2258.99
2184.51
2327.94
2350.27
2288.14
2408.03
2333.76
2215.55
2335.49
2298.8
2312.21
2360.41
2424.59
1857.43
1609.11
2229.07
2409.9
2315.66
2298.34
2293.14
2307.23
2301.93
2378.18
2375.42
2321.55
2337.43
2396.38
2374.45
2417.59
2269.89
2312.31
2295.34
2282.78
2360.29
2411.5
2324.51
2514.19
2341.82
2316.83
2422.01
2308.99
2177.7
2457.9
2368.98
2320.41
2300.48
2173.97
2357.43
2229.94
2333.19
2339.94
2300.81
2395.32
2289.82
2311.76
1499.43
2299.04
2299.35
2365.1
2439.61
2272.8
2393.36
2313.73
2275.59
2348.63
2338.07
2358.24
2383.34
2438.88
2334.02
2335.42
2391.15
2387.14
2100.99
2157.17
2403.25
2329.25
2371.59
2387.62
2350.54
2385.64
2324.63
2407.39
2331.79
2291.63
1645.89
2449.57
2316.06
2240.51
2435.28
2259.69
2353.81
2318.73
2255.75
2322.61
2399.34
2337.77
2356.15
2186.42
2248.1
2280.86
2208.64
2352.79
2331.33
2290.11
2410.93
1937.76
1705.49
2117.18
2292.59
2199.04
2384.27
2309.12
2275.03
2309.22
2302.41
2373.71
2473.65
1344.4
2299.97
2273.89
2325.65
2333.9
2249.14
2392.7
2345.76
2384.57
1527.57
1996.58
2415.04
2336.11
2415.54
2545.61
2234.8
2325.74
2347.44
2368.19
2461.53
2351.2
2291.74
2386.84
2379.63
2337.79
2297.54
2279.36
2437.32
2362.46
2253.94
2232.23
2336.37
2424.55
2410.53
2460.33
1434.11
2455.11
2378.38
2338.24
2302.26
2418.18
2302.93
2287.92
2304.72
2425.85
2372.88
2466.05
2441.61
2426.43
2213.59
2378.79
2444.89
2358.9
2243.45
2338.8
2295.11
2386.31
2420.53
2378.51
2245.3
2473.31
2393.75
2401.23
2400.88
2487.24
2333.82
2198.5
2356.39
2390.99
2449.9
2301.73
2320.46
2367.72
2263.27
2305.04
2394.9
2307.19
2256.22
2399.26
2420.33
2440.35
2279.96
2411.26
2354.19
2301.31
2429.47
2375.91
2306.58
2319.43
2344.95
2415.52
2462.76
2404.52
2155.93
2362.4
2280.23
1625.88
2135.25
2216.21
2371.88
2301.3
2258.33
2269.63
2414.81
2192.28
2262.72
2324.4
2305.56
2344.72
2317.23
2347.85
2301.7
2254.05
2322.83
2276.93
2268.6
2366.19
2333.43
2432.01
2371.14
2369.03
2278.45
2350.96
2177.51
2160.66
2386.71
2347.71
2308.23
2173.66
2306.53
2416.28
2335.04
2279.52
2293.47
2249.82
2380.98
2270.77
2293.14
1439.18
2349.83
2319.75
2443.9
2415.79
2344.3
2266.01
2229.37
2433.14
2391.34
2325.38
2394.16
2362.5
2422.2
2306.44
2391.53
2284.03
2287.17
2185.83
2056.75
2353.89
2319.37
2345.05
2396.63
2246.3
2394.49
2386.5
2314.02
2362.09
2401.49
1580.02
2336.24
2191.52
2344
2299.39
2272.64
2421.24
2414.4
2272.78
2375.61
2291.93
2394.34
2390.36
2225.21
2304.46
2336.03
2328.92
2307.96
2458.93
2299.27
2332.67
1835.41
1768.06
2356.7
2439.14
2196.87
2293.85
2281.79
2397.66
2402.02
2351.4
2358.92
2177.62
1333.28
2343.93
2480.79
2323.77
2436.61
2227.11
2381.35
2255.88
2419.11
1451.94
2033.82
2394.37
2464.68
2367.86
2350.8
2310.88
2379.74
2361.57
2319.96
2374.4
2374.13
2377.38
2344.72
2231.81
2356.37
2414.3
2244.77
2421.05
2314.8
2417.75
2367.82
2204.86
2349.22
2382.29
2306.55
1309.78
2326.53
2269.63
2430.86
2278.25
2367.44
2369.61
2362.46
2386.3
2428.9
2414.63
2318.98
2361.09
2404.89
2249.79
2352.17
2386.99
2396.21
2255.7
2325.23
2244.8
2289.3
2372.25
2328.16
2157.36
2389.65
2371.02
2318.44
2444.03
2357.51
2378.93
2213.62
2356.65
2246.09
2396.74
2333.39
2292.69
2465.52
2248.09
2371.68
2405.39
2270.46
2328.61
2284.22
2398.34
2336.41
2328.24
2406.78
2317.29
2462.88
2372.07
2326.54
2300.2
2412.82
2304.41
2309.36
2291.02
2353.93
2220.54
2395.57
2372.88
1588.02
2077.63
2247.15
2247.57
2246.82
2259.58
2379.16
2308.16
2339.11
2353.5
2341.01
2328.5
2404.73
2340.23
2355.81
2398.23
2257.96
2311.11
2362.78
2407.14
2333.34
2357.8
2248.46
2319.9
2387.51
2286.45
2261.47
2183.62
2271.41
2279.67
2307.86
2276.7
2092.38
2308.62
2325.54
