826.435
1716.15
1383.31
1472.81
1249.36
718.267
1378.75
1637.25
1371.86
1064.35
1185.04
1607.99
1549.64
1301.39
802.458
940.17
1434.34
814.992
1051.95
953.793
1446.82
1477.99
1192.16
1542.53
1141.58
1188.34
1584.28
1041.13
1306.9
1618.46
1241.65
1278.15
1016.53
780.12
1187.41
1080.43
1094.45
914.32
1339.97
1289.97
1660.7
1093.75
1110.72
1199.46
1246.28
1016.74
942.719
682.438
1698.59
1175.2
1039.02
1286.7
1138.1
1370.04
1285.49
1119.45
1037.88
953.265
982.929
1898.8
1324.05
1507.86
933.272
1530.56
1385.44
758.999
1139.43
1305.25
697.125
1237.64
1462.67
1333.38
1233.36
1147.7
1391.7
999.955
949.626
1453.04
818.757
924.292
893.508
934.491
664.037
1443.01
990.124
1427.36
1208.41
1014.26
1092.73
1310.87
975.886
1154.16
1064.91
1210.92
1281.89
1505.62
1088.07
857.583
1378.44
1465.3
1351
989.356
945.353
947.635
1436.46
1341.28
1319.9
627.408
1017.22
1378.13
1501.25
1578
958.995
1423.79
1152.2
950.215
1082.12
970.304
1009.72
1477.98
980.931
1079.86
711.756
1187.49
1629.39
1384.83
1123.61
1260.82
1001.7
1151.09
1593.31
1159.19
1270.81
1542.84
1154.43
1200.97
1213.5
948.439
325.931
859.277
934.439
1315.58
1525.59
1416.6
1330.94
1011.51
1429.11
955.696
1141.91
792.957
1164.94
1366.31
1250.11
1418.89
826.567
1702.3
959.085
1035.86
1200.71
953.416
929.084
1280.74
1490.08
1443.85
1153.23
1284.37
1162.05
1376.41
1223.23
1141.01
649.207
732.042
1211.21
1504.09
868.188
1247.13
775.089
1365.38
1296.95
818.895
1442.27
1173.48
962.314
928.039
1016
1316.73
1688.29
1327.16
839.794
1186.55
1417.58
1191
933.009
953.561
1498.58
742.617
969.368
1343.55
1176.25
929.073
1017.7
2478.69
2228.32
2220.61
1901.44
1337.85
1586.6
2525.22
2299.04
1793.49
1779.35
2249.49
2350.88
2264.66
1280.31
1153.73
2105.28
1288.87
1576.09
1568.08
2145.69
2219.59
2259.77
2093.46
1806.46
1908.54
2179.45
1870.03
1804.95
2544.02
2275.64
1897.37
1873.07
970.233
1778.83
1676.78
1735.11
1359.6
1819.09
1999.28
2506.26
2077.44
1493.85
1584.81
1935.22
1294.11
2126.03
698.737
2340.25
2432.05
1370.6
2041.21
1721.47
1922.15
2121.29
1619.79
1701.32
1501.95
1528.62
2481.22
2281.36
2258.53
1738.64
1905.77
2400.77
1604.8
1407.36
2150.53
1275.5
1565.76
2258.21
1944.66
2135.97
1585.4
2094.77
2126.63
1097.1
1903.08
1379.78
1382.66
1401.21
1860.64
798.622
1946.32
1782.21
1813.38
2273.32
1528.74
1453.36
1773.02
1439.58
2087.62
1611.64
2005.71
1924.88
2080.8
2210.07
1528.82
1798.59
2383.5
2078.73
1483.72
1758.38
1012.08
2356.62
1755.33
2059.43
1128.32
1400.84
2009.97
2356.01
2587.35
1676.31
2069.46
1943.66
1622.77
1716.19
1450.44
1758.07
2135.23
1448.07
1672.46
1228.69
1648.03
2448.78
2493.26
1609.84
2166.81
1644.77
1494.01
2425.14
2180.44
2121.96
1980.84
1756.07
2287.19
1656.06
1857.54
628.548
1108.65
1214.18
1816.08
2083.53
2560.98
1982.64
2001.88
2061.21
1674.22
1776.04
1388.3
1775.59
2311.42
1971.58
1926.99
1972.9
2067.23
1704.73
1630.44
1781.31
1270.91
1510.69
1843.54
2454.53
1991.13
1874.61
2003.34
1940.38
2259.82
1569.69
2100.91
1054.31
1062.48
1966.73
2243.13
1579.55
1924.24
1391.32
1697.58
2078.61
1186.96
1872.5
2273.37
1497.18
1590.96
1834.17
2022.99
2380.68
2202.34
1600.63
1584.07
2032.04
2078.66
1776.47
1624.04
1969.71
1614.68
1221.27
1859.3
2051.33
1627.88
1294.78
1466.65
1640.25
3619.52
3001.28
3167.57
2535.84
1403.95
2849.83
3299.75
2845.94
2297.55
2598.76
3294.02
3136.72
2735.62
1528.85
1853.91
2912.16
1751.39
2187.45
1987.89
3081.94
3133.86
2552.25
3157.24
2402.11
2381.48
3171.98
2074.75
2640.83
3481.59
2712.61
2620.02
2414.81
1451.61
2760.41
2301.61
2218.07
1928.94
2738.56
2695.61
3485.39
2327.96
2290.38
2440.11
2502.47
2057.67
2115.15
1225.16
3557.22
2696.25
2109.2
2835.43
2193.76
2812.62
2778.24
2448.28
2119
1999.49
2063.92
3673.24
2859.16
3075.48
2037.02
3132.44
3031.44
1658.63
2289.22
2770.61
1401.13
2538.3
3200.69
2631.44
2667.16
2389.89
3016.86
2307.94
1864.87
3043.62
1854.61
1929.3
1829.14
2034.66
1412.2
3012.59
2193.57
2910.67
2769.52
1992.71
2194.84
2541.39
2080.7
2519.77
2160.62
2533.82
2643.99
3001.39
2567.81
1849.77
2791.39
3097.77
2833.16
2053.8
2122.74
1920.89
2962.46
2720.91
2889.42
1204.36
2062.62
2917.55
3301.97
3243.07
2070.84
2987.05
2366.82
1960.55
2354.11
2000.24
2180.23
3108.78
2067.36
2267.55
1458.41
2495.11
3464.53
2993.73
2262.1
2710.07
2036.65
2360.78
3465.75
2445.16
2887.21
3114.5
2564.65
2530.22
2465.6
2265.5
653.229
1751.88
1930.85
2859.36
3218.47
3135.01
2869.31
2193.73
3008.05
2088.16
2377.46
1826.93
2497.82
3051.57
2830.43
2928.53
1921.26
3411.18
2076.72
2095.94
2543.12
1855.21
1949.13
2622.45
3354.14
2983.32
2427.26
2781.08
2495.93
2992.65
2377.33
2620.03
1252.76
1474.48
2691.24
3141.27
1911.73
2721.33
1682.75
2744.26
2813.18
1659.87
2990.19
2781.27
1887.12
1906.16
2237.27
2714.28
3508.04
2799.21
1995.44
2582.97
3100.7
2515.03
2184.2
1853.75
3109.92
1665.46
1897.34
2927.01
2420.32
2101.69
2106.5
1047.26
1857.9
1438.14
1509.75
1204.58
839.254
1559.34
1702.98
1441.78
1175.47
1326.31
1801.35
1608.81
1089.68
893.788
1133.28
1274.16
758.758
1278.45
1056.09
1571.45
1618.95
1281.02
1533.14
1185.24
1420.44
1760.25
1033.47
1447.49
1838.9
1345.96
1338.75
854.837
1123.12
1158.76
1039.3
1131.81
1011.5
1554.86
1411.58
1765.56
1156.21
947.409
1383.38
1170.16
1220.69
756.759
1087.57
1885.35
1220.46
1194.79
1211.41
1269.99
1504.95
1055.52
1289.59
1193.77
1055.14
1156.87
1707.16
1521.69
1590.64
1030.36
1552.25
1404.28
901.558
1252.56
1505.62
818.455
1292.66
1530.12
1430.56
1265.8
1326.38
1418.12
1010.56
1027.07
1424.55
638.696
982.501
1441.91
702.895
845.289
1481.68
1201
1455.58
1088.17
1236.78
1020.9
1298.71
1312.01
1154.05
1241.26
1334.23
1285.86
1575.28
1039.68
1042.14
1496.82
1658.3
1275.07
1058.32
898.565
1280.21
1478.46
1310.06
1231.73
680.466
1222.61
1606.09
1568.81
1377.47
1287.76
1494.11
1115.74
1175.14
1129.37
1010.38
1214.86
1357.47
927.799
1099.39
836.39
1481.73
1794.94
1222.07
1376.24
1374.5
1085.7
1231.86
1812.04
1216.48
1413.44
1434.45
1443.65
1182.98
1318.38
799.991
552.762
844.877
1036.04
1226.62
1622.35
1436.2
1687.77
1107.13
1421.09
869.935
1519.83
760.82
1495.08
1402.51
1257.36
1638.43
976.525
1564.93
1118.11
1280.24
1028.26
922.215
1095.56
1418.8
1544.93
1518.23
1173.35
1509.04
1384.47
1268.74
1254.4
967.904
784.431
1114.67
1101.48
1633.75
1214.88
1248.63
892.258
1452.74
1189.52
836.743
1578.13
1036.08
1227.07
1182.12
1250.84
1466.32
1675.67
1328.16
975.929
1293.06
1494.18
1289.56
1033.34
1159.41
1409.81
739.413
1213.03
1569.62
1134.6
856.262
1028.68
1530.33
2805.98
2180.48
2148.8
1882.45
1217.54
2438.25
2623.02
2118.88
1729.73
1869.64
2722.36
2461.36
1791.43
1368.9
1782.4
2050.02
1234.32
1924.47
1516.91
2225.29
2297.84
1927.66
2327.26
1831.27
2029.28
2620.68
1570.61
2170.65
2883.4
1978.46
1918.44
1352.03
1575.86
1953.1
1713.71
1796.2
1470.46
2289.31
2018.25
2650.94
1826.34
1509.8
1997.57
1957.62
1832.44
1162.91
1415.07
2898.73
1792.42
1845.72
1816.33
1908.11
2354.4
1831.68
1801.6
1598.47
1528.77
1822.45
2578.36
2254.73
2390.98
1544.2
2360.76
2122.87
1334.26
1903.97
2165.59
1207.7
2095.34
2404.46
2053.72
1971.98
1933.24
1934.51
1461.59
1631.1
2205.65
1130.5
1520.03
1773.03
1217.55
1211.18
2340.72
1822.09
2280.56
1721.82
1868.4
1619.83
2068.43
1845.64
1788.31
1697.32
1747.77
2114.09
2447.82
1562.93
1526.6
2469.34
2485.5
2011.75
1515.26
1365.34
1842.55
2103.1
2146.28
2017.16
999.511
1777.51
2299.99
2395.23
2383.59
1780.94
2212.04
1783.67
1648.65
1738.84
1507.01
1682.71
2339.62
1421.56
1715.59
1223.93
2188.74
2708.8
2013.53
2062.76
2144.89
1615.4
1842.99
2774.78
1850.54
2139.57
2207.93
2078.97
1876.09
1999.15
1307.67
731.963
1411.31
1527.96
2117.45
2463.45
2221.56
2446.82
1596.88
2224.27
1201.97
2116.7
1165.5
2204.01
2206.81
2023.4
2242.99
1376.98
2563.3
1672.63
1834.84
1622.91
1394.05
1718.55
2178.06
2436.64
2369.44
1887.57
2188.01
1983.14
1955.93
1756.71
1529.11
1197.74
1562.2
1665.37
2617.64
1776.65
1960.69
1368.28
2221.65
1847.07
1135.57
2354.61
1701.67
1827.59
1698.61
1796.64
2328.08
2693.66
2168.25
1473
2051.14
2234.68
1626.5
1386.7
1739.51
2253.65
1163.79
1738.8
2310.94
1802.08
1425.47
1716.33
