863.376
939.729
925.561
947.404
945.431
891.489
886.334
977.679
876.58
1003.29
915.709
970.861
874.991
925.767
895.785
904.704
883.249
825.996
549.882
858.126
871.079
876.986
930.364
922.911
931.035
929.909
944.105
930.484
915.182
926.701
908.118
885.026
987.798
907.371
925.234
1031.79
873.452
915.572
998.985
946.315
974.429
968.119
942.491
572.617
987.719
902.303
869.508
990.904
995.657
972.974
1031.38
959.799
961.293
570.735
1028.35
936.102
1026.19
752.642
958.558
934.216
884.84
993.315
995.071
947.556
1002.74
957.076
938.664
1009.35
997.574
700.61
891.129
998.372
994.348
1071.16
993.414
979.436
944.649
1039.91
970.172
951.588
972.015
1022.74
932.263
977.247
980.799
747.829
974.59
1057.48
965.274
944.421
967.344
978.054
1008.92
966.406
946.115
855.646
696.529
976.27
1033.94
992.825
991.786
913.585
842.32
993.447
834.1
1047.38
1050.06
1027.22
983.738
973.645
971.557
982.77
985.425
980.26
950.51
978.66
972.264
1034.42
1033.87
867.315
1013.29
958.466
1000.11
1012.55
1014.27
1054.54
958.631
942.361
1015.88
949.227
978.681
1011.49
993.136
987.064
1052.06
942.827
1005.13
610.774
978.164
872.8
920.182
962.389
811.833
1002.39
1024.55
981.435
856.965
1023.66
696.019
1007.85
983.083
951.051
980.393
941.333
1009.11
955.502
980.446
560.238
997.289
996.793
950.131
1011.84
963.877
926.597
1003.29
1005.19
985.177
1003.56
1002.18
953.718
587.317
996.276
1032.06
996.17
1023.73
836.887
956.09
976.069
1009.03
973.388
968.439
1009.78
1039.05
962.596
1001.38
873.154
961.653
886.805
1017.73
900.163
1036.19
668.653
925.435
1017.17
1044.98
1010.79
945.32
856.019
1019.6
938.09
1061.67
1011.26
1053.24
992.217
1016.57
1101.67
939.832
1015.32
967.011
1026.31
1012.86
1016.05
985.698
986.853
1040.5
994.652
973.786
1056.93
984.803
621.993
1002.57
981.647
1030.52
1064.32
1044.92
1121.73
1079.94
1072.36
1021.93
1147.17
1071.3
1027.72
1078.59
1056.13
1094.51
1109.35
1030.7
1013.19
1078.36
1067.61
1048.57
1074.43
1046.43
834.816
736.437
1123.84
982.261
1078.88
1082.31
1122.02
1112.45
1109.6
1100.27
1036.29
658.047
1119.26
1087.32
1118.59
925.564
1165.68
1125.04
1125.22
1154.45
1082.85
1117.95
1082.3
1028.65
1057.55
1105.89
1092.45
637.775
1039.56
1070.87
1161.5
1070.13
1026.28
1094.96
1112.88
1146.42
1042.12
1120.55
1012.35
1057.1
1143.27
1038.65
1114.19
859.108
1057.67
1098.66
1119.4
1131.96
1065.78
1127.11
1118.86
1110.48
1110.79
645.869
1131.76
1164.12
1079.41
1114.21
1129.12
1200.91
961.513
950.627
1045.1
1069.14
1131.15
1133.54
1121.89
1095.89
1057.42
1151.09
1158.16
1089.25
1145.73
1165.21
1098.43
1145.15
1021.64
1027.99
1078.83
1088.05
1154.6
1047.63
1168.7
1078.64
1138.89
1148.24
1100.08
1121.74
1100.27
1084.82
1130.81
1164.34
1095.65
1109.34
1092.57
707.865
1101.59
967.057
1116.04
1105.19
922.292
1128.25
1121.17
1147.47
964.492
1077.15
844.806
1130.68
1067.86
1101.56
1053.98
1111.12
1080.54
1149.99
816.042
949.164
1128.86
1100.37
1056.15
1062
1130.92
1099.88
1151.16
1136.21
1109.14
1058.94
1102.24
1074.65
689.658
1041.68
1116.17
1134.44
1108.14
966.551
1058.4
1139.97
1106.32
1092.65
1113.15
1163.6
1070.35
1069.06
1063.82
981.05
1136.59
999.74
950.099
1168.15
1113.5
633.474
1049.92
1133.01
1114.38
1058.07
931.273
1055.8
1098.26
1042.16
1064.74
901.631
963.693
929.622
913.341
923.324
990.976
1020.07
912.485
954.046
1036.01
924.499
964.313
928.659
928.454
956.011
982.997
934.961
904.076
522.766
978.126
915.16
898.909
884.888
1007.26
978.073
936.191
1056.42
997.84
974.056
961.264
891.579
999.177
989.907
979.895
896.426
1026.03
1067.72
996.228
1076.23
928.553
987.529
1017.88
1007.16
577.461
997.655
811.422
1024.32
1037.55
1038.97
1040.48
1047.9
1001.58
975.609
573.301
978.321
989.397
1014.68
797.587
972.523
1065.24
1016.14
974.886
984.263
1001.18
1017.05
981.506
1023.02
958.142
986.089
619.458
994.137
1020.39
1047.44
1030.04
1036.99
1049.01
1000.09
988.474
1080.02
1065.61
997.798
1076.02
1021.01
1049.5
1037.48
813.692
1031.65
999.808
995.032
1045.89
985.302
1022.75
1009.8
1017.2
1052.16
706.297
967.041
974.32
1032.85
1049.02
1010.61
1029.41
883.349
986.492
884.162
1027.29
960.724
1023.97
1037.53
1015.28
1121.36
1005.66
1043.27
1037.31
1059.86
1047.07
1057.57
1069.25
995.61
868.875
1019.66
1008.87
995.949
1063.1
1086.5
991.392
1023.36
1044.58
1013.96
1008.88
1028.05
1070.28
1068.59
1079.54
1056.06
1060.66
1079.95
649.463
1090.61
931.207
1099.71
1096.81
924.225
978.004
962.307
1088.04
908.047
1033.02
770.941
978.259
1037.01
937.148
1033.09
1069.41
1058.31
1047.73
941.03
718.123
1015.02
985.801
1128.44
991.064
1048.83
1001.08
1019.55
1008.75
994.243
1022.68
1046.8
876.833
586.907
986.984
1020.56
1050.51
1037.02
937.853
1032.86
1005.73
1004.91
997.349
1006.9
965.218
988.131
961.172
1073.95
857.419
999.811
832.621
921.059
949.935
1040.41
634.755
1029.33
1029.61
1014.19
1087.2
979.006
990.216
1033.65
1097.39
1026.82
941.345
916.239
864.239
927.539
973.265
1005.37
921.947
980.815
964.029
977.654
982.362
891.803
995.793
966.757
983.726
980.861
924.525
569.165
974.47
894.046
888.889
961.459
1025.18
946.891
947.769
976.81
926.706
991.193
921.982
925.349
936.582
1017.09
1040.04
1082.66
1054.43
1000.41
1013.37
999.823
970.993
989.1
1089.09
1023.89
584.039
972.748
933.515
941.912
1021.25
995.767
1015.21
988.981
1065.94
1035.44
597.396
1042.11
1028.13
959.338
862.03
951.017
1044.45
1031.31
997.887
1006.3
949.965
1033.99
1044.44
1055.39
1017.2
1042.48
607.075
1057.36
1027.47
960.124
970.837
1009.29
1020.33
1118.01
1006.19
1071.39
976.25
1054.09
1059.9
999.432
1051.78
1052.98
785.706
985.893
1034.82
1040.33
995.704
1058.96
1037.77
1052.54
1052.41
1073.5
843.961
791.858
1005
1035.11
1048.49
1053.66
1064.27
814.801
1079.82
920.746
1034.82
1077.11
1031
1021.43
1082.32
1079.11
1089.09
1054.34
1015.3
1042.15
1036.9
993.186
1067.2
1061.57
803.935
1095.83
1072.08
1023.98
993.776
1067.66
1055.88
1038.7
1080.73
1018.23
1017.91
1025.63
1098
1080.49
1025.29
1047.58
1036.39
1007.7
606.179
1059.88
892.128
956.265
1078.1
895.267
1021.32
1045.32
987.091
869.156
953.814
790.23
1051.96
1009.86
1059.53
994.533
1023.12
1045.22
1021.79
1024.94
682.091
980.372
1047.03
981.764
1056.3
1066.74
1050.01
1067.46
1048.55
1088.27
997.494
1024.53
975.918
655.691
1032.62
1071.61
1016.72
1009.5
877.189
1043.05
1050.56
1057.42
1065.28
1036.86
978.453
1068.06
1096.96
1042.6
861.737
1025.85
900.52
1051.74
894.081
1010.86
767.67
854.273
1106.7
1057.51
1029.73
973.438
1053.71
969.497
1046.6
1048.47
1051.97
910.565
958.435
899.754
956.648
931.231
968.364
969.543
871.221
933.568
932.615
924.535
1007.15
872.438
846.973
964.999
898.85
925.418
719.504
671.066
930.077
867.689
991.033
947.054
881.246
961.047
930.631
926.555
971.337
948.431
914.242
948.594
994.833
1113.69
981.308
951.943
980.204
1089.81
1007.85
1008.44
1020.98
1004.08
1052.96
705.932
834.88
1044.62
782.306
968.463
1009.71
985.121
1036.22
1034.63
1037.68
862.903
630.541
1004.7
965.486
1011.73
824.594
995.264
1018.59
1055.43
1015.43
965.591
986.837
972.334
1020.05
1037.27
1011.78
974.69
590.995
1057.17
928.962
954.24
1032.73
1011.2
1035.52
946.092
1001.78
1055.98
993.307
968.826
1010.38
998.479
1020.67
1016.82
815.814
967.834
1029.48
970.909
1041.92
980.63
1018.79
1010.34
946.854
1060.87
612.578
1008.75
1006.08
1002.17
992.621
1063.56
1035.36
876.347
917.941
1083.9
994.498
1055.18
998.62
1072.56
968.211
1037.17
1010.9
1029.52
984.439
1125.43
1005.74
984.152
1001.25
843.344
988.118
1066.95
1008.52
1036.72
962.537
1026.23
991.713
1031.43
956.351
1028.93
991.279
1094.66
1007.51
1045.98
999.998
1000.75
1012.02
992.629
685.568
1028.9
865.333
1013.71
1018.2
907.447
1046.05
987.027
903.131
1069.03
919.382
871.912
1052.01
1063.79
1106.94
1007
1027.25
1004.39
1090.23
610.305
1070.21
1039.62
953.648
1079.68
1026.47
1068.59
1044.1
1088.91
1035.09
1100.89
1037.94
1017.65
791.144
806.913
1027.93
1007.34
1028.77
1014.35
947.252
1043.8
1038.33
990.113
1071.07
1067.02
1026.99
1015.53
1011.5
1001.74
890.962
993.595
919.771
925.632
1010.72
1076.64
614.496
1011.44
965.764
1058.3
1051.54
877.185
1064.29
1071.36
1027.6
1007.35
