1844.49
2116.94
1800.19
1973.34
2006.73
1732.58
1513.27
2392.8
2213.62
2521.24
2025.84
1573.98
2051.67
1407.89
1644.45
1928.43
1505.79
1975.4
1940.84
2081.99
1704.21
1916.98
2349.46
1690.94
1907.07
2260.34
1960.01
1968.35
1649.55
1167
2129.69
2031.59
1606.19
1907.04
1568.09
1887.03
1784.13
2264.71
1916.35
1802.89
2056.63
1381.34
1841.74
2335.04
1601.72
1166.52
1037.23
1504.16
2392.75
2243.03
1720.38
1074.24
1294.23
1968.11
2424.5
1703.63
1403.13
1864.69
2218.74
2100.23
1763.22
1804.87
1950.17
1870.34
1381.69
1352.84
1497.97
1690.37
2020.73
2533.67
902.485
1784.62
2485.29
2114.57
1485.09
1830.19
1925.37
2281.22
1962.59
1774.26
2179.57
1816.42
2071.64
1972.62
1539.2
2053.57
2068.88
1473.38
1490.88
1621.78
1167.05
2200.17
2311.04
1921.28
1587.14
1723.65
2185.14
1807.25
1568.16
1427.06
2323.57
2086.34
1504.59
1800.28
1861.04
1598.32
1667.55
1381.85
1575.14
1890.39
1773.37
937.927
2060.31
2573.62
1880.98
1493.4
1987.62
1808.34
1930.99
1834.71
1949.28
923.965
1533.03
1623.73
1987.89
1338.4
1498.9
2131.95
2407.27
2376.38
1194.63
1316.74
2140.94
2180.32
1677.5
1326.36
1189.34
1298.04
1806.8
2307.99
1633.72
1768.7
1722.11
2133.18
2201.21
1991.26
1343.16
1464.32
2432.93
1555.97
1366.73
1435.97
2247.36
1766.63
1556.54
1471.13
1771.52
1388.5
2032.9
2511.61
1752.77
1834.55
2183.05
2288.85
1834.8
1431.28
2043.62
1828.75
1271.91
1681.86
1813.65
1614.3
1158.09
1742.08
1736.45
2207.81
2134.89
1874.07
1667.93
1972.71
1858.59
1962.4
1580.01
1630.72
1662.22
2372.58
2199.63
2039.58
1608.05
1373.75
1179.18
1757.49
1969.64
1413.44
2136.34
2218.1
1641.32
2193.72
1646.64
1997.94
1952.22
1976.3
1535.88
1635.81
1810.84
1794.68
1397.96
1934.18
2049.26
2155.65
1926.67
1303.33
1682.33
1479.71
1482.72
1721.15
1546.41
1543.29
1829.85
1685.68
1524.37
1610.97
2012.94
1585.84
1713.35
2188.66
1861.14
1803.51
1723.71
1023.41
1496.08
2027.54
1341.97
1776.9
1385.74
1735.37
1732.39
1810.49
1697.18
1423.46
1962.91
1618.63
1202.03
2203.57
1601.21
1217.01
1004.22
1033
1952.2
1931.14
1667.26
1257.63
951.688
1547.02
2063.79
1673.13
1141.38
1664.96
1948.11
2163.72
1571.95
1460.64
1907.13
1734.6
1142.53
1323.62
1240.31
1686.76
1609.31
2197.58
1173.34
1259.71
2164.12
2090.93
1756.77
1493.27
1648.43
2221.22
2107.53
1507.92
1885.19
1496.9
1741.86
1669.83
1390.55
1705.51
2175.08
1404.39
1261.68
1395.01
1352.49
1780.36
1977.64
1820.46
1265.2
1409.67
2014.31
1771.95
1378.6
1177.27
1719.27
2102.59
1373.87
1710.56
1699.82
1352.24
1467.98
1419.39
1406.91
1654.63
2001.35
653.692
1660.88
2313.87
1942.62
1284.03
1624.17
1667.15
1661.19
1578.72
1710.76
939.833
1429.95
1534.24
1941.57
1497.39
1185.15
1565.74
2192.27
2141.83
1313.08
869.283
1710.13
2037.01
1891.66
1283.34
1191.23
968.739
1462.37
2061.82
1661.17
1342.56
1444.82
1966.02
2010.6
1809.97
1181.17
1230.25
2211.78
1470.94
1433.03
1180.84
1814.34
1894.04
1410.62
1429.25
1448.67
1467.22
1549.67
2179.61
1689.06
1596.83
1775.46
2038.16
1473.43
1414.69
1813.5
1555.19
1394.41
1096.79
1434.77
1482.77
1027
1474.83
1479.58
2065.18
1947.74
1700.15
1770.86
1555.62
1653.34
1624.86
1452.93
1356.43
1544.88
1859.92
2017.73
1711.75
1600.96
1514.87
935.267
1326.68
1951.7
1177.66
1926.43
1971.51
1427.4
1817.48
1616.69
1803.89
1770.14
1247.82
2268.3
1837.38
1936.1
2079.41
2051.24
1524.73
1976.7
2409.89
2478.87
2308.54
1596.38
1767.12
1704.75
1522.47
1982.67
1742.24
1653.53
2110.05
1868.36
1853.07
1859.98
2339.92
1886.02
1811.89
2328.61
2088.67
1934.04
1903.15
1184.46
1603.41
2488.04
1505.84
1817.8
1629.13
1983.69
1915.02
2159.12
2058.81
1706.32
2228.44
1773.19
1311.56
2286.84
2007.44
1451.69
1133.51
1158.65
2236.76
2113.98
1994.65
1354.63
1051.92
1818.04
2361.59
2052.94
1235.44
1883.02
2204.96
2493.18
1945.45
1591.09
2111.32
1984.37
1277.96
1678.22
1337.28
1945.06
1598.67
2630.07
1330.45
1365.12
2404.62
2360.71
2082.04
1621.47
1845.36
2400.22
2406.1
1583.71
2060.16
1910.89
2033.69
1823.78
1826.94
1792.35
2463.67
1609.33
1458.97
1497.32
1525.36
1871.48
2243.34
1991.13
1744.97
1772.18
2096.52
2136.39
1515.52
1305.41
2043.57
2601.14
1635.09
1576.26
1971.42
1696.56
1734.92
1523.52
1504.36
1816.95
2140.75
765.58
1615.13
2669.03
2270.13
1516.98
1770.02
1963.23
1689.63
1965.62
1912.63
1215.06
1360.7
1781.74
2255.98
1682.23
1379.92
1734.26
2334.36
2681.39
1673.9
959.337
1783.63
2366.99
2223.55
1484.59
1472.89
1132.34
1536.91
2391.84
1931.17
1448.84
1611.32
2301.72
2203.37
2282.24
1443.06
1329.51
2449.81
1792.89
1666.55
1122.22
1811.96
2212.13
1562.03
1661.91
1521.02
1733.65
1607.21
2656.75
2124.36
1623.5
1810.26
2433.81
1995.13
1785.59
1942.93
1945.48
1832.18
1153.79
1602.21
1729.99
1112.18
1567.4
1737.29
2103.59
2381.39
1756.06
2069.29
1829.64
1984.86
1894.43
1671.06
1467.86
1905.99
2066.85
2133.53
1967.12
2032.14
1738.49
1128.9
1412.53
2084.59
1369.72
1998.76
2353.39
1554.14
1981.35
1771.4
2126.82
1990.09
1607.9
1531.71
1481.1
1234.09
1598.38
1642.12
1347.39
1218.23
1785.64
1780.32
1838.71
1520.74
1324.67
1583.18
958.152
1425.31
1574.42
1029.61
1469.6
1523.71
1591.09
1333.09
1527.66
1745.34
1343.65
1610.1
1615.81
1466.98
1601.89
1175.74
918.569
1739.09
1359.63
1373.04
1526.1
1291.16
1505.49
1363.52
1734.29
1389.85
1404.41
1429.08
1017.84
1756.12
1647.24
1263.34
955.714
734.386
1336.36
1765.87
1665.13
1326.04
660.417
1253.97
1557.35
1849.66
1178.33
1168.6
1480.15
1766.01
1616.86
1243.86
1378.19
1315.85
1321.19
1140.7
1022.23
1370.27
1421.56
1767.22
1759.34
746.52
1535.36
1841.39
1694.61
1200.79
1382.34
1690.82
1782.79
1382.8
1470.84
1465.87
1468.62
1506.78
1535.62
1191.7
1747.1
1660.34
1115.73
1195.97
1185.34
1062.44
1890.58
1616.86
1439.75
1238.17
1273.66
1652.76
1370.61
1240.41
1220.24
1778.46
1507.19
1196.77
1485.25
1316.48
1251.73
1208.9
1186.14
1265.04
1641.16
1256.36
763.862
1800.91
1878.99
1342.48
1163.66
1579.13
1347.39
1390.68
1370.8
1474.52
658.759
1429.01
1470.75
1514.38
1077.22
1157.08
1707.69
1887.34
1748.08
755.222
1125.11
1670.54
1721.64
1240.09
1115.77
963.413
1045.03
1486.06
1768.85
1132.22
1360.55
1514.59
1660.84
1899
1449.79
1115.62
1380.36
1696.46
1229.51
1019.93
1172.44
1767.82
1320.31
1290.72
1364.84
1253.13
1053.97
1628.15
1862.82
1292.76
1383.08
1672.94
1648.82
1471.64
1120.17
1654.58
1316.57
841.082
1320.29
1342.55
1131.12
858.715
1316.95
1465.09
1871.17
1457.56
1627.43
1253.73
1490.78
1387.33
1489.7
1048.02
1440.51
1278.05
1884.77
1644.53
1535.76
1289.12
1111.63
887.285
1412.07
1344.04
1392.76
1745.71
1546.45
1224.54
1556.94
1389.84
1461.54
1452.37
2911.56
3051.82
2346.3
3033.36
3191.87
2596.49
2518.01
3537.94
3466.01
3609.55
2838.22
2390.46
2902.33
2107.88
2931.98
2943.72
2111.75
3021.43
2930.55
3181.59
2310.17
2887.92
3412.99
2718.98
3154.66
3374.11
3109.39
3163.43
2245.49
1568.29
3360.62
2678.26
2662.33
2801.97
2466.82
3009.08
2699.15
3348.42
2578.21
2719.6
2981.16
2092.66
3123.78
3523.97
2524.16
1879.73
1477.93
2502.39
3298.78
3332.47
2542.57
1375.28
2295.95
2920.03
3403.66
2154.72
2244.7
2842.48
3489.94
3417.36
2487.26
2782.53
3128.48
2618.17
2107.14
1716.54
2404.53
2644.05
3192.54
3410.1
1395.89
2856.19
3727.12
3405.59
2380.68
2535.47
3203.23
3542.74
2981.39
2858.47
3095.43
2799.85
2766.84
2824.66
2199.57
3414.62
3095.19
2128.66
2265.53
2477.87
2114.1
3612.71
3220.75
2794.78
2275.52
2727.77
3323.8
2632.35
2478.36
2200.16
3430.67
3001.49
2450.62
2878.09
2432.77
2491.06
2312.43
2277.97
2513.81
3095
2375.62
1605.28
3426.44
3620.23
2544.59
2195.59
3113.39
2504.3
2933.16
2628.4
2906.85
1292.92
2909.93
2894.48
3059.29
2226.94
2034.64
3161.58
3641.46
3107.13
1496.67
2166.39
3350.83
3419.23
2647.36
2223.16
1620.47
1894.91
2937.64
3389.53
2346.63
2686.45
2922.76
3323.8
3447.84
2811.53
2058.17
2623.34
3432.39
2253.76
2002.09
2216.1
3548.5
2685.18
2365.45
2651.8
2481.05
2059.88
3248.23
3562.26
2538.26
2716.7
3342.59
3202.01
3116.53
2151.07
3189.67
2452.03
1567.64
2469.82
2702.04
2366.22
1780.5
2483.46
2664.04
3607.71
2914
3211.34
2402.69
2722.82
2780.16
2976.74
2289.83
2731.98
2637.58
3491.04
3215.72
2893.18
2495.2
2119.51
1671.42
2667.38
2699.6
2388.79
3483.55
3025.17
2449.57
3213.29
2740.65
2871.29
2945.07
