1717.53
1848.04
1881.51
1672
2009.63
1808.89
1763.75
2074.9
1788.18
1848.01
1875.14
1887.12
1736.4
1881.22
1772.54
1833.03
1915.58
1851.76
1903.38
1687.52
1984.11
1789.95
1610.88
1676.66
1692.49
1641.53
1629.43
1709.33
1986.87
1860.12
1860.28
1807.35
1627.96
1681.51
1645.8
1743.15
1641.46
1580.53
1666.94
1697.53
1874.14
1787.87
1838.42
1809.19
1801.1
1891.52
1855.81
1757.72
1944.46
1880.98
1939.15
1698.75
1889.25
1708.27
1817.61
1877.89
1371.45
1813.35
1717.32
1736.88
1733.71
1742.3
1852.39
1739.9
1919.62
1794.27
1910.33
1932.24
1849.42
1825.76
1928.56
1746.97
1813.22
1828.57
1930.75
1810.51
1875.77
1807.94
1775.74
1857.4
1797.94
1698.86
1886.58
1675.66
1970.81
1656.57
1861.4
1522.47
1759.25
1653.38
1897.97
1696.23
1888.96
1798.36
1782.29
1765.35
1912.59
1802.51
1907.9
1717.25
1867.66
1880.84
1701.65
1804.22
1766.28
1731.19
1954.59
1688.93
1844.79
1764.89
1584.1
1994
1741.69
1901.11
1821.62
1711.7
1861.49
1754.39
1876.13
1777.11
1807.54
1937.55
1871.93
1690.66
1832.56
1774.21
1756.32
1700.89
1785.41
1670.47
1748.3
1820.19
1810.27
1825.71
1932.89
1718.42
1928.16
1776.52
1771.63
1823.38
1739.66
1859.82
1699.26
1821.7
1743.21
1763.49
1780.05
1737.42
1613.31
1725.3
1630.66
1719.65
1751.86
1473.56
1746.48
1493.12
1795.37
1873.35
1680.92
1919.04
1707.03
1925.7
1838.59
1776.68
1845.38
1912.63
1703.68
1977.69
1850.38
1706.99
1869.07
1887.04
1887.21
1801.69
1862.19
1791.59
1822.77
1867.16
1908.45
1747.48
1822.42
1711.58
1690.6
1789.03
1760.16
1841.48
1861.76
1782.88
1853.51
1703.67
1725.96
1627.86
1655.07
1751.85
1687.5
1638.46
1805.94
1831.09
1863.53
1745.97
1816.21
1807.68
1895.99
1754.73
1953.9
1682.7
1818.11
2115.82
1656.51
2050.08
1825.42
1790.72
2056.47
1742.07
1830.09
1831.36
1986.18
1851.92
1787.08
1707.24
2011.12
1887.68
1611.9
1668.09
1650.77
1769.08
1599.45
1651.16
1800.14
1767.33
2022.49
1724.04
1792.45
1613.52
1734.53
1663.23
1761.85
1614.79
1735.05
1747.49
1635.84
1912.12
1771.12
2016.6
1841.3
1631.72
1934.43
1779.8
1833.93
1935.88
1828.29
1747.22
2018.66
1691.99
1861.31
1704.71
1659.95
1655.15
1657.01
1634.05
1647.43
1932.7
1715.31
1788.3
1935.16
1756.49
1975.41
1801.82
1794.73
1920.94
2020.49
1698
1742.44
1868.73
1852.78
2030.14
1798.83
1843.82
1791.73
1856.05
1804.6
1783.24
1793.06
1832.1
1918.46
1702.31
1791.79
1747.13
1674.41
1668.31
1737.1
1812.31
1810.51
1877.39
1778.9
1710.16
1743.54
1987.12
1797.77
1806.4
1834.46
1824.95
1917.06
1712.76
1788.89
1666.01
1863.39
1832.03
1712.69
1718.39
1770.31
1779.16
1829.6
1798.51
1966.19
1672.98
1928.93
1629.81
1811.81
1950.39
1717.52
1921.87
1809.79
1750.53
2022.27
1758.41
1625.26
1846.28
1529.78
1829.45
1650.8
1788.49
1694.84
1912.01
1893.22
1919.62
1804.43
1847.9
1870.54
1835.09
1634.58
1707.1
1812.28
1939.35
1650.84
1653.63
1813.28
1827.35
1683.24
1588.91
1656.87
1853.41
1647.45
1728.89
1570.13
1711.15
1747.73
1809.84
1881.15
1598.96
1865.1
1891.52
1812.35
1750.52
1850.06
1860.92
1929.41
1788.58
1678.94
2023.07
1746.02
1833.26
1864.81
1746.42
2089.05
1677.77
1794.42
1954.73
1804.12
1886.73
1632.29
1750.79
1844.31
1659.12
1752.26
1848
1707.88
1983.74
1769.51
1749.65
1690.67
1695.65
1601.86
1653.09
1793.76
1594.8
1827.11
1674.73
1923.46
1698.26
1932.75
1711.86
1714.72
1851.7
1578.21
1877.47
1812.13
1699.45
1912.45
1702.81
1948.5
1810.32
1724.05
1885.38
1573.89
1864.17
1723.88
1770.21
1774.82
1783.53
1649.33
1915.28
1776.33
1462.35
1704.63
1626.9
1497.14
1732.08
1459.86
1928.42
1635.91
1823.61
1810.23
1611.59
1551.32
1494.89
1770.67
1655.96
1559.05
1631.88
1524.73
1935.19
1715.32
1595.78
1966.29
1711.04
1710.45
1804.92
1752.49
1734.61
1891.73
1897.08
1621.36
1797.78
1713.26
1694.1
1664.56
1592.21
1684.58
1449.49
1739.05
1688.74
1612.48
1848.17
1579.84
1817.9
1807.41
1833.63
1839.29
1768.04
1805.77
1842
1738.21
1770.52
1653.01
1777.81
1844.14
1650.88
1859.35
1707.49
1729.54
1787.55
1627.55
1844.66
1691.77
1680.07
1746.75
1777.69
1647.76
1529.97
1577.52
1789.98
1707.43
1736.51
1662.88
1697.05
1735.75
1712.84
1847.39
1742.02
1765.74
1751.42
1785.42
1812.94
1680.13
1586.53
1708.94
1759.82
1747.6
1732.57
1601.86
1554.44
1763.5
1828.46
1776.13
1726.09
1804.44
1679.54
1682.95
1927.55
1582.1
1806.97
1837.24
1547.41
1876.97
1757.66
1748.6
1648.29
1699.55
1626.18
1577.95
1658.02
1728.26
1592.46
1900.58
1817
1636.34
1943.48
1680.67
1598.58
1917.12
1573.58
1726.64
1681.34
1803.3
1609.32
1580.95
1776.6
1706.25
1655.19
1640.57
1637.4
1635.91
1620.51
1485.84
1652.06
1497.61
1744.33
1842.98
1711.35
1669.38
1688.83
1781.53
1774.71
1745.88
1676.03
1825.29
1822.88
1881.28
1564.24
1903.77
1605.44
1804.51
1870.56
1677.87
1761.66
1859.52
1607.01
1922.79
1646.61
1852.92
1671.4
1669.62
1674.04
1666.41
1585.66
1795.56
1899.92
1747.56
1677.26
1734.46
1641.75
1509.76
1606.21
1588.67
1666.11
1551.18
1558.31
1806.99
1780.15
1576.58
1877.7
1631.42
3526.76
3505.54
3424.68
3905.59
4682.67
3428.12
3664.41
3619.88
3414.94
3573.21
3482.17
3509.77
3432.61
3741.83
4613.76
3479.52
3448.14
3591.41
3273.64
3471.07
3573.54
3015.59
3209.77
3584.04
3882.74
3331.09
3101.35
3289.41
3523.03
3494.92
3332.72
3560.04
2928.93
3375.96
4164.75
3403.95
3008.66
3324.43
2966.47
3390.82
3577.21
3462.3
3756.18
3678.66
4444.61
3565.65
3614.21
3401.16
3548.12
3731.05
3273.5
3622.14
3516.06
3677.76
4193.3
3485.96
2914.37
3040.05
3241.84
3195.8
3310.48
3323.52
3523.68
3720.73
4572.28
3649.9
3569.4
3719.33
3533.86
3507.35
3401.51
3391.98
3299.65
3908.1
4596.04
3574.42
3596.74
3474.74
3391.81
3403.02
3518.52
3474.17
3335.04
3759.9
4568.28
3530.03
3281.28
3098.74
3078.29
3367.03
3357.49
3462.1
3581.31
3609.98
4480.83
3515.21
3639.62
3344.06
3539.16
3422.22
3472.09
3681.94
3266.96
3685.58
4240.11
3408.2
3446.05
3388.45
3306.55
3088.17
3193.24
3538.33
3542.63
3917.76
4361.85
3440.2
3452.9
3593.85
3244.58
3486.27
3468.95
3703.9
3422.18
3775.58
4583.77
3363.71
3204.97
3095.63
3133.07
3246.03
3257.97
3121.82
3435.98
3920.07
4519.09
3559.23
3407.19
3557.58
3367.55
3205.26
3421.65
3206.27
3506.69
3800.46
4233.14
3581.01
3460.08
3011.59
3216.46
3312.08
3199.46
3304.8
3141.8
3314.49
4109.09
3240.91
3553.16
3542.88
3139.88
3393.75
3504.88
3427.99
3324.27
3748.66
4559.8
3571.46
3604.84
3412.56
3514.18
3266.11
3535.43
3592.44
3455.82
3913.07
4407.55
3545.7
3497.8
3634.29
3407.46
3165.05
3274.5
3105.93
3318.44
3525.58
4519.78
3453.56
3347.26
3439.8
3335.93
3287.59
2962.05
3127.75
3026.86
3478.94
4206.47
3138.95
3429.68
3447.75
3330.55
3527.93
3161.99
6713.98
6571.97
6686.7
6486.63
6556.54
6513.37
6697.55
7027.05
6770.69
6766.48
6795.74
6590.41
6698.7
6678.77
6455.39
6377.57
6552.06
6789.45
6366.87
6829.27
6794.69
6618.66
5953.7
5857.42
5903.87
5830.35
5960.38
6143.57
6769.83
6762.41
6689.01
6316.42
6321.44
5847.62
5716.5
6206.7
6187.33
5805.1
5923.17
5956.69
6675.38
6565.69
6758.84
6579.34
6357.45
6518.18
6631.83
6625.97
6918.47
6862.74
6808.11
6335.74
6713.88
6704.32
5982.46
6455.68
5728.56
5692.25
6284.41
5910.77
6500.89
6471.2
6519.1
6329.11
6543.94
6797.43
6643.64
6728.3
6881.63
6691.65
7008.86
6615.35
6284.35
6601.67
6710.77
6441.75
6523.81
6377.7
6517.35
6526.31
6730.12
6345.45
6437.21
6618.09
6236.42
6205.79
6620.14
5947.86
5544.58
6020.31
6884.72
6671.89
6361.01
6244.81
6188.44
6294.91
6826.25
6564.49
6695.23
6593.61
6570.6
6400.48
6494.69
6448.8
6011.94
6374.85
6287.49
6585.81
6480.83
6016.49
6001.34
6642.34
6852.58
6754.56
6129.95
6305.55
6552.45
6460.05
6839.71
6089.63
6736.81
6869.24
6454.31
6451.94
6359.14
6153.45
6486.48
6226.19
5964.44
5820.94
6239.76
6489.78
6557.07
6394.35
6777.61
6263.31
6810.98
6536.66
6534.69
6416.35
6394.01
6459.27
6294.45
6506.64
6037.86
5981.19
6342.27
6419.9
6155.26
5631.79
5905.47
6266.85
5986.95
5624.78
5769.78
5905.15
5934.33
6730.12
6905.79
5992.94
6486.78
6762.05
6696.22
6677.09
6095.29
6690.57
6795.49
6597.45
6383.07
6501.66
6580.97
6866.55
6646.56
6688.86
6448.71
6606.02
6518.65
6850.76
6674.76
6312.39
6397.18
6342.33
5883.95
6501.56
6160.69
6285.99
6744.23
6666.65
6291.47
6243.37
6225.36
5814.68
5796.33
6118.88
6033.84
5960.92
6022.77
6819.13
6747.06
6547.84
6521.74
