2764.25
1902.91
1552.35
1985.9
2997.95
2727.54
2236.18
2293.36
2801.39
1837.11
1702.45
1563.41
2408.47
2406.92
2852.55
2100.57
1776.83
1887.55
2414.48
2158.53
1859.19
1493.42
2106.93
2817.86
2582.85
2168
2656.72
2712.65
2604.84
2209.62
1652.09
2570.62
2280.85
2578.07
1814.69
2529.88
2521.1
1974.52
962.952
1109.76
3054.08
2379.82
2817
2179.3
2584.25
2685.7
2707.96
2030.05
2358.77
2182.88
2266.02
2593.21
2452.74
2016.55
2665.57
1796.4
1851.38
1515.07
2125.3
2619.33
1843.74
2491.16
2328.97
2701.93
2337.09
2038.11
1376.65
2428.25
1839.8
1487.3
1905.45
2653.67
2616.27
2053.57
2325.07
1887.74
1857.81
1757.37
2102.02
2381.16
3030.12
2407.92
2538.92
2482.7
2355.88
1575.5
2386.74
2164.83
2056.72
1935.58
1838.01
2418.96
2646.7
2046.65
2201.64
2006.8
1632.52
1917.66
2442.96
1850.31
2994.47
2466.36
2024.58
2385.82
2434.91
2250.17
2144.26
2011.4
2324.02
1230.33
2360.84
2168.7
2788.41
2180.92
1999.32
1630.09
1660.16
1759.14
1839.1
2573.56
2424.52
2656.67
2372.5
2669.89
2277.01
2442.73
2739.89
2330.48
2423.9
2025.61
1775.1
1899.87
2323.82
2101.6
2103.06
1608.21
2386.72
1761.67
1886.95
2297.21
2650.04
2333.36
2275.58
2433.71
2103.23
1735.64
2197.59
2228.28
2348.19
2751.11
1884.32
2172.55
2288.31
1419.21
2160.72
1695.76
1849.31
2249.91
1734.33
2008.69
2195.49
2199.79
1715.72
2042.95
2061.1
2300.12
2548.59
2622.57
1732.19
2212.53
1649.56
2231.7
1944.54
2040.82
2190.53
2512.44
1836.21
1870.55
1750.35
1647.05
2095.12
1718.63
2456.88
2734.62
2451.99
2240.27
2412.53
2557.8
2661.3
2249.24
2472.31
2671.51
2331.05
2475.58
2152.41
2420.61
2276.06
2085.53
1526.49
2074.45
1323.6
3032.2
2265.61
1575.42
2434.45
3019.63
3192.13
2913.28
2612.68
2960.68
2457.19
1658.47
2079.64
2570.2
2843.91
3223.45
2490.17
2378.93
2300.66
2631.08
2562.98
2068.84
1464.05
2550.58
2998.86
3013.61
2287.6
3013.24
3238.09
2717.17
2834.62
1717.53
2614.73
2667.05
2807.41
2682.11
3093.36
2974.12
2382.35
1306.63
1149.4
3118.37
3004.07
2550.78
2716.82
3254.94
2857.77
3096.05
2216.06
2277.83
2822.83
2415.47
3188.67
2878.27
2225.54
3306.21
2174.85
2206.92
1764.6
2073.96
3227.89
2289.18
2520.3
2985.84
2997.07
2883.98
2667.24
1454.64
2657.85
2004.3
1925.72
2412.4
2811.78
3180.07
2572.86
2509.22
2344.33
2025.09
2401.11
2326
2570.33
3208.16
3124.5
3089.03
2836.09
2550.91
2222.08
2372.04
2297.09
2541.74
2762.56
2192.12
2929.37
3087.23
2583.24
2426.96
2410.51
1899.85
2083.16
2992.84
1870.52
3627.06
2711.7
2637.37
2604.52
2674.58
2602.42
2504.59
2246.56
2492.27
1958.76
2659.69
2809.83
2646.1
2783.6
2529.22
1895.84
2097.24
2227.93
1935.71
2797.22
2919.96
3106.23
2927.64
2834.31
2365.41
2658.85
2602.47
2798.77
2470.64
2696.12
2285.64
2713.39
2379.51
2579.57
2227.49
2075.76
2574.11
2212.09
2388.72
2544.44
3232.12
2598.45
2760.7
2451.67
2540.18
1994.84
2305.21
2371.19
2869.52
3430.09
2560.47
2760.62
2530.4
1885.01
2327.71
1963.4
2314.7
2698.97
2021.42
2123.1
2546.39
2372.75
2409.79
2422.01
2479.3
2361.22
2692.91
3323.28
1975.58
2205.53
2262.91
2426.85
2572.85
2432.48
2284.7
2985.75
2412.91
2117.63
2451.37
1922.66
2290.04
1945.4
3012.89
2970.62
2748.61
3024.6
2683.43
2628.44
3143.79
2745.17
3266.32
2965.5
3022.46
2746.32
2723.37
2419.73
3090.86
2364.31
1966.08
2601.1
1672.06
1694.04
1533.91
1043.8
1606.13
1804.32
1771.33
1616.27
1283.58
1478.18
1367.05
918.222
1106.15
1503.64
1542.81
1730.49
1375.03
1249.91
1358.26
1223.02
1164.37
1078.69
1029.02
1639.29
1699.79
1859.39
1488.31
1514.39
1538.8
1400.73
1555.39
1094.96
1532.15
1674.01
1632.15
1465.2
1525.67
1539.91
1356.19
850.672
803.131
1817.25
1872.55
1535.78
1540.18
1860.99
1549.55
1637.73
1261.74
1252.41
1638.59
1499.32
1707.81
1592.35
1198.69
1621.06
1242.13
1363.26
1084.54
1392.48
1849.12
1441.79
1570.39
1856.57
1658.23
1596.54
1577.5
1031.32
1347.95
1058.87
1115.22
1350.9
1382.46
1650.65
1669.73
1281.54
1288.33
1202.72
1507.62
1365.4
1492.13
1748.74
1817.27
1754.72
1562.49
1586.21
1295.74
1155.23
1329.42
1370.92
1354.11
1205.38
1654.46
1736.09
1392.36
1310.87
1338.1
1199.63
1354.4
1556.74
1110.59
1970.68
1715.12
1541.57
1447.69
1402.64
1470.25
1254.67
1234.19
1295.22
1152.99
1362.68
1587.82
1599.34
1619.77
1318.85
1099.19
1287.94
1370.04
1229.8
1872.22
1539.88
1838.11
1878
1631.75
1431.29
1420.34
1423.5
1363.36
1268.17
1339.94
1333.18
1473.51
1433.21
1271.9
1189.96
1019.46
1454.6
1410.88
1398.88
1561.37
1899.75
1501.54
1747.81
1405.56
1402.5
1269.7
1171.38
1292.33
1681.88
1605.85
1388.98
1422.95
1530.98
1130.87
1233.99
1151.83
1009.37
1447.16
1446.69
1263.22
1626.76
1450.85
1551.41
1395.21
1406.85
1392
1536.1
1745.57
1018.74
1185.24
1244.54
1365.45
1382.75
1235.15
1304.63
1640.56
1248.13
1151.77
1225.48
1150.33
1137.21
1220.04
1663.37
1595.09
1617.56
1824.48
1471.75
1644.8
1664.88
1440.72
1656.71
1719.37
1556.55
1412.91
1394.14
1331.89
1468.47
1220.61
1137.89
1223.53
1063.26
3924.54
2837.82
2044.5
3046.4
4436.83
4139.47
3671.13
3492.75
3841.35
2875.6
2468.73
2656.26
3833.21
3667.17
4284.2
3288.93
3512.14
3146.92
3456.95
3144.78
2441
1909.28
3459
4356.72
4210.95
3044.39
3881.3
4386.58
3563.13
3609.43
2605.95
3551.96
3434.85
3914.2
3445.07
4159.57
3899.5
3192.22
1391.71
1493.53
4365.16
3846.85
3884.26
3500.62
4006.1
3887.6
3934.79
2851.49
3269.97
3898.74
3200.37
4139.92
3925.01
2903.57
4219.08
2647.75
2874.37
2216.52
2986.97
4470.24
2971.5
3607.15
3984.19
4003.69
3550.43
3374.62
1893.95
3487.72
2731.59
2634.71
3040.12
3997.64
4055.04
3089.01
3522.17
2803.26
2758.72
2574.54
3207.02
3525.2
4384.15
3960.62
4047.86
3488.7
3504.74
2536.08
3134.87
2973.82
3613.12
3481.88
3057.99
3963.73
3840.75
3319.82
3183.4
3101.82
2528.85
2602.24
4047.2
2720.47
4776.11
3576.23
3324.51
3408.04
3441.3
3329.79
3417.36
2883.28
3629.31
2298.04
3781.14
3684.28
3888.46
3650.76
3060.28
2260.41
2580.53
2789.75
2520.87
4063.74
3687.1
4214.56
3821.72
3930.58
3195.47
3643.18
3661.64
3772.9
3530.8
3437.04
3146.97
3891.32
3359.22
3035.71
2837.12
2392.46
3759.59
2720.09
3069
3285.02
4256.22
3449.91
3636.21
3241.67
3220.17
2686.58
3160.11
3144.3
4125.11
4274.76
3563.33
3974.27
3689.08
2694.83
3005.61
2588.3
3176.85
3461.3
2421.52
2813.44
3445.42
3345.05
3130.74
3415.04
3194.74
3213.86
3771.98
4059.87
2467.25
3233.2
2986.54
3427.84
3364.76
3213.97
3053.2
4224.97
3147.64
2740.45
2779.37
2411.21
3023.73
2445.72
4113.36
4147.11
3804.89
3905.62
3488.17
3563.1
3984.62
3445.53
3925.09
4078.32
4014.28
3887.69
3481.59
3528.54
3896.09
3109.58
2463.23
3276.28
2026.54
1672.83
1096.51
949.411
1066.11
1596.39
1430.24
1257.93
1436.6
1784.6
1130.94
1115.42
1261.3
1500.71
1692.9
1705.1
1434.58
1370.91
1546.39
1587.76
1388.67
941.754
853.33
1095.69
1475.93
1373.56
1366.01
1650.82
1463.89
1666.11
1286.9
1348.84
1611
1535.11
1626.38
1565.85
1608.37
1710.97
1227.22
644.362
807.491
1383.25
1075.53
1504.02
1254.58
1554.49
1584.14
1414.62
1298.84
1444.63
1709.88
1596.17
1591.42
1613.22
1501.29
1768.36
1181.07
1192.61
1011.24
1218.71
1329.75
1106.41
1574.74
1367.01
1589.98
1439.32
1170.77
997.571
1385.43
1063.39
968.882
1056.02
1386.38
1597.69
1348.54
1491.67
1321.09
1186.47
1007.94
1578.99
1554.55
1838.82
1503.31
1457.18
1507.88
1478.1
1199.7
1372.35
1439.58
1121.86
1142.39
1197.04
1584.93
1582.8
1348.42
1367.88
1383.61
1046.72
1382.98
1495.07
1267.44
1804.82
1511.38
1174
1386.08
1447.23
1176.84
1193.24
1297.43
1147.33
841.936
1525.54
1506.35
1752.76
1492.14
1198.89
1048.73
1212.5
1192.14
1290.06
1555.38
1688.56
1696.79
1582.06
1641.87
1479.14
1398.15
1402.69
1241.75
1075.9
1072.08
1100.47
1455.6
1522.16
1270.23
1170.75
1286.03
1315.5
1214.83
1398.34
1435.14
1538.14
1722.63
1466.03
1523.39
1293.32
1411.58
1180.81
1352.98
1217.48
1241.03
1031.32
1161.87
1090.25
1108.42
1394.86
1098.64
1412.73
1287.02
1012.67
1369.79
1493.3
1238.06
1228.23
1500.03
1299.81
1412.68
1702.96
1519.01
1205.6
1418.54
953.292
1153.31
1231.37
1128.52
1175.06
1308.95
1280.24
1258.26
1249.82
1026.2
1353.34
1159.08
1490.63
1541.07
1498.97
1440.33
1504.06
1565.22
1608.05
1591.88
1505.19
1671.17
1599.53
1517.99
1143.41
1161.12
1131.3
1200
1141.16
1305.65
1003.81
