1413.1
1473.22
1433.38
1401.78
1424.34
1326.27
1466.98
1413.17
1327.52
1446.8
1498.15
1477.3
1450.35
1445.49
1389.75
699.077
1335.19
1435.37
1424.74
1415.19
1258.05
1465.75
1150.89
1075.5
1423.17
1473.1
1454.64
1454.14
1354.89
1312.96
1421
1469.97
1370.81
1390.32
1423.38
1396.84
1481.67
1437.09
1461.75
1415.53
1469.6
1373.34
1484.52
1432.52
1434.52
1537.85
1377.12
1433.87
1398.79
1472.62
1382.52
937.161
1408.75
1332.98
1181.7
1022.09
1469.35
1393.48
1417.18
1421.62
1285.06
1305.24
1435.74
1398.02
1478.53
1409.51
1454.87
1333.57
1349.18
1110.79
1139.29
1451.74
918.525
1423.58
1415.67
1369.92
1292.65
1452.84
1456.46
1388.62
1461.95
1415.67
1400.39
1435.4
1446.2
1459.33
1363.37
1417.17
1430.43
1376.96
1513
1475.15
1465.38
1443.49
1334.74
1415.65
1432.39
1390.41
1442.79
1423.86
825.845
1434
1472.9
1405.7
1359.46
1425.51
1438.74
1336.29
1326.44
1364.21
1433.8
1437.81
1411.58
1399.04
1504.88
1428.82
1427.54
1369.19
1338.96
1399.39
1275.68
1425.51
1424.77
1483.02
1411.35
1475.29
1427.83
1461.17
1414.94
1501.47
1394.99
1438.46
1418.2
1358.43
1474.12
1423.27
1374.43
1354.96
1411.47
1418.83
1431.26
1396.74
1428.89
1489.85
1448.53
1403.77
1379.17
1439.22
1378.29
985.411
1416.79
1378.69
1386.96
1476.93
1403.84
1355.16
1436.87
1294.95
1411.94
1420.17
1447.8
1448.45
1471.86
1377.5
1449.32
1466.46
1460.89
1424.46
1302.63
1412.08
1384.47
946.503
1422.6
1464.9
1460.68
1433.43
1427.89
1375.57
1484.49
1449.99
1299.82
1383.23
1464.79
1463.82
1467.44
1434.43
1446.68
1290.04
1403.99
1405.06
1422.09
1358.85
1483.86
1423.64
1452.41
1430.8
1428.95
1417.38
1462.56
1445.41
1437.5
1361.59
1404.99
1344.58
1387
1265.52
1331.5
1358.18
1362.96
1257.18
1286.9
1350.66
1344.9
1415.3
1327.53
746.9
1205.68
1303.32
1334.27
1391.37
1226.67
1325.33
1331.63
746.039
1283.37
1323.58
1343.99
1341.57
1212.88
1215.54
1387.85
1372.61
1301.68
1293.45
1322.45
1337.05
1332.76
1322.67
1345.8
1339.97
1314.2
1342.11
1206.02
1379.6
1339.88
1349.81
1373.36
1332.18
1359.93
1302.81
1378.6
954.991
1216.03
1344.24
1242.76
733.245
1319.5
1411.81
1344.13
1297.29
1241.42
1326.94
1192.38
1305.51
1344.94
1348.96
1414.76
1447.88
1328.63
1244.56
822.547
1358.02
879.767
1349.02
1370.01
1298.3
1202.33
1365.72
1380.14
1404.71
1359.48
1367.73
1365.85
1336.53
1375.46
1340.49
1283.97
1332.67
1371.71
1372.91
1378.82
1350.85
1330.92
1372.29
1354.53
1186.52
1342.65
1306.53
1324.98
1368.62
1200.88
807.806
1283.97
1333.72
1219.05
1328.43
1365.01
1357.04
1412.85
1236.91
1366.1
1448.88
1365.2
1265.45
1324.07
1327.25
1372.55
1338.26
1328.07
1285.99
1357.46
1184.42
1367.22
1383.27
1327.48
1344.81
1337.88
1336.1
1332.83
1417.94
1445.03
1328.83
1302.08
1400.88
1346.86
1356.48
1359.16
1330.46
1299.89
1355.07
1371.95
1339.67
1338.93
1328.23
1364.17
1333.59
1325.85
1334.16
1337.96
844.877
1352.36
1406.8
1288.51
1309.33
1364.22
1302.91
1358.35
1283.62
1325.04
1457.67
1396.23
1291.19
1375.67
1350.03
1384.51
1397.88
1377.11
1354.69
1333.32
1276.31
1366.69
840.904
1332.28
1377.09
1427.37
1381.53
1402.4
1412.88
1348.43
1356.64
1241.15
1290.32
1396.76
1341.97
1326.77
1352.3
1330.45
1212.94
1346.34
1403.26
1329.02
1327.73
1366.94
1329.99
1281.62
1369.53
1377.95
1389.16
1291.67
1385.27
1380.77
1363.59
1348.61
1336.37
1386.31
1304.97
1276.98
1289.22
1402.22
1363.68
1227.48
1339.75
1311.22
1359.86
1369.18
1284.36
733.528
1140.49
1311.99
1312.89
1386.62
1166.47
1216.65
1365.12
686.317
1294.95
1321.41
1325.12
1270.28
1231.86
1203.12
1280.73
1320.17
1246.7
1254.62
1377.39
1347.89
1259.04
1319.66
1312.62
1386.52
1375.07
1344.07
1276.55
1339.92
1291.39
1339.76
1310.8
1314.76
1292.86
1381.56
1349.77
965.421
1175.3
1379.88
1280.08
776.178
1326.69
1343.57
1289.88
1322.73
1292.54
1378.27
1242.08
1378.74
1310.6
1366.34
1340.05
1341.89
1323.26
1273.77
744.949
1374.84
848.814
1361.85
1243.66
1326.87
1203.27
1383.87
1351
1320.5
1359.31
1430.77
1356.13
1378.68
1366.38
1343.91
1289.08
1317.51
1305.1
1334.57
1309.98
1343.03
1393.46
1299.13
1363.77
1296.54
1392.61
1298.52
1278.6
1391.19
1227.49
807.965
1325.62
1303.6
1285.66
1299.82
1329.02
1336.96
1354.32
1174.43
1374.7
1258.03
1282.61
1370.2
1312.49
1444.5
1426.37
1366.53
1329.93
1243.63
1388.83
1209.79
1408.46
1343.9
1335.6
1344.32
1366.45
1393.54
1341.39
1375.9
1355.51
1353.71
1370.22
1347.43
1320.34
1375.2
1415.7
1337.61
1336.69
1318.15
1364.31
1294.29
1366.4
1404.33
1317.69
1394.37
1394.9
1380
1370.6
849.154
1362.48
1374.66
1302.23
1347.09
1279.44
1290.38
1278.09
1206.26
1252.02
1301.22
1374.46
1259.96
1309.03
1358.86
1416.37
1355.38
1270.66
1301.99
1272.77
1191.7
1314.94
871.951
1303.31
1349.31
1332.32
1359.27
1347.38
1352.59
1373.27
1306.34
1167.65
1269.38
1327.62
1314.78
1255.67
1323.41
1334.83
1225.91
1345.34
1321.29
1295.68
1338.31
1325.66
1377.36
1324.92
1385.44
1290.41
1289.41
1292.82
1327.94
1347.91
1248.01
1342.59
1333
1403.41
1330.01
1230.3
1332.09
1328.89
1316.69
1145.79
1386.61
1321.38
1397.62
1326.84
1398.56
617.926
1317.33
1397.38
1335.67
1424.36
1282.2
1318.08
1325.42
762.283
1364.95
1341.12
1425.04
1362.87
1179.2
1259.05
1347.84
1362.78
1372.93
1284.17
1369.28
1393.07
1381.42
1362.47
1289.69
1415.57
1317.81
1319.29
1238.3
1357.91
1390.66
1317.29
1380.16
1422.07
1378.37
1370.03
1382.2
831.916
1335.49
1297.02
1370.66
745.91
1308.11
1290.58
1372.38
1364.26
1227.07
1358.32
1294.88
1440.73
1416.94
1378.69
1370.5
1359.19
1347.74
1379.34
818.611
1341.79
819.477
1318.23
1356.65
1371.28
1222.18
1321.08
1479.45
1384.69
1341.76
1339.34
1444.89
1337.77
1282.74
1332.42
1393.76
1347.32
1365.55
1332.56
1379.63
1371.38
1374.71
1325.7
1296.82
1299.75
1336.48
1427.64
1319.13
1381.53
1022.65
1101.64
1350
1369.52
1261.77
1475.02
1375.54
1363.78
1380.32
1244.94
1380.3
1377.1
1356.81
1409.13
1384.01
1374.55
1306.26
1386.4
1384.52
1223.19
1333.44
1347.72
1342.76
1384.63
1353.65
1341.97
1404.82
1368.8
1372.04
1282.41
1320.97
1348.67
1306.79
1346.71
1339.75
1302.39
1374.86
1370.99
1385.75
1328.61
1314.63
1414.32
1314.53
1328.44
1271
1343.39
1394.45
1271.7
1394.23
874.732
1282.74
1389.52
1390.16
1345.06
1449.43
1319.1
1410.61
1281.94
1342.92
1325.14
1390.37
1347.45
1349.76
1317.44
1370.06
1402.58
1366.95
1348.95
1217.83
1356.96
1414.57
906.743
1334.37
1444.52
1367.18
1351.49
1356.91
1290.72
1371.77
1344.13
1223.83
1294.97
1384.41
1369.05
1349.31
1379.96
1301.14
1322.17
1395.01
1322.98
1309.18
1365.76
1345.26
1313.74
1344.92
1332.48
1399.1
1340.36
1295.88
1372.69
1341.96
1367.38
1380.91
1429.04
1445.36
1449.81
1285.93
1413.67
1445.7
1297
1338.42
1401.62
1401.54
1400.54
1446.43
1461.4
624.283
1399.2
1376.82
1421.52
1395.85
1309.78
1456.67
1200.1
925.148
1482.53
1332.05
1402.41
1438.38
1320.12
1287.74
1413.58
1443.7
1413.79
1428.71
1436.48
1500.83
1379.24
1458.6
1534.8
1401.24
1474.62
1341.79
1427.99
1421.16
1362.3
1424.24
1415.51
1447.78
1432.93
1476.67
1505.75
909.106
1468.67
1345.87
1362.64
902.989
1469.67
1421.84
1476.51
1411.18
1359.35
1356.84
1402.6
1437.61
1406.44
1447.72
1483.63
1467.23
1293.41
1300.44
940.572
1453.51
862.259
1445.29
1417.35
1425.96
1312.12
1418.4
1372.02
1437.67
1439.21
1428.38
1412.81
1420.09
1415.41
1467.06
1409.46
1420.32
1378.51
1370.74
1421.15
1392.99
1402.89
1384.22
1297.41
1407.11
1386.25
1383.76
1398.69
1315.24
981.71
1242.27
1316.18
1356.07
1360.43
1380.48
1425.12
1406.62
1451.53
1337.59
1445.72
1429.7
1444.02
1397.95
1447.21
1421.37
1395.3
1399.89
1390.73
1251.84
1356.82
1395.23
1444.92
1419.66
1390.96
1397.28
1362.89
1512.97
1422.28
1387.32
1479.86
1399.06
1435.76
1371
1417.73
1421.63
1365.79
1403.51
1374.55
1422.81
1438.12
1362.75
1312.13
1431.06
1519.63
1403.9
1459.98
1439.72
1382.02
907.089
1373.47
1408.44
1451.68
1432.25
1372.49
1391.69
1355.38
1342.56
1392.45
1447.33
1406.74
1387.27
1463.9
1426.94
1414.64
1361.77
1377.28
1354.42
1223.16
1413.85
1400.19
949.916
1369.48
1388.13
1428.69
1390.27
1378.52
1391.72
1434.19
1408.21
1301.34
1441.36
1364.59
1447.81
1417.21
1434.39
1374.27
1257.79
1412.46
1429.57
1362.68
1427.38
1428.57
1470.81
1429.48
1371.79
1384.07
1437.21
1497.48
1411.79
1347.79
1445.7
