1844.37
1508.51
1996.22
1149.15
1111.64
1626.19
1532.88
1207.58
1859.27
1641.6
1930.33
1200.01
1604.71
1709.47
1577.88
1186.95
2042.44
1567.97
1674.63
1456.03
1640.33
1556.4
1436.47
1882.54
1095.82
1581.84
1951.3
1671.9
1749.44
1546.78
1864.49
1477.64
1442.32
1102.08
1768.23
1774.87
1809.09
1316.11
1568.38
874.654
1946.34
1967.8
1370.51
1915.85
1578.78
1960.79
1322.5
1659.5
1654.32
1990.29
1387.75
1311.75
1773.63
1690.03
1227.54
1611.12
1135.16
1433.23
1744.1
1918.96
1512.16
1334.58
1512.27
1362.34
1868.95
1611.51
1713.03
1609.75
1911.18
1573.4
1171.05
1433.38
1794.95
1630.45
1636.26
1605.05
1698.05
1944.89
1190.97
821.425
1661.6
2121.53
1126.93
1418.34
2012.72
1959.17
1342.55
1254.41
1246.5
1634.63
1765.73
1261.1
1742.45
1500.97
1659.65
1363.52
1365.91
1466.52
2092.61
1888.76
1548.8
1727.62
2151.04
1507.75
1250.51
1413.94
1857.66
2027.97
1748.86
1199.54
1627.51
1601.69
1446.15
1168.86
1446.62
1990.15
1585.63
1160.86
1387.85
1595.99
1751.03
1448.82
1128.01
1193.93
2201.06
1992.41
1661.7
2055.45
1666.7
1273.57
1476.26
1189.51
1146.04
1720.95
1699.73
1433.75
1895.8
1928.74
1879.37
1334.95
931.35
1497.77
1649.83
1717.08
1632.16
1245.39
2056.7
1185.26
981.473
1533.63
1782.73
1427.07
1472.14
1524.95
2011.2
1777.67
1424.23
1348.94
889.011
1395.8
1812.86
1622.76
1067.23
1732.79
2102.67
1052.28
1105.53
1353.04
2107.9
1284.62
1683.21
1729.86
1722.36
1644.57
1843.44
1320.56
1361.19
1970.33
1638.03
2062.12
1661.04
1868.09
1899.19
1348.24
953.035
1634.59
1656.28
1696.7
1640.78
1573.94
1795.15
2001.3
1358.13
1189.26
1551.55
1703.28
1514.94
1685.51
1400.73
1624.11
635.646
1552.04
1573.15
1430.71
848.895
1441.06
1362.76
1332.24
1422.56
1459.7
1587.28
1446.9
1079.1
1582.39
1334.35
1285.19
1556.49
1638.3
1389.68
1326.88
1258.58
1606.29
1145.08
1508.12
1137.12
1395.09
1453.71
1768.79
1416.63
1527.84
1435.93
1649.88
1281.97
1130.43
1289.98
1794.32
1438.84
1392.33
1354.29
737.623
1504.43
1711.71
1745.39
1279.68
1555.81
1549.59
1480.32
1423.33
1264.84
1819.41
1394.57
1298.07
1567.11
1312.3
1369.58
1404.16
1435.24
908.611
1378.17
1660.26
1543.91
1214.52
1340.48
1160.62
1597.97
1445.97
1595.66
1316.56
1868.03
1381.45
1362.73
1031.05
1495.43
1552.48
1466.48
1165.84
1499.64
1744.04
1275.76
614.732
1507.85
1810.78
1368.33
1033.03
1669.69
1866.59
1649.16
1052.92
884.845
1530.76
1541.35
1248.4
1236.6
1344.8
1558.09
1283.15
1195.88
1090.05
1745.72
1873.85
1466.26
1436.13
1690.36
1770.97
1013.27
1089.97
1662.69
1850.66
1696.48
1223.46
965.987
1678.78
1116.69
1300
992.533
1783.39
1548.89
1167.78
1036.61
1361.12
1528.23
1534.75
1145.57
877.46
1801.47
1872.03
1676.21
1632.12
1713.74
1313.35
1030.95
1154.32
1065.41
1452.24
1615.5
1215.72
1593.23
1637.48
1669.97
1341.74
953.258
1194.62
1561.94
1717.01
1595.7
1021.54
1667.28
1283.19
936.734
924.1
1587.96
1231.45
1513.7
1184.88
1809.51
1685.51
1392.16
1174.39
715.699
1177.31
1610.94
1745.2
1003.14
1425.31
1889.68
1428.56
1022.24
1026.3
1725.12
1392.72
1193
1507.36
1589.81
1518.19
1693.79
1367.04
985.599
1770.96
1385.29
1831.77
1621.32
1629.3
1820.6
1506.87
896.937
1235.39
1590.28
1622.2
1444.03
1464.21
1465.02
1742.62
1307.38
1049.04
1138.16
1744.84
1491.88
1588.67
1255.73
1558.14
792.373
1202.48
1972.16
1691.82
1766.8
971.817
1500.58
1400.61
1647.21
1582.02
1685.24
1753.86
1756.05
1186.8
1843.93
1445.57
1512.77
1642.98
1918.13
1481.8
1648.8
1371.19
1875
1295.66
1696.92
1318.89
1577.24
1588.99
2071.62
1585.44
1863.32
1571.8
1804.26
1424.85
1342.99
1528.78
1957.21
1605.09
1621.96
1414.21
890.175
1771.97
1948.31
1963.61
1347.31
1909.64
1794.36
1786.42
1443
1523.68
1998.72
1530.34
1446.45
1688.98
1565.8
1537.27
1469.37
1529.55
1092.2
1610.26
1779.51
1791.32
1347.8
1489.44
1387.76
1848.33
1691.31
1821.69
1457.57
2073.04
1545.39
1579.19
1167.88
1727.02
1730.18
1699.82
1379.69
1831.74
1924.19
1528.99
704.297
1580.01
1987.56
1673.07
1037.29
1874.06
2076.33
1973.61
1170.43
998.016
1737.42
1842.02
1438.68
1581.83
1496.48
1866.34
1490.84
1292.13
1279.97
1899.19
2251.93
1536.94
1553.47
1898.17
2040.27
1132.61
1322.04
1824.02
2128.2
2017.34
1405.07
1090.51
1933.71
1384.93
1485.26
1070.36
2070.75
1844.82
1401.65
1040.85
1439.14
1722.76
1706.81
1338.42
1065.26
1891.77
2167.51
1884.15
1724.98
1997.82
1439.9
1164.67
1265.61
1121.51
1594.19
1830.64
1411.97
1862.93
1799.69
1823.92
1533.85
1221.38
1232.52
1742.83
1955.49
1772.74
1205.09
1838.03
1638.3
1119.8
944.194
1814.65
1358.29
1676.63
1368.42
1985.73
1854.89
1588.59
1396.52
748.248
1457.49
1717.55
1987.22
1211.99
1503.96
2061.39
1710.74
1066.91
1193.67
1899.03
1740.76
1310.06
1819.63
1774.61
1771.02
1906.91
1639.12
1176.59
1905.22
1595.95
1917.07
1860.3
1792.09
2074.53
1759.83
1016.33
1400.89
1750.67
1857.08
1527.26
1613.27
1844.14
1973.49
1635.26
1178.8
1165.44
1981.24
1553.86
1741.22
1465.75
1802.89
979.7
1300.56
1420.78
1302.9
1158.61
778.616
1153.09
1135.86
1176.59
1226.97
1294.94
1397.24
1265.62
937.803
1231.72
1149.04
1187.38
1278.92
1422.3
1075.17
1179.56
1001
1414.29
1023.18
1251.24
1071.04
1145.45
1261.67
1580.43
1132.55
1340.69
1178.86
1378.03
994.77
983.906
1094.93
1379.95
1179.52
1182.1
1087.33
689.412
1311.59
1437.69
1451.32
1056.91
1392.45
1202.09
1279.35
1169.4
1148.04
1524.24
1169.3
1124.58
1324.64
1224.13
1100.01
1148.7
1188.09
764.391
1153.88
1348.26
1346.85
1054.83
1131.09
1045.58
1390.91
1237.05
1341.63
1078.88
1563.71
1161.91
1110.26
899.65
1270.82
1358.71
1289.12
963.268
1335.18
1389.98
1080.33
517.14
1224.74
1614.97
1220.24
801.079
1344.46
1549.18
1446.78
906.744
752.497
1238.98
1333.93
992.357
1137.26
1143.24
1379.19
1143.46
1037.83
898.748
1394.07
1649.61
1124.01
1305.22
1446.51
1613.98
832.519
980.686
1359.67
1557.72
1588.37
1094.69
811.781
1474.41
1004.61
1068.55
761.085
1450.05
1386.8
1123.13
792.933
1079.07
1332.3
1288.1
1002.91
660.016
1367.19
1568.93
1503.19
1321.59
1546.07
1105.41
908.243
962.758
832.359
1199.69
1352.66
1094.24
1398.36
1455.66
1500.16
1120.35
886.277
984.645
1253.81
1425.13
1259.33
894.373
1334.21
1162.31
844.622
727.679
1429.73
1106.9
1217.85
949.365
1486.32
1441.96
1245.06
1063.61
582.987
1025.15
1277.17
1565.37
837.629
1035.01
1460.99
1304.62
778.652
939.123
1433.13
1300.4
1062.89
1406.47
1204.2
1315.71
1401.38
1256.09
820.135
1392.95
1239.61
1491.1
1365.57
1289.18
1462.71
1259.63
801.34
996.906
1262.19
1281.09
1180.84
1220.89
1316.2
1436.31
1232.09
897.634
928.935
1414.4
1178.55
1313.64
1096.85
1319.32
731.182
994.886
2547.96
2908.26
2110.11
1609.13
2529.53
2281.65
1732.63
2841.33
2655.78
2783.7
1896.04
2170.84
2727.41
2292.36
1949.89
2842.38
2566.16
2398.04
2235.81
2394.37
2596.59
2082.53
2713.19
1746.18
2465.59
2684.71
2517.08
2493.18
2496.09
2720.51
2486.48
2133.35
1807.17
2375.64
2707.12
2473.89
2136.62
2403.78
1238.01
2796.16
2872.52
2437.68
2568.99
2373.35
2788.61
2252.23
2544
2226.62
3107.4
2241.85
2031.5
2607.74
2331.37
2126.76
2464.98
2011.98
1802.44
2661.55
2854.1
2391.08
2019.34
2339.92
1956.69
2724.26
2505.48
2672.26
2343.4
2937.86
2429.14
1797.12
1988.96
2787.89
2364.17
2556.04
2289.68
2479.16
2895.79
1914.53
1041.64
2632.53
3144.02
1741.54
2196.56
3006.36
3041.13
2279.77
1815.09
1735.11
2591.35
2702.75
2027.71
2382.01
2293.46
2633.58
2053.41
2041.85
1945.46
3106.71
3125.55
2433.6
2580.25
3007.72
2636.47
1752.7
2046.46
2908.94
3209.76
2712.59
2109.82
2033.12
2636.77
2074.47
1824.38
1986.55
3054.38
2458.22
1779.29
2168.94
2402.21
2560.8
2395.36
1785.81
1656.62
3227.07
2966.86
2639.72
2887.73
2662.3
2056.93
2041.88
1838.37
1630.26
2469.56
2790.9
1962.23
2795.32
2770.83
2827.03
2064.09
1492.67
2183.8
2648.18
2626.4
2462.26
1938.69
3012.57
1907.54
1535.79
2028.01
2603.17
2289.8
2298.47
2121.74
3001.64
2785.23
2258.93
1939.96
1219.32
2019.12
2898.25
2673.23
1598.97
2690.25
3153.97
1967.23
1631.26
1970.12
3157.89
1963.47
2436.4
2601.17
2739.42
2337.41
2839.35
2154.11
1816.43
2960
2523.11
3134.19
2671.2
2877.91
2883.78
2270.24
1401.82
2374.41
2628.94
2708.43
2603.62
2454.4
2513.39
3040.54
1989.31
1773.73
2282.14
2811.83
2367.78
2734.97
1934.01
2961.58
947.99
2550
