1883.79
1930.14
1127.14
2044.16
1877.95
1856.45
1854.78
1939.5
2176.25
1795.17
1802.97
1535.22
1974.69
1939.71
1889.64
1416.76
1773.83
1906.8
1795.12
1832.38
2027.82
2040.61
2096.11
2045.11
2124.09
2072.49
1777.75
1782.78
1752.13
1797.4
1724.9
1769.43
1742.13
1535.85
1613.6
1658.26
1623.75
1610.58
1788.86
1631.95
1907.94
1650.7
1716.82
1887.81
1771.46
1689.17
1595.74
1690.5
1675.47
1746.47
1748.53
1740.58
1710.16
1808.66
1829.73
1842.02
1817.49
1653.7
1379.27
1755.52
1897.83
1739.88
2005.02
1921.06
1714.67
1890.51
1836.79
1892.12
1838.47
1750.3
1319.41
64.761
1829.43
1953.32
1953.64
1855.31
1110.07
1569.23
1619.26
1650.02
1700.76
1803.52
1706.08
1776.75
1881.43
1787.95
1795.74
936.931
1136.19
1938.02
1451.46
1750.88
1747.69
1812.18
1693.59
1739.99
1690.89
1626.98
1711.86
1785.12
1784.25
1764.29
1372.51
1713.71
1753.23
1488.22
1831.33
1807.35
1871.01
1758.43
1601.37
1917.13
711.339
106.757
1478.89
1705.44
1457.53
1518.54
1280.37
1351.25
320.537
508.157
1590.07
332.863
1008.29
1803.37
1518.65
1775.94
1706.89
1650.24
1700.24
1597.9
1794.23
1534.93
1337.46
1538.9
1383.56
1620.28
1594.06
1516.85
1581.86
1731.43
1776
1662.4
1676.63
1821.47
997.393
1323.29
1761.34
1540.97
1858.13
1767.83
1795.1
990.526
1678.56
1627.85
1771.41
1484.77
1687.51
1616.27
1642.07
770.711
1551.62
1489
1562.68
1521.46
1723.32
1606.88
1187.41
1685.21
1668.31
1655.88
1425.37
1738.4
1751.15
1420.78
1757.96
1629.07
1451.46
1048.83
1340.88
1545.66
1324.55
1257.83
1461.22
1372.96
1374.92
1700.06
1660.34
1530.29
1459.79
1337.44
773.621
1050.22
1218.67
1275.84
1728.58
273.965
988.94
1017.51
1357.53
1720.8
1411.61
1439.26
1886.55
1717.59
1783.15
1846.87
1839.65
1921.99
1663.62
1321.73
1850.13
1888.62
1843.7
1607.79
1262.77
1773.08
1709.66
1585.21
1826.39
1901.34
1938.48
1999.78
2014.02
2039.67
1880.59
1774.16
1873.26
1805.13
1906.54
1787.25
1796.54
1686.13
1514.36
1713.11
1771.9
1726.04
1846.97
1695.21
1876.53
1736.92
1776.42
1884.01
1885.67
1916.39
1638.31
1695.86
1668.06
1773.1
1770.92
1807.57
1723.72
1828.11
1898.16
1869.74
1685.69
1860.82
1365.98
1898.77
1965.84
1929.71
1834.89
1992.29
1730.91
1868.96
1892.67
1769.72
1706.88
1949.18
1751.59
376.116
926.034
1954.56
1950.7
1937
1772
1162.9
1591.53
1673.66
1517.71
1699.25
1676.35
1796.51
1817.91
1715.57
1821.56
1603.08
355.349
1843.77
1585.22
1687.73
1755.87
1670.03
1705.97
1822.75
1703.73
1431.71
1582.28
1630
1588.72
1584.03
1411.76
1431.43
1643.1
1385.46
1598.63
1648.81
1662.24
1616.83
1635.76
1588.13
1351.39
80.294
839.621
1396.15
1541.95
1458.66
1249.2
1277.2
885.137
81.945
1174.55
1041.21
110.981
1662.36
1391.29
1300.8
1545.48
1361.64
1397.9
1340.68
1540.27
1511.6
1249.99
1217.07
1296.81
1304.02
1292.04
1393.14
1272.31
1318.96
1614.31
1701.07
1409.16
1450.22
1421.13
789.444
1431.43
1693.35
1379.07
1620.7
1732.19
1478.62
1017.12
1474.74
1557
1515.8
1653.32
1627.58
1501.85
956.557
1318.51
1374.51
1350.94
1422.91
1493.93
1666.28
979.586
1533.21
1514.67
1449.8
1334.96
1586.43
1636.59
1455.66
1519.51
1595.65
1547.11
1022.11
1285.41
1429.13
1348.32
1312.39
1143.57
1451.93
1083.01
1653.62
1533.89
1462.09
1439.08
1362.75
1163.98
632.877
1140.98
1185.24
1267.64
981.049
769.443
1014.54
1084.63
1484.11
1727.96
1267.26
1485.86
1729.22
1729.18
1658.29
1908.66
1898.49
1890.27
1656.89
1274.46
1797.77
1853.55
1846.56
1651.13
1307.88
1801.48
1702.52
1616.55
1948.2
1842.55
1943.88
1920.27
1912.76
2006.57
1784.87
1798.25
1775.77
1713.83
1811.29
1870.27
1799.44
1724.67
1413.63
1675.84
1784.74
1636.01
1787.83
1626.35
1811.38
1705.63
1679.31
1791.33
1925.76
1849.88
1718.36
1717.16
1641.26
1802.91
1744.75
1915.25
1725.34
1853.78
1750.97
1806.33
1717.39
1856.75
1348.91
1848.51
1839.8
1789.73
1839.66
1946.41
1817.49
1825.16
1852.84
1810.51
1713.15
1869.7
1642.8
365.725
961.345
1931.59
2000.1
1862.42
1652.01
1074.27
1420.52
1527.38
1379.81
1468.92
1441.07
1498.92
1494.83
1521.19
1596
1415.91
400.214
1706.5
1414.54
1530.43
1601.94
1561.15
1511.59
1529.06
1589.44
1413.66
1524.97
1527.46
1635.23
1572.98
1139.92
1401.1
1573.85
1282.52
1458.44
1536.26
1471.17
1479.21
1429.27
1491.48
1063.29
41.637
856.603
1295.59
1376.55
1316.34
1142.59
1140.24
749.886
59.736
1180.8
896.621
159.007
1626.71
1396.86
1413.7
1451.39
1395.01
1341.8
1359.67
1491.83
1466.54
1216.76
1158.93
1349.88
1244.05
1297.96
1360.77
1369.75
1291.1
1562
1489.72
1308.82
1510.14
1255.78
774.685
1447.02
1631.57
1346.94
1551.84
1448.81
1276.51
1034.33
1360.78
1508.03
1412.9
1490.09
1446.56
1426.34
853.148
1348.33
1352.93
1305.88
1341.81
1429.38
1636.46
930.305
1434.78
1524.29
1409.72
1341.44
1521.45
1631.9
1498.92
1482.5
1547.86
1382.09
934.507
1200.22
1366.66
1301.96
1447.34
1163.51
1275.65
1104.15
1535.68
1552.38
1485.25
1407.37
1299.48
1205.4
682.54
1103.37
1253.24
1306.93
892.065
795.448
980.947
1149.13
1529.57
1732.28
1464.66
1201.59
1760.72
1578.96
1637.47
1849.47
1782.3
1932.3
1542.48
1292.33
1651.17
1867.08
1875.39
1673.05
1283.69
1664.63
1593.87
1635.9
1884.84
1975.12
1964.98
1897.11
1959.17
1882.22
1915.15
1685.59
1771.38
1873.04
1927.13
1788.41
1744.72
1847.38
1512.71
1713.4
1673.36
1658.38
1708.63
1592.53
1789.29
1713.74
1655.55
1824.02
1839.95
1794.15
1732.39
1691.16
1661.95
1885.75
1833.75
1924.33
1756.1
1861.94
1837.36
1890.85
1831.88
1899.48
1268.29
1840.32
1916.39
1871.6
1839.35
1937.84
1682.89
1971.61
1935.92
1824.34
1794.14
1919.67
1635.76
435.039
873.367
2004.55
1979.33
1977.96
1800.77
1028.88
1475.29
1515.89
1496.67
1517.04
1485.97
1607.37
1563.97
1624
1689.17
1419.78
329.314
1759.54
1431.21
1474.44
1621.07
1543.89
1585.83
1667.2
1642.77
1448.72
1609.04
1699.59
1653.61
1650.22
1440.86
1388.48
1643.86
1382.57
1561.1
1601.07
1622.16
1689.8
1503.42
1521.18
1339.55
75.061
891.498
1302.66
1429.76
1358.45
1207.74
1334.25
859.963
53.501
1140.45
1063.15
112.296
1739.31
1435.07
1457.4
1758.4
1458.54
1475.84
1491.07
1624.33
1650.37
1353.63
1256.72
1453.07
1451.93
1380.06
1545.27
1445.45
1388.62
1714.11
1685.44
1442.52
1640.55
1456.34
847.873
1469.51
1733.18
1440.7
1714.58
1618.48
1535.56
1060.55
1461.79
1591.75
1571.27
1632.69
1581
1494.16
989.382
1385.56
1494.28
1329.42
1486.5
1564.54
1715.22
1035.7
1685.69
1673.88
1561.46
1416.05
1714.95
1714.58
1532.1
1520.79
1712.26
1521.93
1058.34
1325.32
1409.92
1379.69
1450.45
1156.35
1352.29
1072
1678.47
1633.67
1495.79
1463.22
1389.75
1248.27
657.117
1226.99
1276.29
1305.02
1011.5
827.945
1069.8
1087.92
1589.3
1609.36
1599.56
1101.3
1815.85
1683.9
1666.53
1745.74
1689.41
1866.42
1689.35
1577.7
1373.57
1809.13
1802.03
1664.02
1198.73
1578.75
1572.35
1595.12
1875.74
1848.28
1929.23
1922.27
1896.5
1904.32
2002.17
1775.97
1713.14
1825.13
1860.53
1760.38
1738.23
1703.58
1615.02
1565.69
1756.98
1815.06
1686.64
1852.94
1701.75
1765.15
1679.37
1854.39
1939.42
1911.75
1726.93
1750.1
1694.6
1844.25
1889.43
1943.78
1910.22
1909
1863.62
1934.95
1883.6
1851.11
1679.42
1571.42
1904.21
1997.38
1786.08
1958.13
2022.62
1870.15
1900.55
1965.87
1784.5
1880.1
1732.49
939.274
307.791
1977.86
1935.16
2050.44
1971.12
1058.52
1676.36
1706.9
1643.9
1734.92
1810.1
1706.65
1888.66
1865.45
1847.19
1873.3
741.5
1477.64
1906.78
1518.21
1779.62
1757.29
1733.6
1765.34
1853.98
1737.66
1605.6
1758.41
1790.44
1817.58
1694.9
1255.11
1848.86
1650.08
1609.92
1671.84
1753.42
1764.25
1653.66
1515.84
1682.68
372.821
391.894
1477.54
1574.26
1403.82
1343.62
1378.84
1108.64
156.753
783.243
1409.23
226.141
1208.38
1671.71
1565.25
1644.47
1658.7
1502.42
1581.48
1515.58
1676.31
1399.42
1353.12
1367.2
1412.93
1406.44
1419.05
1432.53
1387.34
1566.5
1641.33
1581.99
1624.91
1594.42
878.064
1367.61
1705.7
1456.24
1770.19
1670.92
1527.05
1045.64
1618.74
1519.51
1698.11
1613.5
1781.31
1502.71
1398.92
973.095
1535.29
1393.52
1540.36
1433.14
1683.89
1573.01
1376.24
1677.71
1589.85
1408.54
1692.53
1694.08
1768.9
1499.55
1788.4
1556
1379.03
1136.87
1474.55
1566.38
1391.99
1200.75
1582.46
1350.7
1681.14
1647.2
1668.93
1542.71
1474.22
1347.71
791.364
1123.04
1439.47
1352.6
1247.25
645.399
1033.73
1113.39
1432.84
