2092.46
2209.25
1981.2
2088.24
2312.84
2113.12
2092.67
2009.91
1983.86
2002.6
1851.43
2036.62
1971.56
1913.02
2337.53
2251.19
1822.96
2337.18
2157.46
1929.85
2130.9
1854.11
2255.39
2060.72
1544.56
2375.59
2211.64
1894.64
2118.12
2080.44
2055.6
2073.13
2088.95
1715.34
2055.52
2145.32
1988.12
1973.27
2379.56
2032.55
1869.27
2006.33
2050.49
2417.3
2056.71
1945.78
2084.14
2252.58
2156.75
1997.06
2255.58
2182.8
1898.08
1972.64
2024.54
2144.48
2250.45
2124.86
2070.96
2008.02
2071.74
2002.77
2138.74
1898.12
2017.66
2232.01
1914.78
2024.83
2183.75
1981.13
1943.28
1951.83
1711.72
2203.11
2267.13
2116.13
2336.94
2073.94
1986.24
2181.55
2151.82
2091.03
1908.57
2195.09
2035.91
2259.61
1923.08
1891.18
1625.13
1608.57
1865.72
2102.75
1982.04
2037.46
1830.37
1780.32
2061.89
1752.16
2240.27
1885.12
1954.28
1668.15
2221.06
2344.5
2015.29
2077.28
2059.75
2058.58
1949.45
2176.69
2331.9
2036.8
2108.76
2266.68
1991.25
2171.88
2027.2
2038.19
2290.15
2076.3
2147.02
1847.27
2162.35
2155.99
1889.78
1814.59
1765.33
1678.93
2157.24
2271.41
1875.74
2089.32
2282.75
1924.53
2165.46
1970.57
2262.63
2105.21
2248.72
2110.41
2063.89
2064.74
2077.63
2431.91
1898.33
1828.77
2101.37
2127.84
2085.29
2230.23
2018.1
2055.54
2099.19
1899.78
2110.66
1965.97
2240.06
2381.3
2121.28
2057.61
2056.34
1997.52
1822.12
1985.36
2102.69
2071.01
1980.62
1962.62
2189.98
2259.41
1829.08
2034.38
2094.12
2266.28
2301.61
2040.45
2099.19
2253.1
2246.15
2122.38
2211.19
2403.8
1933.14
2026.4
2172.7
1509.09
1421.6
2034.79
2076.96
1995.16
1958.28
1995.51
2047.42
1888.58
2003.2
1850.79
1845.07
1937.37
2013.17
2062.82
1819.82
2209.63
2252.37
2154.55
2235.71
2035.92
2243.82
2194.74
2057.67
1915.61
1869.14
2080.46
2292
1895.23
1901.86
2371.18
2191.84
2371.6
1992.75
1932.25
2263.71
2173.11
2096.1
2113.21
2364.69
1503.11
2182.57
2296.79
2080.45
2007.24
2113.53
2238.87
2111.33
2149.99
1565.6
2188.88
2180.42
1921.61
2338.12
2390.27
1930.32
1916.79
2195.28
2280.32
2216.09
2039.49
2123.84
2086.24
2207.04
2382.94
1979.47
2371.04
1650.31
2166.75
2232.42
2340.42
2018.48
1965.93
2222.09
2427.45
1973
1968.08
1902.64
2216.4
2092.05
2230.58
2005.34
2122.06
2195.91
1941.55
2124.8
2104.68
1723.52
2089.1
2258.03
2103.1
2509.74
2104.55
2182.21
2221.2
1930.76
2149.46
2194.1
2262.26
2018.24
2200.39
2155.08
2009.14
1633.83
1779.92
1965.09
2020.23
2233.68
1724.3
2135.97
2035.9
1855.28
2082.23
1840.14
2003.27
2003.71
2032.86
2011.17
2229.38
1987.15
2320.55
2338.86
1736.19
2179.14
2036.39
2381.95
2404.26
1973.41
1929.37
2083.52
2511.62
2449.55
1844.51
2009.02
2238.19
2179.86
2312.08
1980.48
1963.35
2169.54
1855.04
2114.98
1504.09
1860.8
2044.65
2135.36
2125.55
2210.46
2225.57
2111.32
1940.83
2469.36
2392.58
2563.02
1959.5
2293.7
2093.23
1872.58
2354.32
1788.63
2268.18
2017.45
2342.77
2020.03
2192.83
2178.38
2071.91
2071.88
1918.65
2154.72
2458.88
2175.37
2043.23
2115.25
2215.41
2323.77
2171.48
1913.17
1768.7
2156.57
2005.03
2208.84
2128.8
2141
1710.8
2184.56
2167.11
2228.72
2283.56
2101.26
2112.68
2212.8
2286.59
2460.03
1922.74
2129.99
2350.2
2630.89
2239.44
2047.36
1606.54
1791.28
1497.12
2028.88
2132.02
2276.33
1950.25
2104.3
1930.83
2074.36
1965.41
1898.29
2011.92
1997.53
2065.92
1817.86
1902.05
2377.67
2136.29
1666.32
2269.23
2322.56
2075.72
2003.37
1773.22
2110.34
1779.99
1691.89
2152.15
2128.91
2028.52
2129.14
1946.77
2387.19
1950.04
1834
1890.25
1933.56
2247.82
2056.67
2412.55
1330.96
2035.81
2140.13
2115.51
2045.08
1918.11
2149.87
1974.97
2152.07
1676.9
2024.57
2044.81
1847.68
2200.21
2253.11
1978.21
1907.34
2134.67
2042.63
2205.32
1904.9
2209.93
1795.62
2157.01
2250.91
2204.88
1968.34
1878.73
1904.4
2075.81
2075.55
2093.95
2157.21
2016.36
2185.9
1980.49
1857.53
2096.41
1953.91
1909.72
1934.86
2175.46
1877.15
2230.55
1819.49
2148.75
2038.62
1677.55
1816.29
2360
2185.22
2149.69
1986.04
2157.59
2031.81
2158.42
1806.03
2053.76
1854.82
2275.83
2256.77
2107.33
1863.96
1714.15
1634.26
1818.15
2037.1
1907.43
1910.02
1951.32
1902.68
1729.59
2010.54
2070.49
1861.83
1770.85
1758.7
2245.48
2077.49
2118.51
1915.76
2278.79
1774.56
1977.49
2163.22
2233.55
2082.91
1934.14
2052.27
2348.25
2051.67
1950.73
2090.94
2181.48
2119.68
1853.95
2193.64
1760.24
2118.33
2125.68
1980.88
1801.7
1340.61
2035.08
1914.62
2025.77
2206.02
1941.21
1969.94
2222.03
2133.19
1997.19
2365.36
2059.49
2007.2
1993.69
2126.56
2097.29
2199.21
1653.77
1885.96
2254.75
2207.82
1881.21
1880.62
2048.15
2168.65
2326.69
1806.71
2110.2
1878.95
2163.22
2278.79
2110.58
2036.15
2004.35
2115.82
1903.02
1755.23
1922.52
1956.13
2325.61
2095.02
1854.33
1866.13
2241.46
1934.08
1931.45
2109.39
2283.53
2173.12
1942.91
2225.57
2282.3
2136.3
2135.65
2101.41
2390.66
2173.59
1992.88
1547.64
1601.69
1693.59
1836.31
2306.13
2064.28
1919.43
1875.58
1968.67
1905.46
1850.85
1834.55
1638.03
2325.13
1800.67
1651.9
1691.61
3941.7
4036.46
3988.45
4352.33
3820.48
4917.54
4519.54
4042.49
3761.24
3592.52
3480.14
4195.76
3394.66
4237.12
4456.18
4624.34
4845.67
3692.05
4028.72
3819.04
4091.34
3814.16
4084.86
4003.53
3333.19
4612.87
4568.33
4108.06
4102.34
3751.2
3975.63
3935.84
3832.88
3436.45
4088.81
4522.28
4483.37
4219.24
4197.84
3856.43
3676.11
3702.88
4556.78
4002.98
3849.11
4597.91
4532.1
4327.3
4105.79
4461.58
3796.76
3117.45
4273.72
3945.07
3927.31
4508.28
4617.8
4063.06
3771.28
4056.27
3790.73
3537.41
3891.36
3761.95
4064.14
4431.74
4656.52
3995.66
3700.84
4020.44
3742.96
3214.08
3893.35
4134.24
4651.17
4829.16
4937.89
3914.53
3560.82
4216.24
3898.68
3566.18
4205.98
3973.56
4158.36
4509.59
4556.1
2878.32
3456.5
3543.82
3678.62
3625.53
3733.51
3755.3
3651.41
4125.07
4189.65
4055.9
3768.03
3405.84
3473.02
4035.73
4283.78
3912.99
3996.03
4507.07
4773.63
3975.81
3870.15
4319.88
3915.53
4120.82
3869.38
4133.69
3975.47
4592.04
4917.55
4085.13
4026.47
3906.13
3991.42
3928.25
3806.31
3450.43
3915.7
4222.21
3618.96
4095.27
3828.18
4068.16
3992.21
4051.15
3848.77
3886.02
3798.99
5235.01
5029.7
3967.3
4038.51
3800.97
4101.24
3772.1
4093.84
3626.19
3748.7
4797.89
4845.46
3917.93
3778.99
3961.48
4071.36
4101.98
3392.34
4152.93
4084.66
4815.29
5122.9
4129.78
3834.19
4109.15
3796.13
3325.4
3549.8
3905.21
4119.74
4623.64
5033.13
3574.45
3565.99
3853.6
4173.5
4215.86
4083.99
4010.02
3818.3
4906.11
5147.96
4185.7
4287.8
4286.31
4024.42
4494.44
4035.92
4115.09
2647.3
3810.03
4221.53
3799.93
3906.1
3987.36
3980.69
3502.48
3303.93
3657.07
4013.94
4382.39
4318.95
3472.4
3556
3603.15
3348.93
7508.09
7295.66
7336.83
7811.16
7958.77
7726.15
7252.71
7192.11
7089.23
7262.26
7015.7
7375.63
7477.94
6927.43
8152.77
7358.17
7423.85
7478.76
6924.21
7041.19
7753.18
7711.29
7445.09
7788.62
5234.76
8188
7193.82
7190.11
7479.34
7144.37
7602.67
7831.41
7004.35
5848.41
7435.85
7832.56
7303.18
7327.3
8434.02
7239.32
6993.07
7418.94
7569.58
7998.87
7440.8
7414.88
7032.42
7675.96
8068.32
7432.72
7770.16
6590.63
7447.66
7586.02
7670.64
7419.49
7171.28
7810.22
7901.68
7160.85
7352.49
6725.15
7773.36
7133.81
7372.83
7426.53
6984.48
7588.75
7647.73
7428.49
7127.46
6674.1
6697.63
7632.35
8136.06
7668.76
7602.22
7672.58
7361.42
7288.57
7564.64
7341.97
7252.75
8326.81
7262.24
7697.95
6801.97
6081.03
6173.44
6404.94
6748.04
7384.04
6650.2
7019.25
6808.43
6762.38
6623.36
6775.5
7006.36
7470.46
6799.59
6836.09
7709.95
7611.98
7601.24
7326.78
6660.03
7163.81
7344.66
8277.75
7807.07
7041.71
7333.86
7938.81
8138.57
7446.75
7084.89
7408.59
7713.6
7339.19
7896.85
7229.77
7338.98
7339.64
6856.44
7198.75
5422.72
6297.92
7573.46
7409.45
7430.35
7744.09
7355.73
7794.92
7618.57
7474.53
8185.27
7435.54
7261.41
7824.82
7493.67
7178.27
7676.87
7596.05
7047.85
7062.53
7492.75
7186.7
7603.4
7642.57
7318.5
7818.21
7178.05
7071.18
7985.07
7449.94
7632.73
7836.79
7642.06
7602.28
7668.56
7045.73
6587.16
7218.38
7659.8
7474.72
7319.8
7236.36
6666.25
7427.03
7681.24
7725.85
7588.3
7883.3
7746.55
7427.45
7759.93
7683.4
7646.03
7824.02
8038.11
8207.51
7918.06
7515.6
6636.49
5371.85
5391.02
6767.32
7907.63
7491.51
7185.31
6635.81
7366.83
6238.44
7055.2
6789.53
6689.79
7078.66
6999.82
6223.17
6883.58
