665.855
920.185
657.192
866.995
589.9
553.144
694.447
728.593
682.16
716.068
821.167
740.286
747.984
636.762
748.755
649.067
648.986
758.777
837.406
686.342
519.319
505.108
558.16
549.413
974.138
831.91
839.129
731.084
426.612
477.616
642.003
693.489
1054.91
647.44
836.027
668.471
566.071
689.706
920.582
781.877
520.774
556.996
740.727
652.089
826.367
673.445
557.043
779.177
382.408
505.04
710.105
769.042
776.444
761.52
786.608
677.108
355.182
423.472
587.988
569.821
322.37
620.738
693.211
602.243
871.71
656.821
496.299
387.334
616.309
760.405
749.15
705.142
674.035
484.739
700.909
523.623
597.268
863.541
794.6
633.023
297.798
774.8
796.157
754.718
901.752
1150.34
858.487
811.05
584.691
789.684
784.509
929.266
731.258
529.778
780.651
764.688
456.22
414.85
634.014
552.441
643.722
768.127
607.395
793.192
687.326
705.903
629.549
811.873
429.014
715.742
568.122
518.183
492.935
516.013
583.064
595.199
857.523
552.218
754.344
572.378
733.88
658.659
617.162
623.129
643.292
724.327
494.381
523.418
667.372
668.234
848.131
567.792
770.265
796.14
823.985
656.359
380.036
676.115
804.187
756.907
806.216
727.287
761.51
1060.07
662.957
654.197
537.708
575.965
663.815
361.25
361.09
456.188
497.051
786.942
768.365
545.1
1214.76
741.957
530.278
412.28
663.796
642.452
604.88
547.031
912.759
684.473
467.24
478.055
705.001
873.887
729.003
652.793
560.928
361.571
729.817
714.733
728.304
812.229
754.058
987.207
764.807
821.797
688.768
779.001
737.429
605.128
949.225
641.913
596.565
604.554
355.844
864.714
672.365
451.526
600.708
768.846
748.627
540.927
831.23
471.143
538.08
590.578
692.677
486.378
658.561
545.495
513.517
465.457
567.12
557.13
662.985
589.26
571.493
579.674
759.253
521.794
685.296
433.746
686.012
684.544
560.061
298.175
299.429
481.224
513.671
800.521
952.085
713.352
586.293
205.368
396.321
456.166
583.903
776.075
735.015
684.737
692.521
436.8
572.012
591.629
795.533
539.212
503.391
488.051
566.201
747.634
760.003
362.036
463.225
423.587
388.223
661.864
511.055
592.77
674.997
636.075
587.791
265.311
355.037
547.071
464.854
302.48
453.422
586.831
576.415
521.093
495.367
393.616
386.436
458.133
475.977
629.828
533.056
605.522
344.271
608.673
470.239
564.678
798.417
788.995
386.756
257.215
642.191
517.739
798.789
618.207
883.653
858.367
663.644
457.062
611.551
621.12
834.833
524.17
437.151
673.044
611.95
267.53
340.492
647.197
578.993
382.742
565.88
463.049
847.227
559.707
529.392
378.254
724.901
432.723
425.472
524.14
472.74
429.786
354.129
417.32
361.786
812.332
464.538
614.749
427.305
470.041
710.268
456.934
497.627
407.638
731.691
547.334
427.023
574.521
494.441
653.744
419.63
642.688
800.496
559.159
696.791
187.79
534.135
729.325
765.781
571.537
472.589
743.365
866.627
656.449
610.269
347.68
457.335
655.611
377.455
282.692
373.466
455.098
750.503
451.342
449.771
734.041
975.109
487.811
366.787
371.323
526.469
473.523
347.765
642.588
568.631
487.673
418.41
481.218
757.283
596.684
692.597
366.788
358.903
397.346
566.821
399.151
720.754
642.109
869.591
586.653
700.167
633.536
635.29
756.476
533.151
816.049
729.795
506.24
514.283
256.322
594.717
780.76
603.526
472.466
529.196
602.297
497.734
739.308
289.237
418.855
452.926
584.472
424.681
647.578
391.505
408.399
514.952
649.657
461.657
500.922
530.584
650.925
428.717
420.258
391.885
534.284
458.648
587.703
526.088
441.096
270.356
388.788
366.26
341.119
813.919
705.9
530.569
546.06
206.691
320.155
485.636
488.535
729.279
462.28
601.649
643.898
354.423
594.213
711.991
594.133
320.938
424.19
545.947
383.926
624.782
432.508
426.631
402.966
289.007
287.588
619.202
457.781
515.496
444.266
675.522
468.716
209.193
223.378
418.859
364.254
276.331
315.555
512.255
456.935
610.566
388.928
386.773
200.169
462.132
487.165
558.173
393.222
497.936
317.125
515.768
371.302
382.283
582.466
473.825
344.173
157.937
656.178
485.885
593.867
548.783
944.007
894.097
447.664
321.828
500.014
523.791
856.149
483.174
392.049
540.242
526.644
296.56
237.883
536.099
406.538
424.312
470.778
344.178
512.253
478.571
657.086
446.83
578.46
335.598
403.588
428.744
470.544
312.963
246.564
356.609
348.69
533.777
279.743
641.781
353.37
563.949
526.983
482.11
500.989
319.245
581.155
249.327
326.467
631.363
404.459
482.159
402.778
582.805
523.227
595.745
565.961
207.822
504.491
596.757
589.078
626.806
525.961
527.696
607.419
496.394
454.281
370.961
436.436
630.935
261.017
228.452
286.486
382.06
566.443
445.712
408.697
899.518
468.109
362.959
308.263
365.041
465.7
348.999
354.585
586.133
556.92
244.504
373.121
493.693
796.782
526.238
432.985
270.278
202.031
544.066
373.379
471.097
636.028
539.294
617.603
628.06
759.321
391.72
640.25
574.759
425.461
861.428
596.79
486.485
365.329
271.562
511.394
589.699
349.975
445.376
425.217
471.149
348.174
525.278
370.307
377.813
1339.65
1403.8
1458.06
1629.73
2641.17
1683.64
1594.45
1487.32
1800.73
1846.17
1626.71
1579.06
1694.16
1605.64
2443.55
2132.09
1490.47
1732.26
1910.57
1595.88
1317.36
848.355
917.135
882.519
2200.28
2471.23
1750.59
1554.51
1399.7
1400.02
1374.51
1726.3
1620.59
2140.34
2439.29
2188.02
1725.68
1738.72
1789.1
1913.63
1686.92
1216.64
1482.11
1616.71
2524.42
2342.96
1405.66
1066.43
1337.07
903.728
1012.13
1732.42
1344.1
1614.27
2320.56
2312.72
1158.77
679.451
1069.17
1307.69
1158.99
1236.62
1416.47
1696.46
2575.43
2243.83
1263.08
914.341
1293.83
1221.04
1656.32
1776.59
1299.1
1671.96
2511.9
1875.77
1171.3
1535.24
1645.85
1484.44
1079.56
818.888
1725.89
1633.24
2437
2428.12
1818.33
1854.95
1396.66
1349.68
1499.89
1881.43
1905.67
1642.28
2227.89
1854.39
1570.65
1110.84
1211.41
1602.89
1226.19
1636.62
1708.18
1556.56
2464.6
1968.33
1704.64
1401.34
1712.03
1365.25
1324.47
1200.56
1128.15
1080.27
2080.33
1561.95
1318.26
1704.6
1720.12
1577.56
1730.92
1750.37
1757.45
1619.64
2318.94
1715.83
1647.86
1046.28
1157.09
1409.71
1566.45
1587.1
1536.5
1675.2
2743.76
2304.58
1489.68
1292.28
1740.49
2113.76
1584.07
1744.74
1821.21
1860.27
2490.67
1752.7
1249.21
1053.87
1398.63
1223.48
714.854
946.389
967.864
1229.22
2846.15
2461.99
1757.67
2098.6
1450.16
867.421
905.547
1404.62
1570.61
1576.33
2483.11
2239.65
1598.46
1731.39
1624.6
1976.83
2142.17
1754.21
1662.47
1607.6
2316.53
2088.39
1298.83
1259.03
1548.14
2062.44
1877.42
1635.98
1652.21
1610.79
2670.91
1816.03
1240.85
1981.2
1701.84
1322.78
959.125
1061.3
1609.11
1324.9
1998.83
1899.59
1333.67
1396.23
1262.22
1437.45
1049.74
2853.92
4206.58
3532.18
4150.38
3207.89
2031.02
4117.19
3231.13
4317.25
3692.26
3718.51
3840.2
4061.82
3839.46
2379.15
4120.95
3313.33
3747.31
4181.35
3677.11
2581.57
1970.02
2771.74
1905.48
3612.67
5772.65
4273.82
3421.91
2488.26
2525.23
3273.85
3209.76
4521.08
4821.6
3230.96
3819.43
2702.16
3909.62
4764.92
4744.7
2984.6
2451.01
3565.51
3281.1
3438.24
4171.2
2443.88
2565.75
2836.59
1635.62
3434.36
4337.52
3538.33
3596.78
2597.98
3992.4
1716.45
1945.1
2568.16
2500.77
1853.89
2695.78
3438.16
3458.28
3022.31
3442.72
2934.01
1630.26
2705.75
3228.42
4524.59
3570.75
2973.14
2992.29
3105.8
2363.79
2465.18
3890.35
4267.41
3162.93
1282.21
2627.95
3784.93
4443.66
2772.41
5187.19
5351.07
3919.37
3294.12
3405.6
3116.93
5491.69
4569.6
2354.25
2777.82
3714.08
2415.63
1587.43
3963.91
3170.9
2838.92
3926.17
3084.72
3829.26
3220.84
3535.49
2893.15
3961.25
2774.6
2875.52
3303.71
2735.72
2236.88
2175.22
1858.21
1916.32
3883.11
3170.11
4066.85
2889.74
4017.45
4059.61
2996.01
3086.92
2485.1
3267.65
2943.11
1972.53
3604.05
3649.65
3785.77
2722.11
3644.69
4736.8
3417.49
3923.72
2353.3
3036.88
4591.51
3918.48
3628.44
3771.63
4444.62
4738.53
2830.72
3194.71
2567.51
2562.18
4030.45
2276.3
1264.54
2486
2319.65
3386.29
3499.85
3419.36
5216.73
4769.9
2977.92
1871.26
2260.48
3438.14
2948.22
2700.18
3369.77
3887.84
2811.22
2743.1
2768.95
5049.06
4725.07
3053.38
3291.63
2127.32
2230.87
3249.39
3033.56
3397.3
4310.63
5000.67
4410
4305.58
3465.23
4605.27
3654.9
2815.11
4690.97
4294.93
3760.66
2525.97
1178.44
3530.17
3942.83
2678.58
2277.99
3474.7
3530.46
3160.23
3815.81
2918.16
2214.78
