1681.96
1786.58
1976.71
1088.7
1559.18
1335.73
1408.34
1470.62
1429.38
1267.11
1242.6
1450.03
1748.08
1844.12
1074.32
1064.86
1443.03
1632.76
1870.64
1405.08
1603.19
1766.84
1894.41
1824.57
1194.98
1052.53
1089.49
1386.17
1453.71
1248.9
1233.81
1093.81
1691.28
1692.04
1666.1
1368.34
1328.73
1314.85
957.484
1820.7
1783.3
1502.28
1494.84
1586.46
1313.81
1299.81
1458.78
1126.33
789.156
987.826
1268.53
1683.25
1376.07
1917.92
1334.99
1621.64
1595.68
1494.99
1713.88
1172.98
868.274
1104.43
1337.96
1288.69
1201.47
1579.2
1431.85
1482.58
1344.28
1260.31
1409.86
1526.69
1274.6
1307.74
1549.81
1521.03
1765.25
1457.12
1565.42
1574.86
1761.76
1303.33
1076
1028.31
747.998
1277.26
1425.64
1463.65
1485.2
1102.92
1676
1487.31
1821.42
1705.69
1510.49
941.713
1132.63
1644.12
1508.75
1621.38
1328.25
1462.17
1203.08
1327.09
1951.11
1605.17
863.115
878.3
624.97
1126.79
1577.86
1394.68
1734.95
1717.02
1808.87
1525.52
1528.73
1204.3
1250.19
1027.49
1079.12
1349.06
1163.88
1032.37
1191.36
1323.22
1713.57
1479.63
866.049
971.713
2064.96
1323.47
875.98
1232.36
1505.01
1927.33
1572.83
1566.99
1470.37
1586.27
1216.12
1155.53
908.461
1077.35
1103.23
1336.25
996.791
1306.52
1699.3
1457.64
1512.99
1560.7
1933.68
1107.71
847.43
1200.55
1703.91
1795.25
1685.6
1578.65
1642.05
1289.3
1566.7
1241.63
1131.91
905.025
964.501
1168.07
1241.83
1719.28
1606.87
1324.56
1384.15
1671.87
1751.11
1540.06
1738.54
1662.03
1001.51
1293.24
1288.02
1554.58
1764.58
1968.86
998.122
781.269
886.346
1041.21
1256.82
1439.12
1965.03
1477.65
1011.13
935.777
1053.43
1369.17
1357.03
1484.07
1415.49
1437.94
1663.1
3273.98
3897.98
2046.53
2367.74
2399.07
2501.02
2710.95
2866.78
2542.47
2709.32
2662.56
2780.67
3351.8
2301.82
1891.56
2705.64
2987.55
3868.97
2715.89
2679.11
2992.67
3636.31
3504.8
2397.82
1970.23
1938.55
2368.56
2506.89
2322.23
2053.26
2314.97
3158.05
3667.88
3571.55
2346.22
3030.18
2276.22
1941.42
3274.48
3163.76
3259.7
2550.66
2837.78
2815.49
2239.3
2854.03
1630.13
1596.97
2052.23
2153.15
3072.1
2964.96
3634.85
2923.84
3336.73
3065.89
2767.21
3110.97
2393.71
1881.23
1710.32
2257.35
2309.08
1966.98
2856.68
2689.42
2617.37
2336.57
2499.03
2673
2818.04
2659.6
2420.48
2871.88
3164.55
3782.46
2779.13
3196.34
2952.76
3306.18
2374.59
1832.5
1945.62
1404.64
2191.16
2598.07
2672.19
2818.45
2418.68
2818.72
2719.81
3271.96
3407.41
3078.78
1695.78
2082.02
3030.57
3000.34
3344.74
2969.94
2502.5
2195.85
1970.28
3621.57
3262.5
1895.41
1748.98
1223.91
1679.72
3598.08
2638.91
3415.3
3029.5
3759.04
2909.41
3149.96
2375.86
2311.82
1833.37
2110.6
2595.77
2351.21
1828.87
1777.78
2278.66
2884.76
2902.84
1711.12
1862.17
3561.27
2818.36
1607.74
2384.34
2425.76
3620.14
2875.3
2898.67
2911.38
3419.7
3033.76
2495.82
1678.18
2242.2
2275.83
2258.95
1612.65
2350.09
2869.29
2886.99
2859.36
2561.16
3768.21
2565.87
1376.34
2596.26
2709.92
3435.19
2745.58
3121.59
3014.71
2402.01
3548.36
3065.78
2330.65
2086.72
1917.81
2305.35
2267.81
2853.33
3269.13
2377.92
2300.37
3357.25
3337.41
2554.22
3257.77
3714.43
1803.99
2404.28
2018.69
3107.36
3324.84
3756.43
2162.96
1868.68
1694.26
1969.49
2379.77
2336.08
3812.07
3284.36
2072.68
1795.09
1936.09
2697.99
2578.64
3079.39
2435.67
2531.07
3270.8
2732.89
4031.14
4724.88
2577.73
3403.7
2832.38
3548.05
3399.59
3598.19
3627.27
3573.58
3421.32
4053.28
4389.28
2576.68
2259.66
3476.1
4161.78
4855.91
3389.52
3769.55
4097.09
4616.52
4271.09
2957.1
2444.49
2353.05
3123.97
3457.65
2826.95
3044.5
3017.59
4187.16
4226.03
4184.67
3614.47
3626.14
3134.38
2303.89
4374.51
4489.89
3704.28
3689.07
3637.21
3167.26
3127.13
3671.93
2550.35
1852.62
2362.38
2931.62
4305.09
3521.73
4838.88
3839.36
4456.48
3833.55
3587.93
4383.64
2853.8
2131.57
2316.54
3026.59
2887.75
2884.74
3950.37
3539.52
3692.68
3034.3
3003.89
3535.21
3875.46
3085.96
3269.19
3650.79
4358.73
5226
3703.88
4198.04
3873.97
4132.72
3158.35
2475.25
2249.96
1690.56
3067.62
3150.35
3490.3
3489.5
2748.97
4153.79
3367.06
4475.03
4462.73
4054.28
2192.11
2542.38
4096.99
4101.52
4524.94
3549.72
3475.7
2798.81
3057.74
4538.74
4114.81
2025.55
2108.54
1357.72
2617.43
4158.04
3445.95
4427.68
3976.68
4478.74
4120.65
3953.94
3184.56
3105.02
2328.63
2448.69
3401.48
2949.4
2364.9
2614.59
2988.57
3855.63
4007.83
2202.71
2211.41
4752.86
3311.25
2067.56
2936.44
3514.14
4647.26
3771.72
3695.82
3852.69
5127.08
3873.03
3175.26
2062.71
3032.58
2955.97
3144.36
2300.56
3166.64
4015.51
3608.44
3694.75
3633.64
4792.04
2768.93
1833.12
2860.97
4035.13
4444.07
3961.98
3970.68
3980.51
3272.55
4552.41
3530.09
3061.91
2551.84
2521.18
2723.84
3042.91
3972.97
4187.07
2980.55
3178.94
4215.12
4154.56
3916.76
4091.62
4195.89
2287.97
3141.42
2629.31
4204.47
4422.59
4897.44
2807.05
2235.32
2249.65
2625.09
3189.49
3309.94
5003.9
3774.18
2450.74
2214.63
2595.45
3313.97
3339.21
3862.11
3244.47
3708.4
4024.74
3610.09
1851.2
1714.78
1659.68
1228.23
1500.91
1473.54
1627.29
1642.19
1508.84
1714.37
1479.38
1444.71
1628.65
1425.27
913.167
1595.75
1668.19
2018.41
1828.54
1379.36
1717.76
1865.97
1770.68
1897.11
968.197
1322.82
1314.77
1480
1530.43
1264.6
1624.78
1294.6
1585.81
1732.59
1466.75
1895.27
1458.96
1284.55
1306.94
1839.67
1849.02
1341.61
1675.62
1548.27
1431.36
1651.85
1184.46
1293.06
1051.78
1091.02
1534.22
1913.6
1293.17
1686.2
1627.17
1850.19
1801.34
1524.38
1959.11
1172.02
888.303
1207.29
1294.14
1293.76
1496.7
1575.33
1801.82
1372.32
1443.28
1187.81
1879.08
1477.17
1347.59
1680.38
1593.91
1785.3
1559.29
1793.36
1722.17
1877.48
1603.42
1307.43
1022.83
1048.59
996.687
1608.06
1608.74
1530.41
1475.37
1429.81
1731.97
1469.62
1770.59
1879.93
1371.86
1136.35
1426.85
1842.68
1816.45
1829.59
1497.42
1334.96
1197.08
1390.37
1796.01
1610.21
898.362
989.233
618.001
1529.79
1716.34
1597.1
1562.16
1706.97
1762.9
1894.45
1724.7
1239.8
1226.95
1307.7
1050.34
1355.35
1042.31
1058.35
1112.55
1501.8
1732.37
1272.85
1230.74
1210.11
1705.45
1093.68
1121.51
1601.06
1703.2
1973.8
1527.84
1665.27
1780.36
1901.61
1386.68
1374.32
1165.98
1284.58
1180.24
1189.14
898.304
1628.39
1715.41
1621.74
1556.58
1602.28
1647.12
1239.65
983.27
1342.13
1990.43
1839.92
1798.56
1631.43
1585.46
1521.04
1839.7
1415.03
1149.41
915.944
1038.86
1139.09
1671.89
1925.9
1519.38
1564.52
1450.4
1503.06
1810.94
1688.67
1768.29
1606.14
1308.3
1422.94
1626.97
1534.32
2191.81
1763.34
1368.65
948.17
927.704
939.807
1164.57
1589.37
2032.38
1419.73
1021.74
1286.8
1294.5
1349.11
1485.51
1573.06
1238.28
1986.07
1442
2868.93
3598.68
2209.44
2092.18
2379.77
2406.16
2557.72
2927.14
2410.56
2559.25
2760.38
2741.4
3180.04
2126.33
1807.91
2796.57
2647.97
3422.84
2620.37
2495.26
2959.55
3571.34
2810.78
2343.43
1894.66
1884.66
2392.67
2462.97
2321.54
2191.53
2368.29
2810.88
3251.79
2709.56
2289.9
3107.65
2078.92
1897.65
2821.74
2942.93
3232.38
2327.07
2449.83
2533.06
2187.87
2883.05
1671.81
1668.03
1992.29
2016.99
2728.59
3046.14
2930.93
2914.61
2805.65
3070.27
2743.93
2546.95
2542.49
1870.29
1634.12
1957.04
2137.22
2184.24
2886.72
2476.46
2828.88
2176.27
2576.79
2289.63
3119.33
2297.85
2259.45
2694.6
2929.93
3341.04
2694.73
3092.21
2435.21
2971.34
2240.41
1875.94
1940.84
1556.37
1675.3
2406.47
2706.62
2755.04
2494.62
2712.31
2804.28
2967.22
3277.62
3184.06
1869.53
1653.88
2582.12
3110.64
2945.06
2611.21
2256.34
1910.53
2199.05
3073.14
3187.79
1990.94
1488.18
1370.66
1189.02
3173.24
2370.78
3172.48
2864.67
3516.56
2737.25
2972.98
2353.15
2085.83
1720.63
2162.02
2198.51
2240.76
1819.9
1831.13
2076.9
2635.19
2855.73
1720.93
2032.35
2777.36
3022.3
1611.24
2074.82
2405.24
3321.69
2821.59
3116.45
2893.95
2918.52
3115.38
2257.32
1814.07
1991.91
2020.07
2192.2
1858.03
1711.13
3091.39
2890.64
2810.45
2478.13
3508.37
2446.71
1689.79
2245.6
2482.94
3248.35
2906.34
2998.29
2924.76
1963.67
2978.25
2657.12
2047.08
1861.08
1622.49
1949.36
2178.84
2938.34
3239.07
2365.08
2119.1
3286.16
2905.05
2615.12
3079.27
3191.98
2071.76
2260.41
2085.3
2736.03
2940.99
3595.11
2286.91
1666.67
1394.16
1683.95
1965.1
2378.47
3342.22
3214.17
2143.84
1838.69
1857.15
2497.52
2609.97
2855.95
2311.98
2092.8
3306.44
2335.4
