2384.7
2302.8
2141.88
2026.86
1986.77
2138.81
2007.44
2088.5
2106.3
2180.19
2091.93
2200.68
2052.88
2210.7
1844.86
1569.68
1741.97
1667
1241.22
906.254
1105.69
644.095
1143.37
1469.38
1391.7
1087.92
1397.74
1891.53
2075.34
2411.41
2093.83
2154.93
2202.1
2141.28
1746.14
2148.51
2240.93
2036.95
2027.46
1877.83
2323.34
1817.89
2314.4
2227.16
2286.11
2257.17
2023.06
2336.12
2175.82
1806.48
1151.89
1071.29
1056.35
912.994
773.079
1129.29
771.034
969.626
1845.76
1988.62
1988.71
2228.59
1211.78
2108.03
2069.96
1640.22
1904.97
2099.64
1747.58
1870.18
1928.78
1778.92
1584.88
1875.34
1747.39
1458.72
2098.84
2198.34
2113.91
2213.54
1994.63
2251.49
2309.11
1834.3
1792.06
1467.95
1405.83
1385.43
981.888
948.913
736.314
1102.57
1089.4
1883.17
2177.38
2090.28
1767.09
2234.06
2295.99
2411.22
2252.26
2078.27
2308.66
1803.57
1833
2030.38
2264.22
2249.53
2126.34
1812.61
2336.11
2148.18
2518.56
1928.36
1743.52
1000.95
1672.97
1010.36
1324.93
1621.83
1340.61
1179.55
1318.05
1155.9
1209.57
1148.46
1584.63
1256.55
1760.77
2242.53
2038.78
1802.12
2174.56
2128.43
2215.27
2184.59
2138.68
2122.11
1989.87
2374.11
2346.82
2349.22
2254.1
1983.11
1883.65
1817.43
2144.97
2130.02
1840.12
1537.9
1522.77
1284.8
2092.28
1010.32
1125.33
764.6
947.116
1562.3
1637.14
1629.42
1536.98
1505.09
1899.6
2005.01
2023.64
1930.62
2328.09
1959.4
1706.27
1965.43
2197.88
2021.12
2023.74
1842.93
1792.23
2037.75
1961.07
1780.04
1840.08
1813.15
1946.24
1917.57
1692.7
1341.75
1434.3
1401.96
1461.59
1506.73
1595.28
1669.43
1565.3
1589.33
1516
1296.83
1296.08
1242.24
1236.72
2052.31
2251.65
2406.12
2190.2
1034.41
1318.82
1056.71
1055.31
971.385
1111.56
1228.84
960.827
977.398
1114.46
1098.45
1055.18
840.852
1137.86
753.821
1023.19
848.932
847.467
485.671
602.888
498.008
532.34
557.823
661.224
981.206
552.854
921.76
1119.61
1191.48
1169.83
1123.81
897.125
1274.09
954.058
1013.75
1276.58
1074.37
1020.43
1079.2
964.993
1064.11
1181.28
1167.11
1182.05
1245.72
1055.32
1256.55
1039.2
1129.5
763.878
634.665
550.985
599.871
390.301
669.311
568.604
479.344
793.8
812.697
1089.47
1080.47
991.069
715.856
996.635
1062.77
923.631
964.953
1095.96
907.31
1059.96
780.321
1115
772.105
955.73
881.546
906.818
1019.11
980.143
1253.29
956.493
1127.85
1165.92
1028.15
1018.29
963.544
638.558
650.486
645.668
682.004
334.859
497.925
605.038
728.718
1277.1
1001.52
849.667
1214.57
1139.32
1022.96
1151.04
1270.77
1209.36
930.179
960.607
1041.51
1228.25
1171.61
990.32
1128.45
1092.69
1235.68
1253.13
1011.84
1022.51
768.169
710.188
707.076
628.976
716.511
860.169
686.492
578.037
586.499
798.33
629.134
787.535
673.89
820.051
1052.24
978.687
909.788
957.768
1182.1
1078.13
1174.26
1111.2
1199.46
1028.67
989.691
1140.21
1272.92
1204.37
972.504
986.477
991.389
982.676
1226.78
904.227
942.718
810.773
764.482
734.409
784.372
836.392
562.097
434.075
591.885
942.995
799.928
999.7
743.581
632.464
1092.87
1108.68
1080.24
1199.76
1215.87
934.209
1048.03
1062.87
1195.43
1051.09
1033.61
971.975
931.312
1149.6
1042.09
1065.1
834.643
900.856
1008.4
1085.73
730.623
767.935
634.255
908.878
907.787
796.757
866.451
825.93
822.467
807.349
858.153
551.835
686.841
790.265
778.162
1077.28
1265.56
987.487
1222.07
1049.1
1039.16
1111.69
805.674
1110.99
982.44
1035.72
960.004
1087.81
941.571
911.761
1033.59
901.731
850.645
855.893
926.956
882.713
553.563
509.261
532.54
389.271
391.038
641.917
700.442
709.032
516.028
837.701
1060.63
984.171
1299.18
983.003
978.584
1031.39
826.243
1056.62
1026.82
1111.16
885.008
936.235
1134.5
882.438
1101.61
1070.53
1105.96
1068.11
1091.36
1118.37
1098.79
857.076
817.55
665.015
473.423
441.52
295.008
481.664
539.291
425.881
645.209
972.449
890.318
997.982
932.413
610.659
936.755
978.809
883.358
987.512
1066.86
642.754
854.216
1106.12
816.228
691.699
935.163
789.306
810.723
1060.77
1042.48
952.8
1016.73
1052.69
954.165
986.836
1046.29
715.015
637.125
712.767
574.498
493.518
401.605
368.268
504.724
737.456
1041.71
1008.3
911.669
948.679
1066.72
1112.45
1107.2
1010.38
1125.4
864.972
1020.5
930.6
972.265
1078.17
1047.75
977.68
1174.97
1044.83
1162.32
1187.69
671.242
629.394
805.649
637.474
580.677
662.471
659.683
640.784
630.736
548.686
653.98
482.29
668.846
635.963
796.108
808.298
905.97
1027.05
822.623
1045.81
997.138
1271.53
996.86
1088.11
916.544
952.238
1246.55
1057.05
1068.4
998.078
942.301
857.583
1001.22
1011.32
884.059
860.391
791.077
738.781
638.291
619.664
803.428
477.366
453.94
529.61
866.312
676.664
884.643
842.26
587.623
931.566
1009.16
923.061
1142.49
1009.92
1026.87
952.448
942.954
1077.63
901.642
1261.87
763.516
878.883
1062.22
895.914
936.804
957.584
756.094
983.753
1004.83
704.882
731.428
411.412
857.756
727.793
801.047
810.953
712.223
849.133
786.096
828.245
567.491
535.609
629.725
702.814
1123.26
1098.11
1122.83
1078.76
3394.51
3319.96
3034.21
3139.57
3254.23
3396.81
2871.56
3165.19
3200.07
2879.21
2704.21
2990.91
2944.62
3093.56
2419.73
2859.79
2422.16
1971.58
1305.34
1369.99
1110.84
1401.74
1907.17
2181.78
2356.32
1896.93
2783.04
3104.13
3397.75
3475.92
3161.41
3257.32
3146.26
2591.02
3343.39
3814.77
2890.51
3041.1
2987.52
3231.64
3033.6
2992.58
3317.82
3413.12
3628.41
3526.72
3376.12
2948.01
3031.5
1944.55
1546.67
1528.82
1543.87
765.924
1878.35
1802.4
1282.61
2179.03
2696.39
2885.51
3012.93
2847.84
2136.63
2823.2
3094
3089.51
3026.95
2970.55
2336.04
2675.55
2628.09
2394.88
2552.31
2696.15
2778.84
3147.44
3066.77
2984.17
3237.14
3100.8
3179.86
2993.53
2956.3
3115.93
2389.36
2140.89
1801.01
1641.62
1424.76
986.166
1535.63
1490.91
2260.81
3290.11
3140.92
3111.03
2968.59
3380.64
3328.87
3347.13
3291.6
3168.83
2942.73
2768.05
3062.61
3371.21
3380.83
3173.23
3218.96
3192.59
3541.52
3375.18
2934.67
2624.73
2263.39
2301.73
1726.73
1918.22
1854.4
2060.13
1737.35
1757.77
1767.82
1641.4
2023.51
2481.19
1987.6
2206.17
3008.74
2902.56
3012.1
2685.37
3256.32
3176.4
3538.75
3579.57
3037.71
2843.29
3317.61
3369.11
3189.68
3056.69
3077.77
3132.68
3208.15
3102.05
3356.95
2762.64
2657.81
2159.14
2127.4
2087.59
2191.73
2166.95
1408.68
1683.99
1971.5
2428.77
2316.33
2503.73
2183.4
2351.18
3027.81
2972.83
3253.42
3487.05
3134.27
2986.32
2800.42
3171.94
3267.93
3159.57
2998.55
2753.24
2967.7
3626.35
2827.32
2901.29
2834.05
2582.1
2833.61
3035.82
2156.36
2279.45
1809.79
2656.51
2360.87
2282.46
2755.71
2354.41
2249.59
2304.87
2187.3
1827.24
2119.42
2138.22
2248.92
3206.89
3322.28
3311.83
3325.01
4104.3
3923.37
4442.8
3938.88
3836.97
4585.94
3962.75
3778.62
4173.32
4026.61
3790.46
3835.76
3718.33
3761.65
3492.88
3667.9
3468.16
3177.11
2437.87
1818.18
1977.83
1341.14
2110.76
2306.31
2978.74
2745.8
2737.41
3522.03
4169.98
4457.96
4400.99
3966.94
3908.17
3993.98
3497.19
4811.47
4447.21
3876.09
3951.69
3881.83
4571.72
3774.34
4459.76
4249.78
4295.83
4594.87
3898.4
4372.04
4198.81
3455.36
2462.45
2027.63
1864.51
2068.97
1002.58
2766.58
1585.55
2112.58
3294.91
3755.67
4194.09
4057.88
2658.58
3727.4
3620.63
3913.88
3790.57
3857.06
3572.3
3205.61
3288.9
3542.39
3054.66
3204.56
3278.15
3295.69
3897.22
4130.8
3702.92
4079.66
4151.35
4441.39
4052.47
3809.02
3888.27
3284.8
2623.35
2778.06
1964.3
1668.01
1420.67
2481.2
2032.14
3539.05
4210.97
4438.68
3474.24
4274.24
4285.57
4464.83
4238.87
4572
4358.82
3758.41
3448.75
4362.93
4293.85
4460.05
4138.13
3879.21
4142.21
4608.18
4709.55
3457.61
3139.16
1999.34
3707.21
1860.46
2291.3
2420.02
2593.68
2309.84
2034.14
2610.7
2215.94
2764.03
2949.19
2580.76
3213.9
3911.56
3635.8
3611.42
3838.27
4133.24
4490.26
4626.68
4449.92
3698.62
3945.63
4545.56
4648.84
4263.35
4082.21
4049.51
4002.02
3891.37
3795.45
4398.29
3548.1
3278.54
2954.29
2581.89
2879.31
2818.4
2674.5
2018.62
1945.2
2861.19
3019.52
3107.14
3414.17
2688.95
3589.33
3397.9
3817.83
4206.91
4243.23
4013.67
3751.12
3290.85
4282.66
4340.57
4032.02
3900.64
3611.57
4300.53
4316.87
3857.08
3647.25
3315
3614.6
3840.97
3552.03
2728.07
2785.17
2969.86
3213.4
3176.64
3005.45
3630.41
3054.83
2940.66
3068.93
2803.37
2167.17
2588.84
2685.76
3698.1
4133.39
4465.51
4207.17
