1508.26
1462.36
1528.22
1552.16
1500.38
1552.02
1477.58
911.59
1496.37
1497.74
1545.02
1573.43
1562.4
1468.3
1537.69
1528.11
1558.09
1478.76
1143.76
1460.77
1624.68
1512.78
1535.71
1491.93
1579.67
1472.71
1571.53
1469.69
1533.65
1443.01
1005.61
1199.9
1348.09
1592.59
1569.74
1584.7
1599.47
1578.02
1589.82
1504.26
1600.96
1538.03
1511.03
1586.41
1550.49
1562.84
1537.9
1604.06
1576.8
1563.81
1511.15
1517.52
1524.76
1543.39
1523.74
1582.48
1557.71
1542.43
1536.17
1506.54
1516.77
1604.04
1610.34
1443.25
1594.5
1536.88
1511.87
1551.82
1493.33
1517.89
1514.23
1514.3
1555.53
1539.52
1529.31
1555.12
1519.38
1533.63
1503.49
1529.31
1454.69
1445.26
1470.31
1521.95
1606.53
1567.97
1621.71
1459.62
1572.75
1495.72
1502.28
1534.8
1541.03
1628.69
1572.24
1488.99
1483.05
1644.97
1575.86
1506.2
1525.74
1563.83
1535.92
1659.21
1397.81
1537.26
1497.85
1499.61
1626.75
1361.75
1575.97
1456.28
1522.46
1485.95
1569.45
1609.59
1621.04
1585.13
1524.76
1595.95
1519.95
1565.92
1558.33
1010.36
949.315
1602.16
1484.99
1605.82
1541.46
1054.18
1462.59
1416.46
1025.75
1499.26
1484.67
1549.08
1593.37
1503.2
1448.17
1619.47
1518.41
1517.37
1537.37
1515
1577.05
1588.82
1514.27
1518.79
1583.17
1575.07
1567.96
1506.2
1244.09
1209.6
1508.88
1464.07
1564.14
1511.57
1016.68
1572.3
1634.67
1511.17
1578.54
1568.44
1549.38
1560.7
1543.27
1449.93
1533.46
1521.13
1586.21
1572.14
1529.47
1638.52
1505.54
1558.71
1598.01
1536.19
1504.39
1432.06
1541.58
1559.33
1678.34
1508.14
1593.48
1557.95
1594.86
1523.81
1562.02
1611.72
1534.6
1537.86
1572.81
1522.32
1581.36
1544.37
1499.01
1536.84
1527.93
1461.52
1604.99
1732.24
1715.62
1747.47
1625.47
1706.99
1668.97
1726.41
1059.43
1541.41
1797.9
1654.26
1768.07
1765.09
1770.68
1723.83
1745.11
1777.12
1441.58
1249.94
1621.99
1720.77
1677.2
1791.96
1736.9
1658.62
1754.28
1698.68
1689.85
1817.14
1582.82
1214.62
1291.48
1436.79
1680.58
1680.58
1769.68
1643.74
1795.46
1631.27
1657.26
1676.66
1746.75
1717.31
1816.12
1759.06
1665.02
1617.28
1765.35
1710.21
1727.37
1729.72
1869.05
1672.34
1697.03
1592.01
1650.87
1674.99
1752.04
1733.51
1738.96
1651.23
1712.16
1739.75
1697.51
1618.78
1716.64
1701.43
1602.01
1635.73
1754.77
1830.82
1653.38
1755.22
1667.94
1755
1636.92
1726.24
1633.51
1600.19
1725.88
1738.4
1567.48
1701.77
1695.84
1716.01
1700.64
1654.52
1697.38
1684.33
1671.98
1712.64
1678.31
1838.35
1749.15
1719.8
1724.82
1671.47
1673.45
1750
1785.69
1743.99
1734.76
1685.68
1761.12
1640.95
1786.95
1649.37
1782.58
1757.34
1636.88
1657.45
1718.81
1705.81
1677.1
1785.93
1675.13
1659.4
1682.29
1740.85
1803.24
1760.72
1765.74
1672.42
1096.05
1021.25
1714.1
1776.67
1763
1803.39
1082.72
1891.81
1643.49
1209.97
1724.72
1736.58
1759.02
1807.88
1843.24
1702.08
1772.62
1756.3
1874.85
1844.12
1819.83
1814.93
1828.86
1823.46
1839.17
1890.35
1821.09
1859.74
1843.75
1356.3
1388.82
1709.31
1781.48
1888.35
1798.89
1011.01
1788.74
1699.46
1729.84
1719.21
1588.04
1671.93
1756.24
1720.31
1705.98
1829.78
1687.14
1683.92
1683.15
1639.14
1736.64
1683.97
1638.95
1676
1660.75
1663.69
1619.61
1747.02
1705.35
1784.21
1702.17
1762.16
1704.23
1725.3
1736.21
1781.74
1717.74
1708.33
1694.3
1624.91
1820.6
1820.97
1788.28
1739.92
1661.75
1725.73
1741.15
1722.85
1611.23
1651.45
1617.79
1531.76
1574.65
1650.87
1576.27
877.618
1563.67
1560.81
1597.89
1668.85
1645.39
1620.09
1639.68
1573.12
1646.06
1424.38
1156.93
1560.07
1537.61
1699.01
1529.18
1644.85
1599.63
1597.11
1584.93
1609.41
1531.4
1441.82
1036.97
1182.39
1314.69
1596.06
1605.52
1635.88
1635.49
1650.94
1612.65
1605.43
1663.14
1498.41
1627.01
1642.26
1670.74
1517.55
1466.56
1618.81
1621.78
1567.18
1668.05
1520.68
1612.85
1673.89
1620.12
1641.31
1600.98
1611.84
1574.92
1692.28
1610.81
1633.06
1612.2
1658.71
1665.91
1659.72
1546.07
1642.63
1551.05
1590.07
1603.23
1621.09
1643.92
1655.05
1538.89
1682.15
1627.16
1752.07
1670.34
1646.91
1635.27
1560.67
1651.48
1554.91
1596.64
1587.74
1581.03
1573.4
1545.63
1705.79
1624.82
1531.7
1569.42
1603.44
1549.59
1529.97
1559.4
1604.87
1699.95
1632.22
1548.69
1759.34
1537.21
1621.09
1548.67
1618.89
1644.97
1671.53
1560.45
1560.2
1614.13
1627.62
1598.14
1576.71
1549.02
1595.23
1617.24
1579.52
1606.18
1644.06
1585.52
1547.47
1643.52
1007.2
975.172
1609.59
1667.49
1587.04
1647.9
999.438
1669.82
1450.18
1098.81
1693
1657.59
1613.31
1622
1664.84
1631.48
1584.32
1596.64
1607.56
1610.75
1669.81
1617.44
1589.54
1652.42
1631.49
1640.04
1673.95
1532.55
1513.65
1274.35
1196.79
1678.63
1661.53
1527.33
1634.22
1016.02
1622
1585.38
1572.3
1616.95
1547.05
1552.79
1560.16
1614.01
1629.24
1595.82
1717.46
1624.61
1600.84
1674
1611.53
1612.81
1588.6
1572.05
1601.54
1646.88
1563.89
1616.01
1577.93
1635.37
1613.95
1657.01
1659.11
1539.85
1489.68
1639.98
1584.9
1637.29
1628.53
1630.78
1647.83
1611.13
1637.7
1568.29
1543.96
1615.87
1640.94
1575.82
1554.44
1708.16
1648.02
1520.86
1628.94
1653.93
1568.41
1531.21
895.262
1543.37
1669.02
1618.79
1558.75
1655.9
1583.45
1531.05
1611.25
1579.48
1009.54
1522.43
1616.94
1629.94
1656.46
1554.2
1585.59
1584.03
1545.47
1544.77
1649.57
1621.43
941.71
1666.82
1001.15
1536.8
1592.87
1545.1
1662.02
1530.57
1570.46
1565.6
1686.71
1604.31
1579.87
1573.92
1582.88
1615.18
1592.73
1538.19
1603.08
1671.56
1597.55
1539.94
1673.58
1625.69
1592.74
1518.5
1575.11
1565.43
1551.22
1641.1
1630.05
1527.52
1585.81
1594.47
1710.23
1584.69
1554.94
1556.73
1494.69
1573.98
1633.18
1557.55
1616.03
1496.62
1539.71
1609.24
1584.17
1619.49
1685.43
1646.24
1669.97
1654.3
1655.58
1581.93
1605.64
1630.45
1572.16
1615.1
1619.2
1654.66
1616.99
1595.21
1616.29
1540.95
1663.87
1523.26
1614.14
1615.58
1610.05
1478.6
1665.88
1669.47
1613.45
1549.96
1601.1
1567.58
1634.95
1617.88
1577.54
1552.96
1559.74
1720.15
1711.07
1601.67
1631.07
1669.64
1660.89
1638.93
1658.73
1686.7
1608.04
1615.56
1673.77
1591.13
972.947
993.78
1660.77
1703.95
1628.74
1154.4
1421.42
1573.84
916.951
1627.47
1621
1648.62
1621.77
1585.84
1595.05
1564.04
1522.84
1544.94
1709.72
1614
1564.98
1599.2
1462.22
1500.75
1559.68
1650.95
1616.33
1624.33
1663.55
939.106
1620.24
1562.25
1603.02
1628.72
1401.87
1247.13
1647.04
1617.5
1743.08
1523.91
1611.98
1611.48
1630.86
1716.42
1617.03
1644.18
1636.65
1613.34
1606.53
1629.87
1629.95
1652.41
1583.44
1595.45
1575.81
1705.67
1602.72
1607.02
1650.83
1604.25
1606.38
1577.49
1566.97
1627.61
1644.48
1606.53
1585.05
1648.2
1543.45
1629.89
1609.1
1586.39
1593.01
1675.71
1548.04
1590.06
1637.14
1547.72
1638.42
1626.7
1614.2
1580.56
1567.82
1570.89
884.92
1469.53
1664.17
1583.11
1604.5
1675.29
1639.02
1533.33
1626.81
1565.5
1423.48
1153.83
1560.46
1633.42
1562.35
1576.7
1603.62
1622.11
1556.61
1669.13
1546.04
1664.37
1592.11
1049.95
1270.11
1254.52
1610.47
1629.94
1651.61
1594.92
1524.51
1626.03
1650.37
1523.3
1553.75
1716.36
1526.08
1614.19
1628.13
1614.25
1621.66
1663.63
1580.98
1636.28
1642.46
1581.68
1539.97
1651.74
1640.84
1579.85
1679.68
1589.95
1617.7
1573.24
1579.92
1639.82
1637.91
1627.46
1662.17
1564.77
1595.25
1497.58
1597.72
1565.01
1548.53
1568.98
1526.41
1615.55
1577.84
1558.78
1525.45
1539.13
1559.95
1560.28
1614.47
1551.06
1599.08
1534.44
1687.87
1603.05
1620.18
1577.4
1615.65
1497.12
1626.34
1573.55
1548.28
1597.68
1663.58
1566.6
1646.21
1580.7
1607.93
1507.08
1587.06
1631.39
1550.62
1429.62
1504.06
1590.37
1579.34
1614.27
1610.44
1644.45
1645.61
1549
1610.68
1627.85
1569.76
1658.06
1693.78
1552.75
1661.92
1676.51
1572.1
1609.5
1003.26
987.082
1547.98
1554.3
1646.15
1612.32
1047.85
1662.09
1425.42
1004.13
1545.24
1594.5
1595.87
1567.21
1616.3
1627.53
1610.38
1549.37
1539.9
1588.16
1634.74
1691.8
1610.49
1572.14
1536.68
1679.13
1602.4
1560.07
1648.43
1312.57
1209.54
1620.7
1579.17
1639.02
1624.88
982.085
1541.93
1559.57
1636.44
1556.06
1571.91
1590.88
1594.37
1598.35
1634.28
1602.29
1586.03
1531.98
1599.45
1572
1603.79
1698
1689.79
1525.09
1609.85
1556.96
1456.17
1605.77
1622.03
1511.09
1606.87
1576.04
1597.76
1529.75
1578.26
1603.39
1601.33
1513.89
1635.5
1597.08
1574.47
1571.27
1583.82
1540.33
1580.27
1582.51
1593.91
1612.66
