3045.01
3153.03
3079.22
2933.51
2955.09
2921.8
3037.58
3002.4
3074.42
2256.87
2980.51
2951.57
3119.62
3120
2947.5
3031.02
2895.01
3220.12
3105.44
3053.89
3093.68
3028.34
3118.05
2868.71
2986.45
2808.4
3095.07
2932.3
2972.9
3069.25
3076.75
3117.47
3013.93
3037.03
2996.91
2948.12
3023.46
3101.2
3079.33
3035.72
3047.14
2191.66
2314.34
2994.32
2995.06
2976.93
2911.89
3032.04
2656.18
2576.27
3076.58
3066.66
2979.42
3140.4
2968.72
2884.66
2894.53
3017.81
3060.62
3091.61
3030.42
3080.84
2991.98
3133.02
3005.89
2799.39
2916.8
2958.33
3174.24
2956.66
3138.07
3083.26
3015.91
3119.53
2853.75
2987.78
2949.65
3073.42
2950
3019.64
3144.66
2832.66
3092.97
2929.67
3109.95
2698.19
2936.11
2730.07
3192.12
2857.51
3153.36
3028.07
3014.34
3123.48
2874.68
3106.96
2914.99
3120.04
2971.29
2962.49
2946.5
3028.24
2939.17
2993.64
3115.52
2886.47
3062.43
2980.24
3072.96
2963.41
2952.62
2943.76
3079.41
3028.14
3061.26
2909.84
2990.06
3019.95
2956.7
2987.59
3008.76
3134.49
3006.64
3065.93
2807.93
2881.43
3142.58
3021.77
3059.01
2997.9
3073.29
3034.26
2979.36
2945.88
2974.33
2970.96
2929.06
2985.59
2960.9
3068.97
2998.33
2993.01
3115.77
2992.59
3005.46
2894.84
3020.25
3103.95
3119.45
2974.57
3041.34
3041.83
3026.02
2987.71
2954.2
2934.87
2919.02
2954.15
2995.04
3033.85
3065.73
3019.21
3063.35
3063.53
3007.13
3054.54
3117.41
3026.88
3131.76
2985.52
3014.18
3014.25
3053.09
3091.24
2954.73
3005.39
2949.64
2933.16
2952.58
2901.14
3108.75
3134.18
3021.77
3063.32
2851.86
2906.75
3046.59
2971.88
3099.5
2989.76
2940.83
3058.45
3004.51
3087.33
2890.4
3014.7
2963.46
2999.38
3054.22
2957.53
3108.41
2143.34
2367.65
2205.46
2229.98
2119.25
2149.61
2246.61
2232.37
2148.83
1700.85
2254.07
2242.56
2202.99
2295.45
2209.27
2278.87
2105.61
2254.35
2212.57
2293.35
2206.7
2163.59
2236.65
2259.86
2229.9
2094.96
2210.54
2243.9
2181.03
2290.33
2175.44
2258.93
2190.43
2267.49
2294.4
2017.05
2268.49
2291.34
2260.02
2079.06
2243.89
1601.18
1896.1
2228.04
2167.39
2225.35
2283.76
2262.41
1759.17
2032.67
2251.06
2300.76
2154.86
2212.43
2199
2213.03
2109.95
2184.53
2210.78
2298.69
2216.58
2189.6
2151.22
2260.29
2357.11
2040.05
2099.08
2163.14
2290.99
2248.03
2259.52
2219.63
2170.17
2263.3
2194.43
2108.3
2171.87
2376.48
2092.88
2341.92
2112.24
2206.64
2321.2
2158.36
2300.19
1933.92
2128.43
2157.35
2194.91
2178.21
2189.98
2341.39
2131.68
2238.47
2228.33
2176.48
2225.79
2251.82
2135.04
2170.53
2262.15
2202.42
2096.23
2243.42
2264.53
2286.24
2195.49
2137.54
2259.14
2241.45
2246.42
2136.06
2178.9
2261.61
2214.87
2204.05
2084.6
2296.42
2225.8
2212.65
2168.01
2310.61
2203.84
2281.99
2108.2
2112.58
2194.08
2348.82
2172.88
2187.71
2121.78
2351.85
2187.21
2213.74
2149.68
2108.72
2225.91
2154.62
2130.55
2219.76
2157.54
2245.82
2256.81
2195.04
2143.55
2274.9
2064.25
2224.12
2194.81
2258.01
2281.67
2165.84
2240.11
2132.25
2322.4
1979.31
2226.05
2080.82
2250.32
2254.84
2227.74
2183.06
2184.6
2337.67
2233.12
2253.38
2182.74
2195.12
2319.56
2114.87
2224.78
2091.81
2408.8
2068.12
2280.16
2108.23
2278.99
2145.73
2172.83
2124.14
2226.9
2363.88
2084.64
2272.2
2099.77
2164.74
2180.43
2246.2
2126.67
2199.58
2242.6
2187.31
2253.54
2148.92
2148.06
2186.35
2170.88
2207.86
2163.36
2311.75
2123.15
2155.37
2159.06
2210.67
2157.82
2049.65
2096.85
2138.98
2149.86
2149.09
1690
2094.68
2171.35
2126.89
2194.15
2241.78
1983.43
2186.49
2147.47
2249.23
2129.94
2132.55
2203.64
2114.19
2155.03
2099.03
2094.85
2091.31
2219.86
2084.21
2159.13
2254.26
2079.3
2203.18
2073.9
2210.03
1964.61
2260.87
2183.61
2169.05
2137.14
2095.54
1860.08
1465.76
2134.06
2108.66
2112.28
2188.4
2156.43
1905.73
1946.88
1984.31
2220.55
2176.16
2016.69
2318.55
1858.67
2262.26
2000.93
2270.59
2091.02
2186.87
2178.99
2066.54
2262.52
2071.69
2131.48
1959.99
2215.29
2152.85
2222.83
2138.24
2168.91
2182.15
2053.21
2228.76
1928.54
2252.08
2063.99
2190.61
2198.16
2169.91
2103.03
2177.6
2094.44
2155.25
1934.85
2076.72
2064.74
2079.84
2177.39
2160
2112.21
2213.32
2046.18
2237.44
1960.58
2258.84
2040.17
2248.93
2010.56
2171.35
2227.06
1998.74
2256.16
1962.2
2183.2
2117.57
2139.1
2209.59
2138.91
2113.23
2179.42
2100.19
2139.19
2151.58
2012.3
2161.16
2196.59
2088.36
2188.37
2161.54
2180.06
2185.73
2223.36
2014.54
2030.86
2219.22
2174.59
2073.28
2131.5
2082.59
2173.8
2230.59
2091.2
2163.47
1953.41
2166.19
2060.65
2122.17
2098.37
2236.1
1991.19
2247.1
2047.12
2184.1
1973.88
2204.79
2102.58
2192.66
2109.14
2151.49
2207.26
2092.02
2193.94
1983.95
2159.5
2070.54
2096.88
2072.27
2151.43
2227.78
2163.34
2173.99
2077.41
2175.52
2066.64
2238.24
2055.81
2248.48
2002.88
2224.46
2061.69
2180.24
2157.06
2151.55
2085.44
2139.63
2165.97
1941.45
2206.45
2066.09
2308.02
2059.21
2225.08
2083.47
1991.96
2213.58
2017.24
2163.86
2107.46
2156.45
2097.85
2171.94
2134.1
2031.74
2125.94
2088.59
2222.24
2071.06
2191.56
2088.75
4989.08
5050.31
5063.8
4913.64
5006.28
5842.99
5220.81
4799.95
4938.47
3845.91
4925.41
4908.86
5063.63
4907.76
5071.26
5799.32
5134.06
5027.58
4975.8
5018.9
5019.12
4892.35
4984.81
4968.32
5072.63
5808.33
5164.99
4952.52
4872.46
4841.95
5019.45
4938.9
4963.7
4873.71
5047.12
5925.3
5036.6
5017.08
4895.78
4970.53
4994.8
4898.5
2714.28
4990.24
4987.06
5859.22
5294.19
4985.26
4926.14
3680.19
4821.77
4882.31
4942.44
4842.91
4938.28
5950.04
5055.51
4855.3
4822.79
4999.72
4894.05
4975.19
4952.91
4955.64
5250.31
5746.58
4999.56
4824.98
5064.76
5051.39
4906.76
4943.64
4941.72
5047.1
4924.09
5810.52
5201.84
4967.73
4921.17
5101.22
4840.79
4767.66
4982.38
4805.85
4993.13
5662.58
5037.7
4512.37
5092.23
4763.21
4909.51
4839.76
5056.9
4950.04
5210.41
5821.12
5270.06
4857.82
4889.54
4817.79
4915.56
4962.73
4866.6
4891.59
4912.87
5833.14
5248.92
4738.55
5131.88
4838.19
4857.41
4797.93
4959.18
4897.52
5045.8
5948.67
5118.88
5028.87
4957.15
4910.04
4958.64
4833.84
5088.06
4854.38
5025.51
5821.28
5265.31
4876.78
4847.66
4930.25
4844.07
4823.53
5068.09
4796.91
4878.31
5913.34
5078.89
4849.59
4809.44
4782.94
5019.49
4644.9
5010.19
4858.12
5138.28
5672.9
4990.42
4951.31
5002.95
4918.45
4829.44
4862.78
4980.5
5056.81
4850.56
5884.23
5071.61
4800.22
4794.72
4861.12
5012.73
4918.46
4833.44
4874.01
5125.21
5844.35
5353.4
4835.42
4893.63
4912.02
4859.1
4771.19
4776.28
4804.34
5078.48
5914.1
5214.51
4776.65
4611.78
4814.88
5006.07
4986.32
4916.73
4863.35
4859.51
5697.97
5164.52
4953.89
4823.09
5120.91
4706.63
4876.61
4837.88
4984.32
4828.4
5853.3
5073.05
5063.31
4920.31
4873.92
4968.97
5133.04
4947.5
5101.29
4997.45
4989.25
4622.25
5010.63
5011.45
4985.02
3804.66
4888.42
5221.08
5113.66
5095.9
5123.41
4738.56
4916.01
5234.87
4928.27
5009.51
5147.4
4960.71
5106.11
4968.27
4925.95
4758.09
4885.03
5026.3
5028.07
5033.47
5149.46
4899.49
5228.11
4999.85
5128.14
4648.02
4987.41
5089.74
5087.65
5015.66
4950.24
4579.58
3121.64
4895.14
5017.79
4689.69
5024.81
5058.5
4750.52
4061.69
5041.42
5032.24
5049.86
5003.93
4899.53
4779.41
4842.85
4943.86
5172.89
5073.43
4906.45
4949.33
4903.33
5090.72
5206.85
4659.06
4701.02
5020.27
5093.01
5187.18
4940.83
5083.15
5047.98
5075.14
4896.87
4718.35
5016.94
5084.3
5126.41
5104.17
5109.49
4796.69
5184.16
4942.56
5042.48
4526.98
4648.55
4698.83
5181.68
4971.65
5098.37
5057.78
5004.74
5050.27
4969.39
4735.7
4998.72
5159.55
4998.45
4901.16
4981.23
5028.16
4809.66
5052.55
4974.51
4814.26
5053.03
4974.49
5134.12
5018.47
5009.36
5040.59
4968.52
4954.09
5120.15
4643.73
4916.14
5045.46
4948.3
5069.13
5059.79
5185.88
5142.64
4921.95
4875.12
4811.31
5007.73
5048.65
4964.7
4996.19
4997.14
5051
5043.68
5024.18
4973.28
4646.07
4661.27
4950.8
4851.77
5027.41
5141.98
4776.98
5220.39
4943.07
4905.58
4652.99
4727.88
4986.83
5215.94
4983.35
5107.84
4932.96
5135.12
4924.79
4817.6
4678.99
4865.66
4951.27
4973.16
5017.55
5162.76
5072.66
5057.04
4970.71
5008.72
4716.31
5047.87
5055.8
5164.4
4822.53
5152.92
5030.7
5046.72
5068.41
4975.99
4795.03
4996.86
4861.66
4819.86
4982.25
5240.49
4990.47
5003.36
4963.91
4870.03
4716.61
4926.66
4886.94
5027.87
4973.37
4821.92
5080.55
5000.45
5037.44
4829.34
4731.86
4765.76
5041.45
4874.95
5015.3
5070.5
