1413.13
1520.31
1494.26
1472.35
873.853
1561.78
1466.84
1585.95
1450.92
1548.14
1521.96
1641.02
1531.5
1495.77
1480.91
1494.93
1542
1479.92
1477.96
1594.83
1339.47
1444.75
1537.97
1475.46
1528.84
1507.05
1620.03
1554.39
1047.35
1425.16
1439.6
1444.03
1596.91
1581.53
1585.73
1578.2
1522.2
1364.05
1437.1
905.194
1520.65
1199.08
1220.28
1450.53
1456.89
1555.94
1498.65
1587.63
1514.04
1454.61
1533.37
1483.89
1478.05
1519.38
1569.04
1506.17
1483.41
1597.2
1509.88
1505.62
1517.08
1053.35
1409.83
1521.92
1433.32
1493.1
1455.64
1584.69
1562.54
1457.28
1492.38
1527.7
1508.9
1398.16
1510.72
1550.4
1576.22
1541.71
755.696
1434.49
1539.99
1484.13
1384.39
1465.67
1515.53
1448.51
1566.26
1610.32
1554.49
1578.21
1445.29
1509.04
1538.97
1443.18
1520.14
1479.27
1462.46
1464.48
1505.9
1618.07
1509.25
1430.22
1559.62
1602.68
1456.54
1531.26
1491.52
1537.76
1468.15
1571.79
1492.58
915.661
1388.8
1073.46
1506.12
1529.37
1530.01
1493.65
1567.26
1544.79
1449.67
918.174
1566.35
1540.82
1557.18
1528.7
1506.26
939.394
1464.91
1568.43
1496.38
975.078
1455.04
1554.76
1482.82
1374.31
1461.09
1504.46
1514.98
1165.8
1159.84
1573.53
1472.48
1507.59
1480.45
1551.31
1540.71
1481.46
1526.32
1499.82
1617.39
1528.51
1490.61
1506.93
1424.4
1015.94
1473.91
1531.74
1599.3
1454.99
1509.36
1571.81
1553.17
1511.06
1555.48
1524.44
1525.6
1474.3
1455.87
1449.21
1543.06
1537.69
1505.65
1536.9
1566.3
1550.75
1519.83
1556.88
1539.69
1455.27
1466.87
1469.63
1561.64
1509.49
1533.33
1537.58
1410.19
1538.61
1519.73
1552.64
1444.89
1616.18
1512.18
1542.98
1544.67
1560.23
1468.73
1486.53
1518.73
1557.93
1587.77
1735.58
1696.2
1754.74
1632.64
992.437
1700.61
1671.13
1590.02
1659.61
1566.15
1708.45
1665.3
1615.72
1602.43
1667.19
1687.28
1727.04
1593.58
1740.83
1686.11
1544.42
1660.93
1588.67
1660.39
1652.1
1641.07
1640.34
1711.62
1055.59
1571.55
1597.18
1646.45
1724.78
1675.97
1711.6
1745.7
1703.69
1552.31
1680.6
1081.12
1739.4
1606.41
1012.75
1620.67
1549.21
1673.89
1647.85
1697.29
1676.32
1686.03
1753.75
1707.45
1665.73
1624.71
1597.71
1668.36
1581.02
1677.15
1690.82
1724.26
1603.26
1240.87
1586.04
1666.93
1721.95
1554.3
1618.71
1710.57
1659.82
1566.8
1626.16
1544.89
1630.29
1615.3
1792.35
1608.86
1678.4
1609.04
878.217
1718.56
1624.37
1729.48
1544.36
1550.13
1583.69
1724.34
1752.47
1645.7
1646.54
1759.07
1611.73
1720.49
1640.79
1767.64
1634.48
1644.97
1673.39
1718.01
1642.87
1526.2
1668.02
1550.54
1640.68
1669.61
1656.17
1714.01
1685.98
1655.08
1703.55
1745.97
1696.44
930.975
1645.18
1090.52
1724.21
1759.76
1673.47
1661.06
1678.97
1673.46
1657.79
1183.67
1397.13
1624.4
1614.89
1546.65
1655.18
1460.62
1296.49
1697.88
1715.72
1078.05
1662.54
1640.78
1628.17
1625.67
1615.2
1645.45
1738.3
1678.93
1133.38
1640.98
1591.72
1660.26
1618.31
1671.86
1702.27
1696.01
1676.36
1698.67
1669.78
1765.02
1679.13
1771.31
1679.52
983.349
1741.09
1677.43
1688.46
1676.97
1687.3
1688.47
1688.49
1730.5
1733.88
1704.23
1677.3
1689.03
1768.47
1610.38
1760.28
1656.7
1769.75
1746.07
1691.48
1715.13
1684.95
1684.43
1732.64
1553.87
1720.86
1800.21
1594.01
1647.81
1710.06
1670.95
1682.35
1683.33
1699.55
1692.86
1652.4
1705.73
1584.07
1645.57
1601.83
1617.3
1669.34
1625.68
1669.18
1592.9
1647.16
1590.58
1559.68
1516.11
1579.71
868.648
1510.15
1626.21
1607.11
1528.17
1623.03
1575.7
1569.39
1559.88
1562.84
1655.71
1457.54
1549.72
1619.25
1596.52
1492.12
1463.46
1522.04
1562.77
1558.74
1545.13
1534.78
1621.98
1606.35
1100.81
1534.59
1390.28
1509.09
1574.91
1587.69
1604.26
1558.83
1566.72
1438.02
1600.52
1024.61
1498.93
1603.41
883.402
1429.33
1485.03
1597.16
1604.32
1571.37
1599
1571.73
1592.07
1671.29
1626.04
1670.09
1588.04
1569.5
1584.98
1589.49
1532.26
1546.91
1531.54
1272.8
1396.11
1520.47
1554.3
1442.67
1659.39
1579.24
1537.52
1597.25
1570.91
1549.1
1614.53
1565.94
1617.48
1617.81
1589.92
1527.92
824.244
1509.9
1578.23
1562.79
1586.82
1534.49
1567.43
1645.9
1570.68
1644.52
1567.43
1608.01
1654.4
1572.9
1603.6
1595.02
1559.86
1587.66
1487.05
1564.28
1598.7
1544.15
1463.24
1506.47
1496.5
1583.12
1642.16
1543.56
1573.34
1576.39
1572.58
1566.13
1539.82
939.874
1593.65
987.082
1561.4
1579.14
1625.61
1562.3
1556.54
1553.6
1578.32
1284.48
1365.9
1621.68
1548.9
1537.73
1592.42
1354.25
1148.96
1564.62
1624.25
955.696
1533.37
1534.63
1405.85
1609.98
1534.88
1534.27
1615.95
1593.29
972.119
1663.86
1558.51
1563.76
1595.68
1586.24
1616.09
1599.56
1651.12
1536.87
1613.7
1704.88
1553.5
1640.45
1585.99
917.661
1506.93
1577.98
1531.7
1645.7
1617.66
1587.66
1553.28
1575.54
1547.9
1658.32
1577.48
1579.33
1584.61
1620.33
1554.97
1559.95
1598.97
1553.36
1560.53
1577.78
1628.13
1636.38
1608.31
1545.49
1673.21
1556.75
1577.43
1601.2
1554.59
1624.17
1546.05
1559.41
1584.77
1551.2
1579.11
1585.77
1527.94
1582.5
1646.63
1591.82
1524.09
1545.83
1630.93
1579.21
1607.17
1553.38
1560.06
1543.81
1253.6
1053.35
1620.12
1567.27
1525.97
1546.05
1520.84
1568.88
1507.66
1514.55
1543.15
1605
1568.48
1528.28
1603.84
1544.65
1614.09
1454.58
1546.1
1495
1573.66
1527.07
1479.42
1564.03
1641.36
1008.79
1432.86
1521.51
1688.83
1671.65
1593.21
1564.77
1642.62
1625.83
1344.87
1618.98
1021.91
1623.37
1052.15
1484.82
1488.86
1527.76
1558.78
1584.64
1466.09
1592.16
1623.6
1536.57
1548.27
1649.69
1532.77
1687.38
1610.28
1519.27
1584.9
1700.36
1554.83
1586.07
1146.19
1537.5
1593.76
1477.9
1584.32
1518.97
1599.8
1616.19
1511.14
1637.51
1627.64
1582.71
1549.8
1582.02
1587.48
1530.64
1435.7
950.015
1727.2
1509.38
1584.06
1463.39
1586.11
1579.99
1526.17
1559.2
1565.36
1481.97
1590.41
1525.27
1573.46
1601.64
1512.48
1688.97
1547.85
1559.1
1556.46
1619.76
1684.91
1601.43
1507.94
1560.34
1570.1
1614.34
1600.19
1653.01
1512.62
1593.55
1599.35
1288.31
1050.3
1390.99
1235.37
1601.37
1553.23
1566.19
1521.19
1583.16
1549.32
1577.93
1059.55
1621.15
1513.48
1605.23
1561.68
1577.3
1015.87
1604.04
1532.94
1608.23
1092.82
1566.22
1559.32
1440.6
1448.5
1583.07
1555.51
1605.95
1159.12
1379.84
1571.06
1504.86
1592.45
1576.97
1638.95
1606.69
1546.91
1519.58
1554.96
1615.4
1488.83
1647.05
1527.02
1382.34
1196.05
1545.03
1612.99
1541.4
1540.69
1592.4
1562.28
1635.73
1677.44
1577.78
1647.12
1636.42
1587.34
1617.66
1536.52
1613.65
1582.95
1480.35
1555.71
1641.02
1555.44
1533.49
1488.96
1577.54
1527.89
1590.86
1554.71
1639.9
1555.92
1551.3
1582.58
1533.44
1625.68
1600.14
1560.62
1531.56
1586.06
1627.6
1511.69
1567.62
1633.07
1567.79
1648.18
1584.94
1625.84
1597.26
1565.2
1549.12
1617.63
1271.2
1144.08
1534.65
1515.25
1501.36
1597.03
1653.76
1509.68
1587.8
1545.13
1509.49
1582.04
1576.8
1547.32
1569.31
1623.3
1562.28
1431.52
1649.99
1637.95
1597.11
1591.09
1550.81
1513.2
1620.8
1035.19
1388.03
1484.55
1506.32
1573.03
1632.32
1741.29
1682.75
1607.44
1416.21
1619.32
1006.91
1610.69
1005.7
1470.08
1572.24
1446.15
1590.09
1608.67
1556.5
1599.99
1579.34
1637.81
1618.66
1541.61
1638.08
1701.56
1537.21
1634.38
1533.62
1713.59
1555.16
1629.06
1153.72
1578.24
1556.08
1529.47
1483.65
1512.37
1565.5
1639.58
1539.39
1644.12
1559.16
1585.25
1500.25
1582.89
1558.15
1650.17
1434.2
1033.35
1527
1579.1
1521.9
1526.25
1668.99
1595.61
1600.16
1515.16
1642.42
1498.58
1570.72
1676.49
1529.88
1528.14
1593.91
1670.1
1614
1619.62
1576.26
1635.24
1545.69
1650.49
1442.15
1571.69
1555.71
1571.06
1603.07
1550.13
1526.8
1593.12
1556.85
1356.33
1189
1399.63
1245
1561.88
1525.48
1554.8
1631.47
1513.46
1555.39
1579.27
978.142
1562.94
1563.23
1543.62
1483.57
1583.97
905.704
1529.51
1521.4
1595.25
1087.36
1580.26
1509.88
1395.05
1503.42
1557.76
1556.98
1493.31
1067.75
1511.14
1596.13
1471.29
1550.71
1469
1562.42
1558.12
1531.58
1603.53
1592.7
1438.09
1650.28
1504.1
1524.8
1221.22
1270.84
1527.98
1540.48
1580.52
1643.07
1450.4
1665.22
1511.05
1552.15
1518.37
1648.11
1581.56
1505.52
1595.57
1632.22
1606.93
1541.16
1562.02
1574.29
1574.12
1520.59
1570.46
1537.21
1553.88
1485.12
1473.1
1635.38
1565.02
1563.34
1506.43
1560.64
1539.28
1622.69
1511.98
1608.9
1591.38
1578.97
1575.76
1597.67
1583.92
1528.13
1583.36
1544.82
1621.17
1571.38
1415.48
