3810.23
3960.98
3993.64
3787.3
3531.85
3310.18
3500.03
3716.14
3446.46
3505.7
3505.57
3452.13
3765.1
3677.99
3593.95
3879.12
3931.36
3557.86
3803.16
3877.43
3420.98
3694.16
3887.52
4159.61
3742.2
3703.51
3656.46
3675.19
3522.46
3523.18
3764.27
3979.3
3847.38
3921.08
4082.18
3621.65
3417.86
3408.65
3812.18
3695.89
3770.51
3411.4
3853.39
3793.76
3467.37
3577.35
3686.96
3656.22
3369.22
3754.68
3733.61
3735.58
3489.64
3994.01
4015.65
3997.82
3434.84
3737.86
3883.68
3880.19
3649.66
3815.36
3738.01
3415.29
3852.57
3981.31
3666.45
3665.78
3827.42
3725.32
3744.85
3677.55
3596.67
3656.43
3470.3
3478
3790.26
3599.97
3549.75
3307.61
3543.04
3902.95
3411.46
3806.62
3625.79
3775.58
3882.26
3676
3423.93
3432.35
3636.98
3926.24
3718.26
3846.38
3385.6
2527.67
3668.46
3836.24
3809.94
3628.05
3864.62
3374.97
3839.17
3858.01
3661.38
3799.11
2936.07
3315.41
3438.35
3630.93
3793.96
3611.08
3680.04
3347.8
3783.07
3503.15
3699.62
3569.92
3376.76
3589.54
3278.11
3642.07
3916.32
4057.96
3635.91
3583.81
3479.98
3810.09
3640.68
3559.56
3602.75
3677.07
3606.43
3884.36
3576.9
3557.57
3583.39
3487.51
3509.58
3700.42
3961.22
3450.04
3456.82
3737.88
3575.66
3754.83
3625.67
3494.1
3918.24
3592.14
3918.2
3526.61
3807.34
3855.7
3925.51
3820.19
3939.4
3539.12
3452.91
3678.72
3665.34
3908.28
3994.34
3915.65
3703.21
3928.02
3784.26
3331.05
3829.43
4012.75
3615.32
3823.94
3676
3496.6
4107.89
3651.62
3546.31
3736.92
3780.97
3688.29
3602.54
3467.94
3791.14
3407.72
3471.06
3732.73
3950.51
3527.72
3511.32
3590.98
3997.75
3572.76
3929.78
3324.76
3851.16
3856.25
4028.05
3590.25
3591.31
4031.46
3787.91
3870.49
3844.86
3903.42
4053.32
3654.95
3940.28
4137.74
3800.95
3945.8
4090.44
3847.61
4193.12
4397.53
4127.97
4043.15
4427.22
4135.87
3995.32
3918.33
4046.31
4073.34
4048.13
4101.48
3861.71
3868.58
3876.32
4242.23
3914.16
3787.42
3913.78
4264.44
3875.46
4057.95
4198.11
3769.59
3967.14
3796.83
3952.9
4164.44
4245.34
3743.45
4086.16
3896.46
3704.18
3979.77
3819.95
3973.29
3670.46
3838.9
3992.89
3940.84
3666.75
4103.73
4298.02
4157.37
4012.05
3828.01
4169.68
3983.39
3881.68
4084.71
4302.88
3836.54
4031.75
4044.25
3961.85
3965.59
3955.93
3986.51
3701.45
3889.36
3995.15
4126.32
3722.32
3779.95
4107.75
4123.03
3936.73
4013.07
4078.35
4147
3788.63
4157.64
3755.81
4011.05
4264.52
3959.05
4090.42
3707.52
3877.31
4177.32
3709.97
4073.78
4046.52
2690.75
4111.43
4016.12
4176.95
4015.35
4366.11
3732.57
4013.43
4017.47
4021.05
4052.57
3256.04
3681.9
3854.71
4092.11
4077.07
3937.07
4377.84
4000.63
3918.7
3603.37
4179.22
3924.97
3635.27
4040.87
3869.3
4064.97
4441.94
4211.93
3967.42
3845.53
3846
4085.7
3857.54
4022.75
3847.55
4014.53
4108.41
4231.9
4137.27
3957.36
3839.4
4134.76
3766.58
4095.94
4323.02
3757.29
3528.52
3792.81
3875.77
4153.77
4219.06
3771.43
4288.74
4035.59
4028.32
3874.38
4105.36
3779.93
3986.27
4242.55
3939.23
4070.11
4190.71
3981.05
4095.79
3801.51
4035.22
4301.5
4241.02
4097.02
4125.02
3841.58
3886.92
4026.65
4285.27
4201.71
4043
3906.91
4218.49
4082.54
3884.96
4202.51
3962.09
3936.56
3920.57
3485.07
4023.75
4109.99
3851.1
4156.31
4393.35
3788.16
4190.41
3832.89
4269.77
3868.13
4171.8
3778.74
4290.96
4218.33
4088.91
3948.92
4035.72
3882.56
3725.47
3739.13
3820.2
3948.57
4068.29
3933.86
3770.4
3531.37
3832.8
3716.48
3614.98
3595.45
3346.55
3647.89
3865.45
3979.71
4068.01
4059.46
3990.76
3981.6
3550.63
3773.44
3855.5
3671.11
4061.81
4064.64
3749.56
3800.94
3821.74
3709.67
3773.48
3457.04
3858.17
3531.71
3683.66
3967.72
3933.44
3894.97
3563.21
3418
3540.36
3863.98
3577.76
3846.55
3928.97
3658.88
3793.15
3593.39
3400.86
3309.46
3983.17
3710.79
3584.49
3602.48
3972.51
3966.56
4179.59
3949.2
3694.58
3704.37
3673.84
3895.61
3676.07
4210.46
3800.28
4051.61
3756.78
3663.26
3669.02
3655.85
3860.38
3702.72
3871.84
3842.9
4019.55
3647.38
3762.18
3726.1
3718.16
3767.15
3562.96
3746.01
4086.89
3932.49
3792.47
3632.58
3407.39
3802.2
3713.26
3840.87
3627.32
3594.28
4178.8
4171.43
3981.4
3988.87
2536.05
4017.13
3572.23
3791.99
3718.88
3945.58
3704.85
4126.19
3830.05
4058.41
3774.39
3067.48
3350.89
3524.06
3690.96
4058.48
3583.67
3609.73
3868.61
3842.88
3632.23
3815.09
4154.16
3182.08
3782.31
3692.3
3778.56
3975.49
4117.44
3887.33
3875.48
3993.04
3900.26
3856.92
3855.44
3712.46
3623.23
3867.19
3902.91
3626.08
3507.01
3570.37
3804.22
3728.65
3692.83
3839.36
3818.35
3797.91
3557.54
3970.46
3551.93
3879.91
3523.42
3744.62
3598.58
4009.53
3704.25
3643.82
3728.8
4055.33
3820.65
3913.13
3748.22
3568.09
3495.42
3803.66
3774.02
3990.02
3954.71
4238.93
3959.56
3829.68
3620.09
3609.42
3618.9
3837.37
4066.38
4087.02
3849.13
3701.95
3748.79
3869.21
3834.7
3752.98
3470.33
3798.95
3464.96
3972.93
3823.48
4124
3938.14
3858.14
3747.9
3971.74
3358.2
3765.41
3870.02
3714.91
3629.54
3398.94
3967.07
3893.74
3704.92
3977.42
4022.55
4036.2
4170.85
3741.36
3795.68
3903.62
3850.1
3416.01
3498.14
3819.53
3630.69
3995.17
3597.17
3943.96
3493.11
3974.84
3999.37
4257.19
3776.93
3723.8
3781.35
3718.09
3910.04
3758.85
3950.62
3926.23
3900.44
3676.29
3757.57
3903.5
3715.79
4078.01
3420.56
3779.16
3884.28
3644.34
3884
3969.35
3902.53
3658.59
3811.68
3531.45
3740.68
3668.12
3533.39
3895.01
4073.96
3523.55
3694.25
3731.55
3416.73
3507.23
3652.95
3514.7
3823.7
3613.16
3829.25
3672.1
3913.85
3536.03
3670.94
3488.81
4133.8
3963.97
4139.03
3627.52
3472.7
3793.73
3808.07
3569.82
3628
3628.45
3626.98
3856.8
3822.79
4036.14
3793.73
3536.81
3592.54
3641.59
3923.13
3589.55
3788.74
3599.49
3825.88
3265.32
3647.08
3775.24
3962.39
4043.71
3938.39
3625.24
3518.07
4171.05
3580.78
3549.16
3704.87
3163.24
3243.48
3911.62
3645.72
3996.44
3573.97
3560.85
3312.97
3866.25
4057.19
3477.4
3824.3
3039.1
3533.5
3703.24
3901.76
3791.08
3391.48
3501.78
3526.36
3830.42
3323.25
4223.23
3691.96
3667.03
3638.52
3553.87
4093.61
4105.18
4059.66
3798.95
4327.68
3543.31
3822.63
3606.89
3870.93
3756.96
3480.05
3763.34
3890.85
3734.28
3444.99
3396.78
3744.87
3752.77
3606.09
3974.99
3775.86
3476.2
3930.75
3702.97
3458.45
3722.97
3684.11
3851.24
3945.8
3834.95
3716.52
3536.8
4020.03
3927.03
3652.12
4350.19
3695.55
3399.81
3464.77
3868.23
3432.24
3628.99
3789.91
3976.47
4262.75
3789.32
3329.11
3972.79
3981.12
3860.53
3897.03
3819.27
3845.63
4171.06
4041.28
3442.76
3684.44
3646.16
3789.31
3574.8
3334.99
3885.15
3995.08
3770.11
3951.59
3525.05
3703.59
3719.58
4039.68
3623.77
3964.6
4049.14
3538.41
3920.75
3821.25
3713.77
3824.29
3727.2
4003.86
3854.14
3940.33
3682.35
3945.63
4145.88
3594.12
3622.52
3493.69
3706.52
3734.17
3664.73
3663.7
3756.11
3778.05
3774.41
3914.64
3954.11
4049.62
3844.56
3475.66
3864.77
3430.58
3737.35
3767.2
3766.24
3738.98
3754.73
3760.95
3564.39
3765.92
3555.63
3808.88
3652.28
3804.08
3971.12
3882.27
3670.62
3625.07
3582.22
3749.57
3823.52
3876.48
3767.7
3835.46
3944.13
3637.97
3518.06
3700.31
3752.21
3699.89
3795.47
3660.46
3533.06
3289.56
3806.4
4066.62
4196.25
3610.65
3921.64
3594.47
4006.18
3915.06
4268.41
3833.43
3596.17
3798.69
3927.73
3896.15
3650.45
3840.8
3588.53
3995.82
3810.99
3679.66
3553.29
3540.3
3834.3
4139.36
3771.71
3762.82
3462.45
4023.7
3907.79
3538.5
4003.44
3605.31
3814.51
3754.52
3667.26
3606.17
3583.54
3817.43
3914.31
3857.27
4258.47
2802.9
3491.39
3783.66
3886.27
3845.91
4038.05
3863.42
3970.36
3789.84
3877.93
3512.48
3651.14
2912.74
3370.16
4023.96
3821.07
3730.01
3682.11
3452.45
3709.6
3942.9
3150.61
3485.96
3176.83
3294.35
3445.57
3735.4
3823.44
4085.17
3867.32
3695.14
3918.43
3717.84
3951.22
3779.03
3761.39
3936.31
3882.9
3830.79
4156.94
3651.15
3410.49
3767.99
3910.87
3685.71
3469.95
3791.89
3364.43
3793.16
3957.89
3819.1
3855.05
3800.05
3509.54
3476.38
3699.62
3745.09
3662
3649.67
3916.27
3806.65
3825.32
4363.3
3877.38
3515.19
3588.55
3609.42
3736.95
3677.33
3780.76
4031.31
4133.14
3631.52
3447.57
3788.6
3726.19
3916.89
4010.41
3800.99
3593.84
4238.13
4018.03
3693.34
3864.74
3757.66
3624.3
3446.46
3840.42
4027.59
3942.26
3712.07
3959.19
3613.13
3638.42
3870.26
3997.7
3711.61
3691.66
3915.65
3185.91
4095.15
3539.3
3773.33
3706.53
3480.86
4024.11
3634.08
