1081.95
919.844
955.185
607.552
873.643
870.86
1047.79
1128.27
1047.54
986.13
1361.68
783.173
1363.36
935.6
890.78
933.002
1037.65
949.345
1188.31
1276.03
769.778
537.458
1474.19
1129.72
1126.33
1073.05
1165.76
1083.86
880.598
860.065
1036.44
1047.71
1362.52
990.825
1127.19
1319.79
1304.91
1120.86
621.873
789.478
1076.7
961.256
775.359
991.145
811.856
682.594
921.209
1444.84
1117.69
1118.52
1130.84
1147.07
647.577
1045.87
852.894
1137.09
957.256
1240.79
838.919
1135.49
985.401
655.385
536.364
882.887
934.162
1221.31
986.778
930.875
927.503
1318.34
1279.79
1127.78
836.107
555.705
1302.8
991.103
1156.24
970.912
824.757
1146.37
1026.2
1159.73
986.466
688.398
1306.44
581.858
882.862
1147.77
946.07
1077.58
801.27
1275.89
1028.86
1464.92
1005.46
1061.94
936.187
1326.52
947.812
627.025
1271.81
1030.48
1031.03
984.747
889.688
1112.68
1155.08
753.486
945.879
928.906
798.926
1401.87
700.053
1080.21
980.629
729.117
675.675
1165.84
1181.87
896.057
1009.61
1335.35
796.567
976.517
788.95
1080.18
813.906
771.196
1170.85
1306.79
865.331
805.027
1015.53
838.242
1055.03
1229.51
713.67
825.539
1125.42
1000.46
758.384
990.655
682.026
723.914
877.702
788.941
1008.01
1178.38
899.937
810.509
908.743
1221.15
1086.45
927.771
760.192
1095.27
1142.14
1160.18
1004.9
837.015
1016.35
940.546
861.553
1091.05
929.768
1032.46
913.138
889.124
882.075
930.401
761.426
843.521
1121.14
1298.33
694.173
1194.79
1068.39
1084.99
577.016
939.467
774.933
867.472
865.299
861.83
818.43
634.7
1035.28
1139.96
1106.53
1316.31
815.329
1002.08
1134.24
673.648
1167.07
1290.34
1122.4
1133.98
1060.13
1464.36
1371.11
1545.15
1298.74
1428.12
884.065
1110.7
1534.31
1310.55
1633.48
1452.62
1361.67
1943.45
1058.18
1965.32
1337.8
1391.58
1149.03
1454.56
1343.19
1858.01
1786.01
1320.47
785.544
1789.59
1876.23
1696.63
1645.98
1737.86
1548.15
1595.02
1079.65
1323.49
1527.11
1885.72
1689.58
1584.24
1760.85
2118.53
1512.9
990.47
1178.52
1462.15
1140.49
1474.92
1061.51
1425.95
981.609
1213
2137.24
1910.36
1502.68
1798.98
1417.94
1194.94
1362.1
1385.82
1767.57
1275.16
1814.7
1276.58
1793.88
1633.72
946.609
750.332
1120.59
1487.77
1850.78
1379.91
1442.15
1605.25
1500.24
1848.93
1594.93
1417.44
1035.58
1649.04
1574.65
1414.13
1510.28
1397.16
1626.21
1594.43
1516.02
1518.87
933.46
1893.45
1152.87
1123.22
1716.04
1438.69
1741.47
1213.28
1677.98
1358.68
1950.78
1624.71
1550.72
1522.95
1981.97
1650.97
721.132
1749.89
1727.04
1270.86
1541.99
1196.96
1648.06
1690.93
1049.83
1416.75
1624.04
907.586
1973.64
1359.24
1297.07
1448.21
1181.39
973.429
1478.64
1967.6
1412.38
1543.43
1692.41
1273.1
1454.4
1165.57
1527.93
1344.02
1230.38
1435.49
1961.22
1262.24
1403.37
1422.15
1282.59
1538.42
1687.36
1017.72
1314.89
1624.51
1593.34
1280.14
1310.78
1226.78
1164.65
1093.12
1094.56
1496.15
1682.74
1236.48
1242.85
1519.64
1613.26
1546.92
1377.21
1195.24
1818.02
1525.07
2004.65
1433.33
1299.12
1307.26
1590.12
1161.72
1590.13
1386.71
1524.39
1248.21
1464.1
1269.81
1316.01
1277.94
1163.29
1491.89
1926.68
1131.87
1733.36
1692.03
1706.04
1090.64
1138.48
1267.11
1099.49
1479.16
1234.05
1172.34
926.698
1427.52
1725.76
1522.28
1995.95
1425.88
1422.42
1742.84
1075.23
1523.34
1988.15
1635.88
1729.86
1677.38
2039
1865.39
2143.45
1841.95
1928.23
1289.52
1654.02
1894.73
1997.46
2308.86
2013.72
1911.12
2704.5
1423.45
2767.43
1866.89
1875.76
1749.58
2021.82
1900.26
2543.35
2497.81
1760
1012.52
2769.55
2284.12
2279.93
2110.88
2340.83
2192.54
2015.7
1578.25
1864.39
2268.95
2713.88
2037.14
2190.6
2535.61
2908.81
2143.33
1219.55
1495.02
2229.16
1765.66
1787.02
1715.55
1819.1
1305.59
1788.86
2917.6
2364.8
2241.14
2329.38
2265.93
1569.4
1989.55
1739.94
2440.12
1706.59
2493.04
1698.61
2479.18
2151.74
1464.81
944.807
1668.77
1931.42
2492.24
1924.63
1976.6
1998.25
2410.81
2530.38
2244.8
1937.59
1254.68
2541.35
1951.68
2050.16
1926.41
1677.22
2335.52
1942.41
2321.54
1969.95
1336.81
2603.29
1424.03
1588.25
2333.04
1969.14
2340.62
1493.49
2645.58
2082.43
2860.07
2168.55
2181.9
1841.75
2720.97
2082.26
1040.45
2635.82
2214.26
1968.39
2114.27
1667.17
2262.45
2252.43
1542.78
1953.21
1950.54
1474.79
2770.86
1544.35
2177.26
2006.85
1551.45
1215.28
2410.3
2420.46
1849.39
2076.27
2463.04
1700.42
1840.66
1653.71
2118.73
1805.77
1641.11
2161.16
2694.41
1676.53
1704.87
2064.57
1743.44
2217.78
2544.03
1355.92
1772.76
2188.72
2137.86
1614.81
1914.43
1615.05
1487.59
1810.68
1480.54
2104.4
2431.89
1633.59
1724.69
2002.46
2334.6
2202.41
1869.49
1665.69
2360.76
2201.09
2624.99
2018.17
1757.74
1979.05
2019.3
1666.28
2307.78
1837.16
2067.93
1757.71
1885.85
1750.41
1930.28
1727.64
1550.44
2287.25
2680.65
1418.63
2457.09
2315.59
2228.66
1282.86
1749.9
1711.67
1611.07
1958.3
1824.84
1832.42
1330.09
2097.24
2386.43
2174.4
2695.42
1740.43
1801.21
2376.49
1407.16
2163.95
2687.22
2309.23
2363.61
2249.35
3013.72
2667.88
1000.28
1057.98
1046.51
428.786
1177.11
732.678
1297.61
1172.56
964.1
1176.81
1167.16
1048.53
1348.65
963.244
943.991
926.198
1114.79
1012.97
1351.23
1382.56
708.013
683.018
1614.99
1025.14
1247.75
1176.15
1217.78
1198.97
804.579
1136.01
1018.41
1246.82
1447.32
1086.8
1233.71
1434.01
1365.05
908.539
946.553
813.602
873.565
1114.19
513.953
1296.57
753.394
823.737
1138.98
1559.97
1071.52
1391.48
1025.63
1151.54
582.768
1340.7
811.647
1219.85
1231.97
1180.49
1067.49
1125.49
949.924
564.681
772.791
952.727
1097.76
1193.4
1138.15
1188.44
912.511
1393.85
1257.59
1045.4
818.394
883.559
1416.48
1017.13
1129.53
1108.76
833.2
1318.03
1054.34
1084.26
1151.88
748.112
1468.9
548.601
1028.92
1199.75
1074.68
1165.42
932.039
1152.26
1193.07
1445.05
1132.52
1179.61
1093.45
1295.07
745.798
849.439
1397.12
907.279
1201.66
904.647
1016.25
1232.93
1151.25
994.992
1066.01
853.223
1037.44
1572.67
725.613
1088.34
1064.93
637.917
871.008
1321.88
1109.24
1031.81
1136.62
1226.49
815.658
1079.76
859.694
1196.14
783.343
937.102
1317.03
1260.02
918.763
900.469
1196.28
862.74
1173.23
1191.17
876.955
995.728
1198.49
979.133
870.297
1087.15
764.635
860.954
573.694
1113.54
1219.2
1066.8
959.579
867.197
986.94
1413.24
1199.33
998.649
785.229
1187.09
1402.01
1274.08
1058.79
909.43
1163.02
840.777
1004.39
1046.18
1102.51
1101.42
944.404
992.879
946.888
917.031
860.524
940.518
1256.92
1225.36
957.017
1164.83
1268.4
979.491
771.816
924.347
776.615
939.136
801.553
1112.45
851.555
677.08
1387.39
1055.52
1311
1358.63
797.844
1127.52
1069.09
702.604
1280.85
1337.28
1179.28
1338.62
1231.58
1562.38
1474.94
1461.2
1564.33
1411.07
549.777
1803.77
1097.52
1856.09
1735.78
1415.3
1761.01
1819.29
1536.88
2062.55
1445.27
1391.62
1354.2
1734.24
1523.48
1998.15
2026.25
978.3
1073.02
2300.97
1508.66
1866.47
1603.93
1801.28
1814.3
1151.78
1610.38
1535.22
1853.73
2014.26
1552.54
1904.02
2034.36
2060.72
1344.97
1371.44
1152.45
1255.1
1725.74
831.04
1914.79
1186.35
1204.12
1591.22
2241.66
1582.66
1988.76
1543.56
1830.87
921.464
1981
1211.75
1768.39
1739.78
1744.48
1645.77
1468.81
1443.8
851.988
1289.52
1321.68
1653.23
1766.77
1602.85
1739.85
1369.74
2139.56
1810.67
1604.4
1238.31
1390.88
2104.95
1481.95
1669.38
1586.5
1189.67
1933.92
1501.45
1588.5
1752.02
1092.08
2118.86
768.982
1555.76
1821.48
1581.69
1673.57
1327.2
1743.46
1866.37
2114.57
1604.47
1691.72
1579.12
1830.71
1062.66
1420.02
1996.2
1338.99
1838.23
1366.91
1461.69
1810.73
1617.85
1483.42
1560.47
1198.86
1527.76
2409.68
975.328
1661.03
1631.92
971.586
1371.72
1917.44
1488.18
1600.89
1624.54
1940.54
1181.71
1559.47
1319.46
1709.9
1132.95
1446.21
1963.46
1883.47
1369.61
1339.79
1805.9
1224.62
1900.59
1779.43
1282.22
1455.92
1658.43
1459.79
1090.92
1602.85
1135.32
1281.73
973.786
1658.12
1830.04
1650.97
1389.16
1216.26
1463.29
1947.42
1823.51
1470.19
1197.97
1712.88
2101.6
1872.98
1518.12
1442.25
1773.11
1224.46
1452.99
1562.63
1534.44
1596.18
1332.31
1409.12
1482.36
1372.98
1298.5
1403.49
1973.8
1819.97
1468.19
1763.77
1928.06
1345.49
1050.58
1361.92
1152.88
1472.96
1203.09
1734.58
1295.36
1083.23
2024.78
1556.86
1684.61
2016.67
1125.76
1669.91
1741.41
1061.93
1953.35
1952.79
1762.21
1943.73
1815.29
2247.5
2237.01
