4918.07
5158.02
5585.68
4694.17
5528.74
5795.19
5722.28
5816.91
5542.01
5784.64
4869.8
5162.07
5616.99
5217.19
5481.12
5760.2
5410.56
5728.85
5500.03
4959.72
5587.95
5561.93
5395.69
5135.86
5396.74
4719.34
5356.66
5281.65
5803.21
5289.38
5363.16
5087.07
5574.65
5486.39
5420.66
5146.09
5699.58
5409.83
5454.8
5613.13
5161.38
5806.95
5523.72
5468.73
5598.85
5493
5156.18
5729.68
5269.69
5703.25
5515.81
5101.01
5417.78
5029.03
4160.91
6234.12
4755.09
5008.87
5516.12
5049.06
4623.8
5256.48
5297.87
5018.35
5865.3
5237.41
5525.06
5926.74
4853.75
4295.98
4777.69
5746.15
4944.45
5992.75
5437.92
5286.3
6350.6
5107.03
5221.86
5330.27
4894.16
5059.47
6061.66
5115.82
5667.19
6077.78
5209.74
5258.51
5886.05
5109.83
6008.18
5584.38
5350.54
5331.72
5163.39
5271.7
6257.87
5087.11
5451.07
5691.46
4896.85
5500.05
5249.68
5648.88
5574.22
5487.65
5635.62
5698.73
5528.01
5673.18
5565.41
4994.69
5526.37
5496.97
5125
5511.37
5743.73
5606.72
5620.44
5654.79
5190.1
5714.36
5111.18
5376.19
5477.77
5358.12
5259.55
5884.54
5653.57
5705.62
5588.65
4439.66
5706.4
5550.81
5267.62
5362.73
5289.99
4825.48
5735.03
5670.52
5793.56
5483.31
5077.24
5013.26
5312.87
5726.24
5759.54
5800.92
5994.69
5300.99
5398.28
5314.31
5253.7
5684.94
5129.12
4620.94
4839.56
6002.19
5209.59
5993.44
7598.73
2999.61
6099.04
5132.25
5558.69
5679.62
5505.23
4910.58
5686.71
5210.47
5987.03
5676.79
5216.45
5346.62
5491.39
5630.41
4978.47
5954.84
5000.26
5021
4612.62
4833.55
5684.33
5402.95
5554.8
5512.2
5477.49
5518.28
5048.24
3493.28
5082.95
5049.73
5507.48
5195.16
5248.23
5410.61
5408.84
5565.03
6072.26
5397.37
5609.61
3307.65
4008.84
3832.32
3406.14
4068.52
4137.32
3766.23
4036.99
4535.83
3420.29
3455.08
4338.3
3618.29
4082.53
3995.05
3462.43
4218.53
4136.7
3498.19
3820.39
4305.82
3201.94
4198.86
4002.88
3060.15
3904.4
3988.79
3620.48
4231.51
3728.66
3488.98
4202.25
3888.76
3674.13
4132.48
3618.83
3981.01
4078.02
3438.43
4249.27
4206.76
3559.5
4427.1
3846.85
3663.24
4039.57
3833.72
3628.52
4354.41
3820.54
3656.35
4026.37
3673.07
3178.67
4041.11
3600.86
3513.75
4242.81
3371.83
3589.99
3530.05
3741.72
3721.56
4256.27
3644.05
4025.47
4094.73
3628.91
3504.72
3227.88
3565.66
3974
3875.39
3949.21
4073.06
3921.56
3805.14
3977.89
3336.27
4069.98
3639.66
3878.64
3792.64
4044.66
3871.99
4186.77
3939.47
3704.12
4302.56
3751.16
3921.48
4526.85
3407.97
3479.27
4555.59
3486.84
3926.02
4439.02
3589.38
3420.25
4258.25
3567.25
4212.89
3995.38
3506.7
4726.7
3665.17
3894.23
4537.64
3771.81
3552.93
3878.31
3855.26
3746.84
4058.35
3753.62
4234.22
4034.61
3664.63
4088.47
4020.72
3376.1
4444.3
3554.03
3949.15
4083.95
3844.12
4032.24
4230.6
3920.14
3369.42
3917.88
3749.74
4047.54
3897.08
3351.15
3723.26
4050.88
3956.41
3915.15
4160.78
3826.2
3338.42
3989.18
3991.87
3940.57
4199
4129.52
4023.17
4066.77
3561.73
3903.54
4122.3
3493.68
3403.77
4152.56
3258.37
4024.55
4190.13
3823.9
4131.38
4152.49
3686.97
3846.13
4234.25
3853.73
3573.67
4105.27
3713.48
3979.08
4193.32
3845.44
3940.49
3823.07
4069.86
3749.29
3814.82
4089.41
3506.14
4094.36
2530.76
4226.11
3708.27
4065.9
3793.49
4171.32
4002.96
3470.31
3561.67
2830.9
3839.17
3371.33
4073.96
3751.24
3814.27
3952.1
3751.89
4176.66
4111.08
3934.7
3861.26
3363.2
3851.82
3768.83
3123.82
4048.3
3956.75
4024.22
4107.14
3819.25
4162.07
3315.7
3672.78
4091.53
3439.31
4117.12
3826.16
3683.76
4284.31
3616.71
3389.86
4157.82
3668.84
3847.26
3739.02
3431.93
3600.92
3951.05
3404.84
4190.71
3766.36
3696.39
3614.07
3932.01
3634.58
4222.53
3447.12
3872.26
3993.03
3489.58
3803.12
4086.43
3945.42
3701.82
3784.33
4020.7
3893.12
3671.84
3751.05
4032.99
3744.13
3945.13
3843.29
3571.85
3546.51
3152.64
4234.8
3313.42
3757.61
3718.25
3586.12
3376.87
3525.55
3817.28
3500.81
4105.39
3895.89
3747.15
3956.49
3826.54
2853.04
3256.85
4168.15
3344.6
4084.12
3975.95
3638.09
4135.1
3839.07
3643.77
3421.93
3785.49
3354.01
4164.82
3642.18
3997.28
4336.21
3797.75
3452.18
4222.87
3833.52
4001.57
3833.98
3882.52
3501.83
3824.16
3787.28
4089.93
3979.35
3562.17
3928.51
3756.43
3642.26
3642.61
4299.71
3497.28
4044.38
4262.27
3662.19
4238.13
3811.32
3666.84
3616.19
3788.11
3803.92
3836.23
3794.25
3872.22
4257.87
3727.31
3995.84
3675.32
3986.76
3524.88
3855.72
3872.92
3887.59
3703.39
4177.93
4000.97
3897.84
3907.37
3210.25
3832.76
3767.78
3872.81
3830.39
3589.37
3459.13
3975.97
3820.71
4079.64
4261.74
3100.37
3479.26
4263.19
3559.73
4250.33
4039.14
3815.34
4038.58
3777.1
3537.54
4058.61
3694.14
3527.39
3598.12
3345.16
3959.95
3749.32
4260.72
3883.98
3579.29
4241.33
3394.59
4166.26
3593.15
4145.83
3616.59
3629.79
3657.39
4532.04
3657.44
3680.15
4079.4
3639.22
4127.64
3400.5
4029.86
3809.32
3447.09
3594.41
3078.47
4089.72
3274.01
4369.36
4012.31
3547.25
4179.92
3572.59
2099.71
3880.05
3762.39
3475.84
3937.57
3678.54
3499.82
4059.6
3763.53
4091.78
3984.28
3888.34
8329.49
8964.36
8647.79
8312.8
9498.99
8757.66
9489.15
9171.27
9313.36
9409.12
7413.36
9184.44
9815.8
9252.92
8779.16
8817.88
9281.55
9168.48
8682.74
7590.92
9778.94
8726.71
8723.81
9037.7
8093.01
8670.62
8217.41
9373.52
9273.86
8507.76
8530.46
8955.86
9329.5
9196.63
8942.39
8521.53
8554.35
8911.15
9211.23
9193.26
9075.13
8964.61
9433.42
9471.16
8638.41
8496.18
9045.26
9269.2
8834.46
8967.83
8966.83
8539.14
8817.11
8657.99
8182.64
8818.71
8413.46
9034.67
7878.41
8307.78
7804.37
8431.25
9002.97
9386.75
8796.86
9194.94
9671.95
8130.1
8030.32
7144.51
8057.81
9403.92
8884.4
9553.89
9076
9071.62
9016.35
9254.14
7979.4
8475.29
7576.47
10137.6
8711.29
9520.87
9183.84
9202.85
9586.79
8488.92
9221.92
9290.68
9406.11
9512.17
9375.09
8002.55
9183.21
9060.37
9506.22
8898.19
8664.03
8195.19
9504.5
9134.6
8569.33
9298.15
9326.94
9410.84
9494.66
9001.69
8894.63
9978.06
7883.13
8987.25
8962.07
9107.17
8741.15
9508.81
9165.03
9489.72
8830.97
8628.69
9688.61
8371.58
8856.56
9647.13
9161.32
8555.59
9680.03
9317.82
9281.06
9707.93
7543.47
7895.07
9687.99
9346.63
8288.13
8512.24
8838.15
8294.58
9448.3
9167.75
9232.16
9751.08
7651.03
8458.81
9334.39
9589.73
9346.56
9540.65
9068.13
8705.65
8958.57
8256.44
9560.51
9093.55
8017.14
8617.12
8142.11
9352.46
9183.15
9778.81
8769.73
9137.32
8837.82
8828.29
10122.4
8845.97
8529.79
8415.28
8534.25
9163.87
9395.02
8902.78
9176.45
9021
9582.71
8845.43
8333.81
9712.73
7622.29
9067.3
6514.53
9250.88
8813.22
9607.93
8921.89
9563.08
9151.47
8659.67
8479.68
5563.36
8630.13
7545.83
9277.73
9252.31
8812.59
8609.68
8568.94
9756.61
9334.44
9003.53
9652.5
8385.21
7747.15
9428.9
8913.29
8168.16
9805.6
9329.88
9121.14
9609.07
9610.99
8352.44
8136.61
9347.22
9016.21
10025.4
9120.35
8387
9728.61
8763.95
8774.93
8983.99
9308.54
8258.05
9438.42
9219.54
7942.72
8702.55
8428.88
9668.71
8964.85
9047.07
8140.44
9468.26
9722.41
9062.73
8796.55
8847.34
9390.91
8749.85
8973.15
9346.69
9297.4
8793.48
10126.9
8802.28
8829.21
9135.58
9062.68
8839.98
9353.03
9161.68
9014.75
8608.05
9286.34
7646.39
8605.58
8682.27
8742.13
8842.13
8478.17
8718.49
7261.12
9305.43
9260.5
9558.78
8656.69
9596.69
8876.76
9279.57
7324.69
7326.11
9202.34
9007.33
9240.45
9568.81
9334.6
8722.71
9528.83
8902.23
7641.84
9338.94
7829.96
9752.49
9407.48
8800.88
9466.24
9751.89
8568.56
9541
9114.1
9312.12
9379.21
9552.45
9018.5
8407.17
9439.04
8930.68
9562.38
9185.35
9346.03
8114.65
9000.29
8749.83
9779.51
9112.78
9234.91
10071.4
8970.13
9323.97
10114.3
8575.26
8183.03
8912.85
9460.16
9324.95
8662.66
9409.49
9538.6
8985.63
9100.55
8904.32
9476.54
8288.51
9940.56
8984.13
9316.97
8688.07
9378.82
9393.98
9300.05
9567.63
7561.02
8986.8
9478.31
9321.85
9133.17
8061.29
8167.07
9306.07
9121.17
9417.91
9239.89
8888.94
8357.89
9309.8
9378.86
9472.08
9673.09
9869.31
8595.01
9311.76
9195.72
8304.41
9861.47
9226.07
6997.88
9497.8
8204.02
9178.9
9161.32
9377.41
9487.52
9025.08
9109.26
9467.56
9535.97
9629.25
7760.72
9712.67
8506.65
9843.09
9549.25
8896.36
9512.71
9223.84
9550.82
8766.83
8822.99
9361.96
8134.94
9226.39
6187.91
9564.73
9509.56
9370.03
9148.81
9336.5
9293.43
8600.41
6832.89
7145.91
9147.75
8230.39
9215.78
9269.31
8676.25
9359.25
9010.48
9158.75
9681.86
9382.64
