3194.22
2584.83
3355.04
2358.18
1659.89
1762.32
3144.07
3594.29
2968.59
2034.85
2160.31
2464.46
3318.28
2151.32
2279.9
1981.94
2921.7
3380.12
2405.5
3134.41
2600.97
3017.6
2409.79
2454.59
2669.32
2475.48
2523.77
1716.01
2910.63
2566.72
2847.74
2693.54
2507.14
2650.04
2516.57
1783.88
1612.74
2607.85
3253.57
3524.34
3580.32
3285
2455.15
1993.07
2687.63
1419.45
3124.81
2868.89
3896.12
3576.81
3223.73
1754.22
1506.5
1546.75
2655.6
3170.36
2928.22
2285.43
2975.15
2874.6
2015.43
2385.99
3381.31
2507.68
2780.22
2932.28
2906.98
2389.86
1596.15
1661.99
1913.92
2692.59
3646.55
3051.19
3321.17
2952.66
2503.66
2237.18
1702.33
1510.13
2497.94
2687.18
3116.85
3547.26
3030.41
2648.22
2274.96
1937.62
2168.64
3560.47
2687.06
2571.34
2386.93
3335.44
2671.41
1830.57
2167.23
3670.11
3005.12
3059.74
2530.07
2987.24
2484.56
2362.6
1906.59
1970.93
3057.19
3420.64
3232.36
3169.95
2943.28
1919.54
1675.99
1818.99
2907.79
2518.35
3346.48
3540.59
3347.66
3281.25
2731.41
1619.3
1846.84
1966.78
2379.46
2359.61
2411.44
2733.36
3002.71
2524.51
2504.37
2008.52
2780.8
3504.8
1714.58
2412.43
2616.71
3040.38
2712.51
2620.89
2393.47
1710.48
1574.85
3405.54
3723.71
3384.34
2269.83
2364.31
1893.73
1738.13
1687.26
2459.38
2595.64
3011.11
3720.98
3646.05
3575.49
2514.11
2656.18
2397.1
1412.41
1597.7
3107.08
2429.97
3051.72
2763.9
3680.9
1984.72
2019.6
2021.57
2798.61
3629.33
4206.44
3194.3
2761.18
2162.3
2260.23
2929.54
2508.19
1771.8
1559.33
2399.93
1934.68
2689.47
3514.69
3335.58
2730.34
1718.31
1723.76
2229.7
2386.33
2961.4
3017.2
2880.01
2747.95
3470.13
3245.25
2668.09
1860.29
1759.49
3117.55
3198.64
2927.33
3644.94
2418.98
1530.32
1503.03
3164.49
4136.13
2941.43
2363.67
2344.86
2415.12
3438.38
2392.17
2105.97
1764.91
2639.19
3463.11
2370.33
3146.89
2550.99
3026.49
2535.76
2588.19
2640.52
2543.9
2654.34
1829.18
3047.68
2624.82
3027.66
2595.09
2489.82
2809.96
2391.65
1870.79
1751.12
2601.53
3467.43
3842.54
3804.19
3475.41
2352.91
1866.41
2527.01
1402.56
3101.03
2932.59
4103.29
3652.25
3529.57
1757.5
1568.4
1576.71
2660.51
3487.03
2918.87
2220.63
3339.66
2962.17
2041.68
2297.06
3406.9
2681.3
2519.69
2817.32
3002.84
2349.88
1639.94
1751.85
2058.74
2951.28
3698.49
3454.41
3655.51
2904.29
2626.69
2275.91
1471.2
1586.95
2477.56
2875.45
3227.46
3897.88
3164.89
2639.79
2425.11
2060.56
2121.28
3595.28
2622.89
2423.02
2590.28
3365.83
2826.58
2010.6
2409.27
3757.32
3045.65
2884.39
2581.49
2938.26
2446.24
2235.48
1974.29
2069.56
3192.12
3568.06
3575.54
3553.98
3189.28
1992.3
1490.86
1809.18
2968.36
2425.81
3489.32
3537.06
3478.34
3632.88
2848.51
1682.96
1818.74
1899.06
2476.36
2365.91
2285.9
2619.62
3182.36
2816.77
2444.5
2042.27
3041.13
3962.11
1890.81
2554.35
2492.47
2937.44
2649
2488.96
2510.49
1816.89
1728.31
3574.62
3760.76
3427.78
2348.5
2737.63
2163.54
1844.02
1559.11
2346.06
2455.97
2783.23
3845.33
3758.2
3676.61
2552
2799.94
2515.41
1588.26
1680.83
3077.65
2238.26
2743.74
2682.69
3778.89
2171.89
2102.31
2029.57
2857.56
3627.06
4363.23
3200.86
2750.76
1998.8
2223.13
2907.91
2680.42
1736.33
1635.06
2420.29
2010.01
2720.15
3542.02
3545.46
2839.25
1759.85
1774.67
2306.08
2231.1
2712.35
3114.71
2914.46
2800.05
3561.84
3416.63
2803.24
2015.51
1786.52
3129.05
2988.86
2542.92
3203.1
2425.16
1650.22
1712.69
2758.66
3786.01
3072.64
2017.12
2296.18
2488.9
2857.13
2358.78
2240.01
2162.73
2801.47
3151.55
2324.64
2752.81
2614.11
3064.58
2509.25
2256.98
2720.71
2516.1
2684.32
1861.82
2749.77
2962.26
2298.94
3046.33
2304.97
2633.42
2389.74
1818.86
1439.54
2376.49
3285.3
3531.85
3476.1
3425.34
2458.44
2051.9
2472.25
1692.85
2793.33
2867.47
3770.05
3687.22
3383.81
1924.39
1216.57
1355.17
2312.39
3481.47
3184.97
2499.69
3181.19
2907.31
2229.42
2305.68
3028.31
2636.43
2357.58
3052.87
3045.26
2619.32
1372.45
1549.17
1736.72
2300.85
3501.59
3352.55
3162.72
3158.68
2787.53
2391.88
1697.61
1463.76
2223.57
2590.25
3063.89
3315.85
3026.84
2740.54
2078.2
1910.67
1667.59
3316.1
2836.92
2510.66
2226.45
3260.44
3082.87
2094.26
2207.63
3586.2
3146.85
3086.08
2616.26
2838.79
2364.64
2334.74
1822.65
1659.13
2866.07
3494.1
3171.03
3387.69
3140.18
2326.11
1573.36
1913.84
2863.68
2592.71
3259.52
3219.41
3396
3242.88
3111.83
1600.47
1626.63
1733.24
2263.61
2530.5
2335.05
2885.65
2924.4
2550.43
2817.2
2166.74
2794.83
3575.09
2058.4
2414.03
2260.68
3154.01
2872.22
2614.08
2338.36
1675.49
1350.43
3135.1
3930.58
3654.11
1833.43
2395.82
2236.18
1766.81
1803.58
2052.19
2717.74
2950.61
3546.01
3658
3546.42
2502.6
2638.96
2289.16
1395.8
1280.64
3090.78
2579.15
2857.11
2714.28
3489.38
2478.31
2159.13
1902.75
2443.55
3231.03
4072.17
3565.11
2626.85
2216
2342.3
2881.17
2639.56
1613.21
1298.71
2104.71
1804.56
2208.28
3506.59
3297.26
2842.41
2049.47
1857.54
2157.21
2447.95
3135.41
2911.34
2719.78
2359.54
3524.76
3225.91
2785.83
1963.51
1541.27
2589.93
3309.02
3033.92
3615.68
1788.77
1815.23
2097.07
3817.7
3955.69
2384.53
2121.51
2460.16
2519.52
3407.41
2275.26
2325.11
2171.26
3357
2822.82
2855.82
3047.27
2845.13
3389.37
2433.6
2460.55
2963.37
2827.1
2364.24
2052.06
3451.33
2091.99
3370.04
2818.08
3053.76
2785.81
2246.68
2080.14
2024.58
2949.78
3545.67
3810.99
3999.56
2850.69
2293.7
2043.55
2540.35
1927.39
3388.96
3303.36
4288.3
4012.95
3042.73
1595.02
1527.61
1712.97
3526.78
3122.16
2979.32
2870.76
3359.48
2927.11
1806.15
3059.44
3433.34
2374.35
2889.29
3157.45
3309.13
1787.78
1618.97
2005.86
2166.41
3510.83
3696.58
3192.71
3683.61
2804.53
2633.23
1991.17
1310.66
2483.39
2843.53
2729.63
3529.23
3968.46
3095.65
2438.93
2613.65
1877.04
2853.92
3960.33
2484.7
2569.77
2899.89
3432.63
2226.6
2075.22
3130.55
3744.47
2948.47
3096.16
2839.68
2559.82
2807.66
2203.6
2149.26
2459.41
3293.58
3483.76
3900.01
3237.58
2916.11
1823.81
1650.83
2343.46
3141.93
2929.69
3799.65
3605.39
3418.82
3521.76
2616.53
1800.34
1816.9
2237.52
2738.05
2455.32
2624.86
3200.56
2873.45
2707.03
2078.04
2261.3
3694.89
4072.88
1266.95
2858.41
2968.07
2928.82
2932.52
2721.31
2620.07
1501.32
2409.84
4071.28
3776.23
2339.47
3184.85
2486.36
1976.92
1654.53
1741.22
2832.91
2848.03
3177.7
3851.35
4108.92
3130.04
2614.17
2750.08
2047.32
1703.59
2359.06
3161.2
2460.28
3084.8
2992.95
3432.05
2036.37
1911.12
2213.26
3105.51
4147.37
4449.9
2868.35
2726.71
2413.22
2616.69
3123.75
2297.81
1944.74
1606.06
2674.12
2085.77
3392.75
3693.19
3673.31
2214.16
1644.74
1916.12
2372.14
2670.51
3167.3
2918.39
3090.75
3478.55
3295.89
3605.57
2688.94
1677.05
1926.21
3556.21
2958.41
2655.77
3218.45
1828.75
1631.12
1738.25
3340.32
3499.24
2370.71
2073.35
2367.19
2344.56
3328.63
2015.28
2144.04
1911.98
2907.76
2899.48
2360.21
2836.09
2497.93
2947.9
2161.72
2386.99
2734.23
2480.71
2480.51
1733.92
3232.91
1856.47
3262.86
2586.33
2454.59
2343.02
2367.87
1531.81
1669.48
2713.07
3164.92
3493.66
3501.87
2842.21
2239.55
1960.88
2347.22
1610.9
3054.43
2798.54
3985.86
3383.32
2875.65
1355.97
1307.33
1461.32
3109.07
3096.01
3011.28
2301.14
3110.95
2755.19
1801.21
2502.73
2944.47
2306.71
2713.68
2938.95
2789.22
1874.4
1280.05
1531.6
1874.5
2989.25
3446.28
3253.91
3454.87
2753.92
2522.04
1978.49
1417.78
1674.42
2522.99
2518.24
3235.42
3407
2726.6
2251.91
1952.97
1578.12
2173.98
3651.39
2188.71
2468.48
2641.09
3079.33
2368.22
2044.9
2483.43
3560.08
2852.08
2915.66
2573.7
2589.3
2532.13
1985.22
1622.48
1863.96
2906.87
3237.6
3596.75
3224.4
2874.7
1652.61
1610.72
1943.53
2947.8
2683.72
3343.87
3254.53
3074.07
3387.41
2427.75
1547.72
1673.76
1899.1
2428.97
2156.09
2381.69
2726.06
3040.5
2692.98
2093.14
2187.29
3170.86
3595.71
1351.56
2406.41
2580.83
3022.76
2798.38
2373.33
2160.09
1391.37
1779.41
3213.89
3280.42
2412.3
2555.85
2470.29
1925.58
1635.72
1633.59
2572.83
2470.54
2970.95
3497.29
3631.78
3027.57
2357.84
2463.07
1903.89
1395.27
1850.49
2986.43
2263.5
2839.56
2588.92
3214.24
1998.46
1905.6
1962.78
2925.46
3642.34
3994.34
2864.12
2808.49
2085.92
2271.83
2675.71
2222.9
1601.56
1375.6
2259.52
1859.49
2432.07
3226.36
3378.46
2251.02
1750.65
1877.37
2242.48
2426.14
2913.35
2685.2
2752.61
2918.88
3077.67
3062.67
2413.16
1474.84
1658.78
3101.22
