1308.9
1723.57
1453.82
776.218
1575.11
1622.09
1023.66
1054.88
1628.68
1485.04
1227.65
1199.35
1695.44
1746.75
718.232
1534.72
1242.13
1826.71
778.612
1440.81
1588.45
1169.21
910.998
1591.23
1151.05
1031.6
1348.2
1074.98
828.421
1220.34
1549.31
1109.99
1413.36
1216.44
1575.87
1448.65
1121.55
1097.18
797.866
1098.39
1613.78
1489.1
1111.56
1101.44
1532.17
1263.77
1161.17
1153.06
1435.87
1137.08
1406.73
829.165
1282.88
1542.71
888.937
1185.58
1101.4
1509.64
1888.85
1096.9
1382.99
1167.15
1101.17
1212.44
1157.54
1478.24
889.99
1750.83
1270.13
1483.26
593.672
969.647
1067.38
1177.56
1434.51
1314.12
1111.16
1160.41
1509.2
772.879
1645.91
769.528
1039.33
981.078
1214.38
1074.05
1624.73
965
1044.52
823.408
1871.86
1177.58
1127.68
931.974
1270.69
1239.7
1611.06
880.063
1154.15
1221.57
1727.98
1429.71
1252.19
1362.99
1034.82
1877.66
1106.39
643.126
1081.12
1412.16
1561.07
1589.07
1735.83
816.795
1737.74
1453.75
457.458
1968.4
1284.89
884.859
1308.45
1345.31
1689.7
1563.21
1238.04
688.909
1093.37
1915.05
1760.76
1464.83
1492.81
1680.7
1034.7
388.383
973.684
709.691
1433.14
1627.27
1152.28
1376.75
1431.48
1146.11
1118.41
1116.07
1004.13
1092.13
1019.45
1925.36
1230.55
1594.04
1713.1
1809.87
1056.47
1450.66
991.049
793.563
1427.21
794.746
1425.58
1609.56
1667.79
1502.23
1020.82
1743.01
790.858
1178.6
1363.14
1515.99
1523.6
1104.72
1741.08
1055.98
1263.51
1547.74
1034.57
965.708
850.532
1180.66
1483.07
1326.82
1540.78
736.601
1049.64
985.997
1631.32
1107.19
1156.69
1335.85
1088.61
1431.73
895.833
1470.63
1735.36
1120.87
1282.07
963.209
1557.47
1482.91
1000.93
971.893
1292.43
1515.16
1711.18
1375.27
1079.07
1847.73
1587.32
1180.03
1434.47
1652.12
1732.59
979.293
1617.22
1730.43
1864.03
767.844
1612.96
1554.65
1988.42
743.258
1626.41
1805.12
1152.92
968.794
1814.68
1017.55
1411.66
1512.38
1119.91
691.374
1587.99
1723.52
1164.88
1510.61
1353.83
1832.36
1377.63
1396.97
969.42
1028.87
1309.77
1823.79
1303.67
1240.3
1378.62
1610.9
1562.67
921.003
1560.56
1693.51
1274.82
1206.35
1234.02
1082.43
1858.94
882.214
1403.22
1075.55
1774.14
1907.4
1214.61
1551.3
1186.51
1349.88
1258.36
1368.97
1604.03
1089.07
2003.04
1286.43
1504.45
715.996
850.325
1363.45
1436.36
1191.8
1585.34
1167.07
1152.37
1842.1
901.712
1684.34
676.222
1236.42
1217.94
1186.49
1395.26
1688.42
1086.66
1219.54
1110.43
2124.27
1253.5
1175.96
1095.03
1413.22
1285.54
1953.08
960.374
1236.06
1457.83
1977.1
1614.81
1528.23
1155.38
1450.78
2004.18
897.841
832.637
1084.14
1697.13
1802.28
1613.89
1960.29
914.354
2016.48
1290.68
911.956
2177.52
1203.94
1255.47
1251.05
1603.18
1801.88
1479.28
1034.52
893.77
1412.19
2121.14
1884.41
1713.97
1836.28
1559.17
1082.91
397.279
1210.25
620.717
1859.88
1763.88
1230.03
1335.87
1756.4
1340.36
1411.06
1039.38
1008.72
1026.76
1308.17
1935.07
1322.56
1649.09
1974.78
1939.82
1193.28
1541
856.164
1045.18
1681.15
759.379
1735.29
1813.98
2029.87
1421.61
1258.45
1715
808.508
1414.29
1189.76
1982.73
1501.45
1317.44
1953.63
934.376
1594.71
1578.79
1121.37
837.671
1080.48
1372.5
1855.87
1464.29
1426.48
1173.31
1049.63
1024.95
1849.37
1278.54
1185.66
1540.06
1061.46
1633.59
931.683
1794.28
1852.27
1096.95
1457.81
921.112
1810.42
1706.77
951.388
1221.2
1254.96
1421
1148.35
622.415
1217.16
1344.18
829.49
869.556
1259.57
1132.09
1161.02
840.519
1224.48
1427.31
790.918
1179.42
990.636
1373.77
875.426
965.422
1268.3
1014.49
833.938
1046.87
928.786
758.614
1116.35
937.725
827.913
764.734
1288.86
911.172
1214
848.657
1223.9
1290.93
895.258
991.457
646.797
750.743
1344.32
1216.19
732.236
768.877
1216.48
985.136
1169.57
816.211
1139.98
973.323
1153.48
564.778
976.488
1125.28
950.563
759.913
1033.52
1010.25
1495.53
882.854
1193.65
842.867
864.347
1002.41
963.654
1157.26
872.069
1255.75
1088.91
1242.95
543.175
781.08
787.734
879.426
1145.9
1029.94
990.036
988.988
1033.26
679.029
1237.46
665.965
747.741
776.43
897.236
828.506
1416.2
870.277
903.134
645.869
1342.45
1040.37
1017.85
678.261
961.371
1069.95
1257.77
903.06
841.38
903.16
1310.79
976.103
1061.66
1159.58
658.611
1521.91
1057.17
412.012
1020.63
903.584
1119.32
1355.34
1298.77
791.487
1259.51
1350.67
293.397
1462.81
1142.77
644.471
1021.22
1079.26
1291.86
1189.01
1085.5
618.585
817.608
1383.68
1378.54
1207.31
1157.89
1273.71
821.988
461.353
722.376
673.508
918.266
1342.29
901.465
934.588
1071.12
1120.94
798.595
996.738
842.455
823.088
662.333
1570.17
900.021
1212.56
1369.92
1450.58
886.905
1261.81
969.045
563.234
1137.98
791.317
842.251
1306.36
1265.2
1262.26
901.304
1370.32
686.315
936.428
1172.04
984.563
1252.94
810.849
1384.8
952.645
977.466
1221.79
858.205
853.845
727.48
705.977
1234.78
1176.61
1006.97
692.174
769.155
980.424
1145.92
983.942
916.552
983.496
822.68
1167.58
808.08
1103.19
1399.56
955.481
969.833
937.988
982.34
1001.85
890.3
698.671
1053.19
623.181
2343.34
2135.21
1452.25
1985.48
2374.74
1635.18
1774.09
2056.73
2179.35
2129.2
1352.95
2227.35
2461.14
1844.74
1527.54
1717.88
2337.05
2325.11
946.659
2317.51
2340.33
1702.75
1153.85
2240.53
1069.43
2087.16
1860.69
1439.71
750.461
2285.13
2504.39
1558.15
1872.85
2006.28
2309.44
1484.1
1884.73
1046.58
1419.69
1984.91
2398.56
1548.25
1841.12
2048.63
2136.1
2008.17
1287.68
2047.14
2270.15
1604.75
1423.03
1605.95
1645.97
2353.39
832.215
2288.98
1150.52
2504.81
2313.59
1788.63
1898.92
1530.52
1941.25
1563.7
1834.94
1955.6
1527.43
2343.37
2021.57
1512.71
1063.41
1393.71
1493
2050.22
1245.44
2389.12
1357.06
1738.37
2043.52
1688.82
2032.79
758.961
1633.52
1857.36
1160.67
2329.94
1876.94
1455.29
1282.98
1929.45
2484.17
1701.79
1545.72
1181.57
1641.17
1953.08
2239.33
1451.3
1456.95
2185.12
2382.74
2239.13
1736.16
1155.57
2527.1
2565.23
953.852
1363.93
1496.41
2201.16
2562.05
2248.6
2190.32
1515.32
2598.67
1140.61
1678.18
2703.86
1380.11
1876.11
1601.62
2102.26
2369.55
2135.28
1121.62
1401.57
2034.64
2760.59
2379.03
2218.23
2416.79
2231.96
1015.85
722.348
1337.6
1251.21
2328.36
2295.77
1661.33
1606.25
2590.25
1630.42
1639.89
1214
1472.43
1321.16
2069.67
2396.95
1731.81
2208.27
2732.83
2172.16
1633.36
1916.71
1123.1
1459.97
2100.52
1071.58
2539.99
2263.54
2652.34
1825.34
1823.3
2000.8
1184.24
2177.72
1436.62
2657.82
2037.13
1866.98
2267.4
1254.87
2527.49
1755.75
1514.68
1236.21
1239.53
2000.77
2196.03
1834.78
1445.4
1770.31
1421.64
1557.28
2238.48
1382.03
1679.31
2229.92
1265.69
2034.47
1411.91
2480.41
2323.52
1411.94
1990.87
1430.82
2251.15
2194.79
1055.08
1749.78
1384.78
1188.24
1154.03
844.13
958.386
1253.77
954.11
886.21
1069.12
1224.44
1115.53
731.693
1158.01
1293.33
1096.8
725.221
984.835
1149.01
1207
496.574
1182.86
1185.57
896.251
667.37
1213.09
632.321
1032.55
1010.13
767.477
375.326
1187.72
1301.33
848.127
1026.67
1021.42
1272.22
842.648
990.565
579.831
756.558
939.006
1261.78
789.758
982.343
1089.08
1113.58
998.799
645.763
1057.08
1164.74
830.171
806.203
841.4
785.72
1236.8
521.708
1113.14
671.252
1270.68
1299.13
954.176
961.322
865.661
1033.59
824.308
948.604
1050.96
755.827
1308.21
977.653
858.062
525.549
743.339
889.492
1017.41
716.341
1287.99
736.127
830.597
1164.15
811.282
1101.58
401.305
807.369
996.96
642.39
1128.45
1044.52
753.084
783.835
954.223
1329.62
885.947
809.172
615.179
880.603
973.715
1227.15
745.061
808.597
1082.84
1313.76
1085.89
965.917
636.061
1277.34
1372.58
560.956
667.735
809.567
1176.79
1300.31
1175.48
1225.67
760.025
1337.59
642.225
790.383
1415.62
791.773
953.453
871.835
1071.24
1157.97
1053.38
666.17
700.424
1067.19
1472.31
1263.07
1193.34
1284.77
1157.81
602.703
320.759
779.031
538.117
1235.43
1240.98
870.544
914.25
1316.4
867.096
903.357
633.337
768.201
718.202
1003.1
1289.45
872.391
1168.32
1387.92
1190.15
816.495
1048.32
557.818
747.767
1173.07
555.411
1320.77
1157.8
1429.37
894.386
915.181
1094.34
642.633
1058.13
817.141
1328.94
1126.31
938.389
1229.94
641.844
1273.26
936.012
807.29
657.195
679.564
969.066
1179.36
977.836
840.688
920.177
718.018
732.427
1139.22
703.915
871.39
1120.01
706.22
1092.73
619.307
1267.49
1295.16
708.978
1060.34
679.952
1204.02
1169.62
592.923
874.973
748.64
