990.907
775.815
602.932
897.412
930.985
505.902
782.989
816.816
1130.64
1093.83
789.988
653.512
700.398
883.139
865.7
897.78
952.116
570.077
932.409
552.166
1027.17
1094.9
938.309
634.329
987.724
1113.17
861.083
978.569
946.765
865.866
1084.79
1061.95
884.541
864.087
811.301
1052.07
654.942
1014.15
855.374
1290.48
1242.18
922.751
895.994
1087.04
1150.05
1020.93
1195.92
730.187
1209.67
1015.55
1097.69
921.709
921.687
1006.69
955.255
792.243
1025.55
848.889
963.077
708.595
993.48
694.92
719.506
898.549
843.003
1046.94
915.934
735.049
1182.67
579.314
1126.78
999.441
919.433
1121.79
972.127
923.558
599.639
801.679
1009.53
1045.66
819.14
758.666
725.213
1038.73
1096.66
959.006
700.012
881.614
1156.93
910.121
973.468
959.987
777.314
968.372
1001.3
934.893
873.404
1228.31
860.052
1088.79
1050.85
921.769
890.767
834.292
1095.17
816.385
1110.09
1047.14
1206.34
673.363
828.869
883.349
1136.25
718.819
724.854
628.178
1104.82
1102.06
1185.06
983.959
819.066
833.004
807.844
601.908
1035.62
586.467
918.813
903.564
955.333
977.626
996.854
1243.22
1009.45
817.414
1055.53
860.441
894.986
1118.67
1064.5
685.926
1122.48
1123.46
1034.02
1223.55
649.798
923.386
729.122
1215.29
881.064
861.816
906.013
858.79
961.391
1222.05
859.085
940.516
628.991
900.751
709.102
966.936
1007.11
1165.79
713.736
1026.13
671.247
679.202
1112.42
928.923
744.176
547.688
1192.14
772.506
1101.98
969.548
907.625
627.02
977.83
714.237
910.889
913.62
898.853
718.664
1068.19
777.437
1174.89
943.701
1047.49
729.727
763.921
585.738
820.587
1071.74
854.493
839.506
851.748
1120.17
1033.95
884.268
1226.92
1036.69
865.715
1314.99
1060.01
814.937
1284.78
1231.31
755.25
1064.62
1171.3
1466.5
1530.71
1064.7
896.403
971.583
1195.15
1270.3
1243.4
1252.96
812.135
1239.22
853.385
1350.69
1431.46
1285.46
759.112
1426.14
1461.41
1232.06
1358.17
1323.5
1168.6
1453.57
1532.1
1309.83
1186.8
1064.97
1544.21
784.734
1218.09
1283.98
1620.43
1670.16
1384.59
1208.16
1231.37
1591.37
1391.24
1471.09
978.076
1675.95
1327.81
1486.38
1257.75
1320.17
1195.44
1302.05
1152.42
1455.25
1209.35
1334.2
964.404
1509.74
791.082
1033.77
1160.61
1386.67
1518.59
1175.71
1019.41
1755.72
758.997
1642.22
1499.69
1295.01
1648.42
1408.44
1220.89
905.06
1078.17
1264.33
1389.95
1251.96
1218.39
900.017
1533.76
1575.5
1370
1082.43
1066.15
1698.33
1343.66
1293.57
1186.48
1180.81
1209.93
1469.66
1226.96
1172.59
1649.06
1289.29
1494.8
1461.87
1288.24
1237.72
1136.03
1363.66
1090.77
1576.61
1539.1
1495.99
1099.52
1014.06
1252.26
1558.3
1034.74
1097.21
840.015
1282.02
1528.7
1602.22
1492.08
1132.5
1110.17
1057.32
1019.7
1303.74
934.278
1225.21
1244.99
1241.67
1468.7
1341.66
1514.96
1423.73
1123.23
1460.37
1243.93
1171.55
1572.78
1437.87
1034.14
1286.71
1718.58
1280.79
1598.52
938.242
1253.77
1063.92
1575.71
1221.06
1250.07
1413.59
1166.44
1348.39
1695.33
1202.52
1352.26
1017.32
1236.84
897.759
1372.96
1358.53
1629.97
1004.28
1330.95
970.158
920.06
1516.35
1391.84
1004.66
682.215
1659.06
1243.98
1472.9
1480.71
1181.64
947.883
1296.41
1118.61
1220.91
1215.21
1260.63
928.195
1555.39
1039.88
1717.82
1252.76
1376.05
982.072
990.595
857.781
1138.01
1632.02
1073.98
1218.73
1149.3
1543.07
1456.64
1104.48
1687.38
1419.18
1144.62
1596.21
1607.8
1182.98
1511.32
1818.07
903.511
1673.45
1817.09
2015.23
1895.1
1659.48
981.428
1617.27
1605.29
1853.04
1596.01
1657.1
1064.55
1795.04
1097.14
2097.78
1857.76
1572.99
1481.64
1831.11
2163.07
1638.56
1916.42
1488.91
1948.03
2114.23
1975.11
1628.15
1493.85
1787.42
1985.65
1232.33
1866.72
1624.22
2457.07
2270.49
1595.57
1602.19
2149.16
2109.33
1884.66
2162.35
1544.05
2115.76
2070.69
2089.45
1568.09
1731.5
2025.41
1724.17
1719.96
1788.84
1945.08
1874.12
1476.93
1435.2
1666.89
997.43
2149.19
1775.95
1771.08
1925.44
1573.59
1942.93
1379.69
2159.46
1809.53
2066.51
2085.09
1706.02
1576.74
1166.94
1715.78
2057.17
2069.4
1672.59
1097.64
1693.15
2195.31
2192.99
1824.89
1100.56
1925.05
2346.58
1647
1682.06
1966.01
1375.09
1889.89
1989.77
1723.79
1844.41
2286.38
1688.6
2170.07
2069.95
1745.98
1760.92
1631.26
2061.51
1456.2
2234.57
1949.59
2300.16
912.164
1964.29
1877.32
1937.85
1664.28
1384.63
1282.45
2099.98
2185.48
2136.26
2020.47
1433.7
1722.88
1594.16
1153.84
2049.09
1068.88
1837.43
1772.4
1889.04
2113.89
1807.85
2216.66
1817.33
1657.67
1985.8
1686.36
1736.36
2285.68
1903.35
1242.46
2452.95
2079.99
2175.65
2057.35
1239.75
2103.11
1322.11
2278.43
1876.93
1698.3
1493.93
1661.58
2276.13
2433.22
1490.78
1951.58
1381.84
1623.46
1502.54
1822.56
2185.35
1978.11
1415.91
1921.82
1159.67
1608.36
2217.25
1757.24
1507.69
1244.04
2292.6
1592.93
2237.81
1846.94
1657.72
1260.81
2019.4
1308.02
1823.37
1882.06
1776.48
1623.03
1939.23
1769.82
2176.17
1862.92
1935.58
1066.3
1800.62
948.056
1843.09
1990.77
1662.95
1720.35
1589.27
2302.25
1945.14
1822.9
2416.91
1561.2
1765.89
1069.09
885.908
637.09
994.131
1013.69
570.874
911.886
980.758
1113.83
1209.19
858.965
687.25
740.455
970.693
1027.67
960.444
956.443
635.454
959.918
626.877
1029.3
1145.54
1025.79
620.741
1094.66
1112.36
921.492
1086.3
1009.18
994.976
1123.75
1161.89
994.298
961.375
835.293
1166.46
610.685
1024.56
918.341
1309.3
1308.01
1024.86
910.055
966.59
1235.28
1025.39
1155.98
789.675
1320.28
967.791
1140.01
986.186
1014.45
914.345
1041.15
847.539
1126.4
971.796
1065.75
765.011
1177.7
632.837
765.135
937.494
1082.61
1175.81
906.524
860.06
1304.06
594.387
1170.75
1127.85
986.794
1224.2
1056.36
948.557
669.608
863.091
996.148
1008.48
941.113
905.714
683.998
1171.36
1190.29
1050.03
756.882
885.981
1282.88
1023.39
964.569
940.148
860.292
953.833
1094.78
987.358
878.048
1246.88
973.324
1199.8
1141
1013.37
953.801
887.895
1014.72
821.476
1273.06
1153.2
1184.12
757.796
786.093
974.013
1202.8
783.632
785.751
684.325
1015.76
1173.78
1187.3
1163.39
836.904
851.226
793.203
701.891
1027.06
654.005
1031.62
986.67
966.353
1071.79
1026.01
1191.71
1057.2
864.763
1098.42
871.556
930.281
1206.09
1129.18
762.466
1001.55
1249.36
1012.69
1232.04
726.014
1003.51
778.191
1304.5
950.549
952.094
1067.74
841.801
1061.58
1285.9
917.677
1062.46
756.722
955.452
687.644
1040.36
1057.06
1195.47
684.776
1061.58
769.801
717.992
1173.61
1011.68
855.458
553.807
1297.67
949.024
1206.96
1093.95
898.475
696.978
977.399
876.681
990.924
917.937
949.019
694.865
1207.5
766.97
1298.61
996.77
1037.65
725.498
710.462
604.98
920.285
1197.49
832.147
926.881
915.255
1180.26
1090.97
826.738
1240.23
1025.72
828.414
1216.88
1337.07
991.43
1121.02
1342.98
800.038
1213.9
1652.51
1670.19
1417.43
1307.93
656.713
1479.74
1374.47
1555.08
1234.62
1135.48
958.405
1110.25
1143.78
1743.01
1390.85
1040.95
1315.35
1504.67
1661.54
1257.39
1480.18
1202.75
1585.8
1695.04
1496.62
1329.45
1233.43
1506.81
1481.03
881.189
1635.33
1317.01
1930.94
1781.72
1308.34
1204.92
1849.68
1590.24
1583.4
1513.32
1350.51
1521.95
1757.45
1642.3
1213.55
1394.24
1530.71
1445.58
1428.59
1297.28
1636.27
1399.59
1377.49
1025.08
1325.56
866.404
1806.81
1448.17
1214.06
1605.16
1396.48
1169.86
1448.07
1587.18
1367.27
1812.71
1463.63
1371.97
1016.37
1055.17
1455.01
1565.83
1742.08
1344.65
920.731
1301.82
1760.93
1646.24
1348.47
879.698
1756.9
1826.09
1430.04
1164.2
1765.18
988.04
1443.11
1406.28
1327.74
1611.31
1665.22
1459.34
1738.37
1397.79
1361.8
1390.03
1447.62
1485.84
1338.86
1749.79
1556.6
1713.89
666.898
1661.71
1629.47
1143.88
1517.91
1130.72
1089.79
1773.59
1814.22
1656.97
1387.09
1339.18
1147.39
1332.39
985.887
1477.9
982.615
1440.6
1395.35
1531.41
1639
1493.46
1675.89
1282.97
1450.49
1425.73
1391.1
1450.69
1708.51
1383.19
1124.68
1857.87
1658.3
1795.01
1376.46
1048.62
1660.94
1139.59
1462.53
1675.73
1384.46
1046.19
1383.75
1848.04
1875.32
1102.48
1335.85
1133.64
1228.98
1333.89
1317.66
1767.75
1389.44
1330.3
1144.7
1211.84
1317.38
1608.54
1420.45
1182.02
1136.18
1563.02
1316.39
1841.6
1344.4
1235.37
1142.27
1515.29
1261.35
1331.7
1486.88
1245.1
1418.52
1294.15
1563.53
1650.66
1454.31
1418.92
770.25
1342.55
839.013
1661.44
1368.31
1548.67
1426.88
1300.28
1775.56
1475.32
1599.99
1807.19
1112.71
1322.07
