1147.88
1125.25
1214.48
1142.28
1211.82
1197.45
1179.72
1199.09
1233.84
1185.31
1175.76
1156.72
1222.15
1160.4
1141.62
1156.56
1230.83
1180.04
1238.06
1148.03
1159.82
1179.18
1018.82
1172.74
1233.57
1170.01
1225.88
1091.05
1124.14
1260.27
1157.37
1166.32
1196.3
1098.48
1128.29
1102.37
1072.35
876.446
1195.42
1101.07
1192.25
1043.34
1151.61
1101.53
1048.41
1042.11
1003.43
1013.57
1019.36
1001.64
1192.14
1118.06
1098.98
1113.23
1304.33
1098.84
1260.2
1094.05
1226.78
1130.98
1206.03
1201.25
1120.09
1231.77
1138.64
1169
1234.17
1120.58
1219.99
1129.45
1123.01
1089.06
1066.3
1082.79
1001.56
957.549
1070.09
1186.67
1173.33
1141.62
1158.38
1151.65
1225.95
1136.15
1252.86
1132.2
1288.96
1066.04
1165.97
1216.33
1122.96
1089
1167.92
868.411
1093.68
1092.88
1097.58
1264.3
1089.5
1165.55
1192.67
1125.64
1244.01
1097.92
1213.39
1061.37
1153.09
1158.92
1243.78
1123.35
1288.38
1065.01
1293.81
1215.69
1188.65
1221.74
1213.99
1159.29
1130.96
1247.88
1107.93
1232.83
1215.81
1151.31
1213.51
1149.54
1288.35
1120.34
1251.23
1037.72
1303.66
1108.04
1193.43
1166.51
1171.71
1237.62
1111.33
1240.5
1096.66
1286.58
1078.86
1185.76
1277.07
1158.4
1202.66
1166.77
1197.74
1142.51
1212.34
1206.27
1094.38
1207.23
1236.47
1116.86
1253.77
1158.08
1255.4
1166.93
1172.59
1153.37
1231.17
1197.7
1217.24
1151.89
1196.43
1182
1168.7
1218.84
1130.73
1181.65
1230.09
1157.63
1261.28
1141.96
1211.35
1194.27
1187.43
1171.31
1100.55
1036.96
1078.01
1051.08
1208.31
1188.72
1212.51
1217.93
1183.58
1156.29
1235.23
1175.28
1214.3
1080.01
1268.66
1157.79
1282.13
1146.84
1285.85
1095.69
1209.08
1199.98
1167.71
1206.91
976.157
1162.92
1084.84
1222.8
1194.85
988.766
1181.36
1092.08
1316.15
1072.54
1141.07
1125.27
1223.5
1081.52
1104.06
1048.22
1226.37
1143.08
1086.85
1111.57
1102.72
1230.35
1089.83
1045.49
1136.68
1148.26
1171.59
1052.8
1115.86
1136.85
1188.38
1172.18
1016.71
1103.11
1111.69
1062.08
953.512
885.236
1079.65
1179.59
1142.45
1001.93
1074.52
1063.73
1049.85
974.897
953.046
1032.55
1067.06
1077.52
1098.12
1109.82
1078.55
1248.36
1039.65
1187.78
1008.65
1263.21
1102.94
1053.9
1164.55
1146.51
1186.36
1168.98
1060.58
1152.88
1159.01
1208.46
1076.33
1028.76
1159.8
1120.58
964.007
961.406
938.512
1077.32
1098.99
1091.45
1083.3
1122.93
1250.91
1147.09
1148.25
1115.11
1191.63
1155.03
1073.49
1092.79
1190.52
1145.65
1060.49
1169.1
874.834
1054.87
1091.77
932.184
1174.03
1098.26
1197.3
1062.58
1115.98
1165.17
1099.4
1216.25
915.553
1163.43
1086.05
1205.32
1140.28
1111.61
1140.99
1223.88
1173.44
1089.05
1152.4
1127.06
1199.41
1007.73
1204.58
1029.1
1232.71
1239.53
1016.76
1168.82
1160.67
1166.56
1163.72
1035.49
1142.55
1194.64
1120.61
1143.65
1041.36
1190.76
1202.32
1099.07
1132.93
1079.49
1239.15
1121.71
1086.07
1299.57
1124.8
1179.63
1094.36
1195.75
1052.74
1213.72
1154.31
1092.17
1039.83
1222.84
1184.88
1151.61
1117.38
1131.59
1193.84
1140.53
1070.71
1185.06
1162.43
1242.09
1094.72
1124.09
1114.49
1172.2
1192.6
1062.49
1087.78
1231.7
1155.72
1231.16
1080.32
1105.39
1195.64
1107.57
1122.26
1042.73
1039.8
1146.66
926.88
1122.97
1214.51
1195.66
1209.85
1011.58
1155.03
1139.28
1247.8
1093.42
1096.38
1172.88
1184.73
1233.28
1054.07
1184.63
1151.13
1210.98
1060.1
1179.88
979.109
981.383
1081.04
1075.61
1123.84
1008.88
1032.09
1087.86
1139.56
1049.92
1119.94
984.931
1127.92
1062.62
995.348
1093.48
1025.89
1055.02
1043.11
1105.56
1043.07
897.307
1020.31
1111.42
978.606
1134.06
1009.15
987.622
1117.84
1035.48
1092.03
994.772
1048.79
1031.27
958.648
994.74
919.642
794.816
1022.22
1043.48
1072.57
926.979
1099.78
926.711
864.764
988.277
972.288
927.983
862.985
1119.75
920.699
1063.82
1133.3
991.35
1066.92
1044.75
1059.59
1056.57
1039.18
1088.94
994.411
1099.03
1062.29
1035.83
1113.67
999.669
1048.59
1070.2
1056.18
1026.36
1065.67
902.017
986.164
952.315
892.324
882.44
989.953
1121.49
1010.28
1039.07
1021.79
1019.35
1117.9
959.548
1126.95
1061.25
1091.44
1015.34
1080.73
1030.61
1006.32
1037.6
940.201
797.955
1087.55
916.214
1037.55
1023.49
1030.35
1082.99
1031.02
974.979
1152.69
985.13
995.335
1026.16
1067.54
1053.78
1078.09
1065.81
1062.44
1059.24
1066.2
1107.82
1031.43
1156.55
938.795
1052.38
1088.01
1051.83
1055.18
1074.41
1108.42
1055.05
1089.41
1062.91
1057.72
1066.96
1078.84
980.158
1044.35
1035.48
1110.07
1048.34
1082.65
1071.57
1016.18
1077.17
1066.19
1039.75
1053.6
1087.12
1055.31
1046.71
1038.13
1123.21
986.091
1079.57
1119.68
1036.76
1055.48
1016.74
1088.44
1110.3
1013.39
1131.7
1019.09
1118.28
1020.92
1110.01
1080.67
1079.69
1042.43
1119.22
1035.21
1072.85
1079.22
1060.47
1044.58
1090.34
1093.73
1043.85
1097.82
1060.22
1025.94
1098.57
1039.86
1007.88
1009.78
894.949
942.319
1025
1134.82
1061.93
1078.56
1051.46
1062.79
1063.75
1132.01
1001.25
1057.61
1036.86
1079.34
1162.59
1075.49
1086.88
1055.9
1057.41
1028.63
1071.24
1069.09
2156.86
2273.34
3182.34
2482.97
2159.67
2280.15
2060.49
2235.4
2210.53
2251.99
2186.31
2374.89
3298.5
2446.25
2087.21
2160.12
2155.78
2309.33
2190.73
2253.66
2169.26
2256.2
2876.93
2434.55
2190.93
2230.06
2179.11
2141.57
2167.24
2216.51
2159.86
2241.95
3285.77
2464.08
1864.38
1997.63
1847.04
1853.75
1832.72
2184.19
2061.43
2107.19
3312.09
2341.13
1775.42
1946.21
1966.73
1861.85
1802.69
1756.76
2198.43
2094.57
3376.5
2427.18
2230.96
2213.53
2187.58
2187.73
2106.66
2273.31
2179.6
2322.66
3317.91
2485.09
2259.65
2180.03
2240.87
2179.61
2231.86
2206.54
2049.18
2233.12
2940.18
2196.67
1873.85
1815.04
1777.36
2255.51
2210.28
2179.41
2199.54
2352.34
3284.52
2452.66
2239.45
2173.2
2265.13
2122.9
2203.2
2255.78
2139.03
2097.44
3213.13
1934.44
1865.54
1956.52
2157.29
2132.35
2090.48
2119.81
2142.32
2337.78
3268.78
2351.74
2251.51
2045.4
2094.93
2196.29
2141.77
2213.59
2175.9
2445.52
3274.03
2515.38
2177.31
2262.25
2198.76
2150.83
2218.81
2223.55
2258.06
2317.56
3386.6
2447.55
2271.54
2219.29
2265.67
2216.4
2199.31
2204.51
2174.58
2296.98
3387.57
2461.75
2238.15
2196.87
2155.91
2143.34
2221.7
2299.14
2293.95
2381.4
3244.26
2366.97
2217.52
2333.78
2232.21
2211.63
2175.28
2200.37
2147.27
2342.37
3320.2
2558.18
2266.82
2191.49
2228.81
2246.23
2171.6
2207.51
2229.23
2396.52
3406.6
2497.28
2161.7
2212.6
2191.94
2213.77
2194.7
2198.35
2262.13
2427.54
3262.51
2531.98
2173.72
2185.66
2284.66
2187.49
2037.17
1831.37
1880.9
2123.44
3233.18
2643.27
2175.69
2179.21
2270.76
2177.95
2209.17
2265.6
2142.62
2331.86
3322.08
2485.35
2277.92
2211.94
2300.53
2061.03
2276.85
2199
2162.49
4056.01
3920.02
4026.48
4092.84
4352.25
4018.43
4242.95
4059.67
4317.3
4097.15
3963.11
3973.1
4091.92
4145.87
3874.15
4153.43
4252.94
4095.43
4090.99
4162.25
4178.46
3319.3
3974.36
4149.58
4274.24
4231.78
4077.53
3918.14
4161.61
4243.68
4093.54
3877.95
3960.44
4010.5
3674.16
3653.55
3892.36
3166.49
4176.23
4158.35
3839.48
3736.74
4004.39
3577.34
3577.09
3641.06
3306
3626.78
3444.4
4055.44
3813.81
3791.57
3821.51
4120.9
4064.38
4118
4000.52
4124.29
4160.1
4171.01
4102.26
3841.67
3957.11
4019.69
4090.22
4171.99
3989.22
4263.63
4039.59
3909.12
4115.55
3294.11
3610.25
3553.62
3375.51
3522.6
3980
4107.32
4132.97
3991.43
4134.8
3956.84
3936.15
4224.11
4065.95
4083.15
4174.63
4083.53
4185.67
3844.88
3989.72
3765.82
3187.05
3362.45
3943.52
3832.26
4279.54
4128.67
4121.72
4016.09
4293.02
3833.42
3920.16
4138.53
3577.66
4184.87
4100.4
4184.93
4292.29
4051.7
4271.06
3890.32
4066.52
4183.61
4296.77
4218.83
4156.79
3928.93
4377.84
4176.79
4203.7
4047.16
4038.53
4052.23
4321.65
4202.54
4042.72
4030.53
4149.17
4017.62
4204.33
3904.73
3937.06
4221
4201.82
4182.23
4157.12
4022
4150.92
4019.43
4151.47
4177.25
4027.07
4044.73
4066.32
4189.58
4076.61
4209.18
4203.49
4140.34
4130.6
3916.66
3938.64
4214.62
4000.08
4281.91
4266.76
4017.16
4079.57
4429.59
4043.34
3923.93
4054.86
4125.64
4255.22
4162.77
4084.37
3991.86
4110.83
4385.55
4176.07
4119.01
4001.29
4348.85
4084.16
4184.62
4039.59
3735.35
3782.94
3728.73
3693.7
3595.22
3972.49
4370.98
4199.38
4150.41
4097.88
4202.19
4271.78
4121.42
4150.34
4000.68
3953.68
4242.83
4243.37
4215.86
4184.33
4181.02
4233.77
4129.47
4108.86
