1308.14
1251.15
1353.4
1288.76
1322.81
1273.72
1357.38
1320.67
1303.04
1335.6
1291.51
1305.75
1342.24
1332.39
1291.15
1318.11
1349.41
1286.59
1336.91
1323.42
1317.6
1282.19
1327.51
1314.9
1318.73
1256.87
1357.12
1312.89
1269.26
1288.48
1338.13
1329.19
1250.97
1323.28
1287.08
1359.04
1336.05
1286.1
1316.08
1280.37
1313.01
1342.23
1371.86
1310.88
1319.17
1369.93
1286.81
1249.75
1344.62
1308.05
1336.15
1311.76
1325.74
1301.8
1282.99
1309.39
1384.78
1324.43
1323.3
1244.61
1241.87
1243.12
1267.47
1212.98
1158.8
1299.77
1409.05
1327.05
1227.85
1336.39
1326.84
1310.45
1292.81
1318.64
1327.85
1281.77
1303.93
1362.95
1268.97
1319.29
1336.07
1338.78
1217.75
1301.89
1374.45
1240.49
1358.87
1337.15
1236
1294.62
1339.1
1316.73
1343.86
1361.05
1296.06
1297.07
1347.85
1237.21
1351.77
1347.99
1297.8
1308.21
1352.48
1316.78
1248.25
1306.9
1427.48
1240.45
1319.94
1247.34
1291.07
1355.95
931.162
1339.83
1300.54
1292.96
1420.34
1270.3
1328.13
1277.08
1350.43
1270.88
1329.78
1328
1320.19
1278.19
1360.58
1233.48
1352.67
1352
1357.3
1282.03
1300.59
1337.82
1288.74
1334.98
1384.19
1339.84
1298.45
1288.01
1315.14
1309.21
1273.18
1391.1
1366.28
1334.51
1314.59
1245.16
1289.25
1311.17
1348.62
1331.56
1367.33
1274.49
1196.84
1287
1436.44
1321.12
1339
1368.23
1287.19
1304.07
1317.96
1268.1
1310.26
1345.53
1394.17
1257.07
1268.88
1239.38
1350.06
1369.59
1273.29
1359.18
1298.35
1196.09
1340.36
1347.59
1315.8
1317.48
1300.15
1217.14
1289.6
1361.34
1307.36
1317.28
1400.99
1221.31
1316.88
1304.92
1352.35
1319.91
1373.36
1308.08
1322.71
1317.61
1271.32
1366.31
1343.72
1309.32
1312.52
1393.45
1375.7
1322.25
1471.23
1355.72
1328.6
1499.82
1431.97
1435.09
1355.79
1285.89
1362.79
1461.01
1410.81
1355.64
1433.61
1402.68
1425.26
1364.24
1312.08
1357.17
1516.67
1388.79
1374.77
1338.73
1405.64
1353.14
1379.02
1393.47
1379.55
1497.82
1359.64
1245.4
1354.94
1347.74
1486.93
1438.39
1389.13
1321.21
1403.2
1346.93
1373.04
1380.79
1410.61
1516.14
1404.84
1343.92
1304.12
1473.77
1351.31
1389.48
1397.14
1378.63
1424.81
1341.91
1318.8
1413.99
1515.17
1394.34
1323.12
1216.19
1348.12
1402.06
1311.13
1186.67
1279.56
1660.51
1415.09
1339.8
1364.9
1320.31
1442.2
1375.36
1361.57
1347.72
1506.63
1323.81
1354.47
1381.72
1418.6
1462.05
1392.19
1334.34
1299.4
1477.03
1316.32
1470.5
1316.14
1393.41
1435.3
1376.37
1343.72
1349.66
1524.3
1360.32
1358.72
1423.38
1272.07
1475.25
1370.47
1361.01
1396.51
1427.36
1411.74
1352.85
1364.53
1380.66
1474.14
1334.82
1332.87
1352.89
1548.63
897.747
1409.88
1331.91
1403.08
1520.96
1321.23
1354.66
1347.66
1473.15
1403.21
1330.83
1359.7
1382.46
1462.2
1473.69
1339.37
1337.63
1517.2
1372.42
1331.45
1377.41
1379.95
1470.85
1357.26
1407.35
1418.91
1466.31
1344.21
1342.55
1395.55
1353.34
1471.62
1375.1
1413.39
1391.54
1485.08
1270.49
1379.88
1360.1
1409.39
1437.9
1392.96
1318.3
1331.14
1508.56
1422.05
1375.18
1351.82
1380.08
1486.76
1320.69
1371.76
1322.12
1486.49
1469.4
1305.73
1346.11
1389.75
1426.07
1380.45
1361.65
1357.99
1437.74
1390.17
1322.42
1387.9
1373.25
1507.08
1332.37
1334.84
1292.61
1432.94
1376.97
1413.68
1472.63
1408
1460.68
1345.92
1336.42
1376.92
1495.63
1400.43
1305.47
1408.39
1416.52
1445.77
1361.18
1399.08
1362.87
1301.46
1326.38
1340.87
1346.57
1202.55
1310.48
1379.16
1309.95
1368.74
1274.42
1214.81
1396.78
1334.17
1300.39
1349.21
1295.92
1367.51
1322.03
1302.38
1282.84
1355.46
1349.32
1285.89
1345.78
1313.29
1258.43
1331.58
1284.81
1298.11
1368.72
1356.07
1248.71
1329.12
1308.07
1283.71
1269.69
1400.07
1328.1
1299.08
1360.35
1220.76
1338.72
1337.79
1340.07
1345.98
1301.14
1364.79
1300.64
1297.63
1285.84
1335.23
1312.2
1330.35
1330.98
1293.42
1249.2
1413.95
1328.52
1290.59
1255.47
1228.68
1255.49
1243.39
1178.59
1229.16
1316.61
1407.89
1263.69
1383.03
1345.03
1240.01
1261.65
1338.89
1272.35
1323.09
1345.26
1358.7
1256.35
1343.93
1328.41
1334.38
1271.28
1306.66
1377.41
1267.03
1219.07
1440.89
1251.84
1328.46
1334.16
1323.73
1271.67
1334.97
1346.83
1300.73
1291.48
1332.8
1351.88
1293.17
1319.75
1298.25
1339.74
1347.31
1263.23
1316.15
1298.89
1375.35
1299.7
1325.54
1240.72
1334.14
1153.41
1140.02
1325.81
1277.73
1291.15
1363.72
1319.84
1286.25
1356.02
1299.03
1363.15
1245.16
1326.47
1297.83
1347.2
1290.09
1336.84
1316.14
1333.02
1260.13
1383.6
1355.15
1280.56
1296.4
1282.16
1384.89
1357.62
1351.83
1304.74
1313.37
1315.64
1334.23
1356.3
1335.8
1259.65
1392.94
1312.56
1276.49
1354.79
1277.04
1315.78
1303.73
1280.84
1300.2
1341.71
1394.9
1335.73
1294.71
1294.08
1329.16
1357.35
1337.5
1256.44
1338.38
1274.39
1376.67
1325.19
1309.31
1303.05
1311.41
1258.4
1326.93
1319.28
1327.41
1244.92
1342.64
1327.21
1338.65
1277.13
1297.44
1340.3
1304.69
1269.06
1331.13
1290.63
1362.33
1371.06
1337.65
1266.49
1319.94
1335.43
1292.86
1280.97
1350.14
1331.75
1415.52
1309.82
1339.94
1321.69
1313.34
2374.56
2393.73
2319.28
2355.37
2440.64
2694.5
3546.71
2373.42
2400.42
2263.44
2422.34
2415.16
2384.4
2346.21
2397.47
2790.66
3528.14
2460.07
2439.58
2401.29
2383.82
2293.89
2275.96
2338.46
2394.12
2762.72
3523.64
2351.18
2379.32
2381.73
2334.74
2390.94
2424.66
2369.47
2301.73
2657.5
3461.19
2405.61
2411.81
2448.28
2322.84
2339.01
2307.27
2424.38
2389.61
2817.04
3621.8
2425.96
2330.65
2347.05
2436.24
2392.07
2425.4
2355.79
2375.54
2724.49
3534.46
2374.42
2364.04
2270.6
2216.78
2269.14
2261.93
2201.41
2284.42
2705.02
3537.86
2409.61
2424.34
2352.5
2386.02
2266
2332.32
2287.36
2438.79
2790.4
3605.81
2350.39
2295.53
2328.32
2303.96
2306.9
2407.59
2320.26
2304.29
2738.45
3510.2
2349.1
2422.8
2316.09
2393.51
2372.31
2406.52
2409.71
2388.87
2770.35
3515.78
2372.61
2331.79
2390.69
2390.65
2333.8
2484.9
2393.97
2325.72
2685.24
3574.54
2316.85
2411.72
2341.16
2317.27
2267.1
1862.55
2295.16
2364.37
2870.3
3448.76
2382.57
2404.18
2320.42
2431.78
2410.28
2256
2369.03
2375.35
2848.81
3408.57
2335.86
2397.44
2362.95
2510.7
2405.78
2430.06
2391.89
2324.53
2906.71
3545.8
2355.5
2438.16
2353.94
2372.96
2385.38
2371.2
2406.85
2446.82
2880.53
3397.16
2363.89
2366.53
2312.89
2419.17
2448.97
2407.53
2328.84
2374.58
2799.14
3488.37
2416.25
2400.01
2358.3
2346.9
2377.56
2447.56
2256.04
2360.12
2896.91
3483.37
2285.38
2476.07
2350.59
2276.82
2327.1
2391.74
2407.39
2376.74
2829.65
3512.68
2284.17
2417.67
2361.54
2351.98
2390.44
2324.65
2373.87
2389.2
2808.28
3456.51
2394.37
2396.16
2300.05
2353.53
2356.08
2377.2
2357.18
2395.66
2918.7
3507.14
2306.13
2350.68
2453.22
2347.07
3960.92
4259.8
4218.24
4171.4
4078.06
4142.55
3983.36
4081.66
4105.35
4146.16
4178.72
4157.29
4282.57
4129.46
4282.23
4008.55
4026.73
4122.82
4043.62
4119.73
4163.59
4238.4
4128.75
4166.28
4140.23
4095.69
3924.45
4139.55
4110.5
4051.16
4242.06
4088.6
4112.32
4186.35
4305.49
3923.11
4129.44
4152.74
4100.75
4185.55
4077.35
4201.06
4226.34
4246.03
4209.69
4026.73
3962.3
4138.39
4162.51
4188.12
4126.34
4092.42
4232.67
4094.61
4214.36
4090.35
4072.42
4168.29
4151.9
3845.5
3982.38
3947.85
3879.96
3680.83
3879.95
4054.45
4111.43
4042.53
4206.98
4140.14
4019.1
4031.1
4307.32
4134.17
4159.78
4162.66
3871.92
4209.92
4075.46
4281.84
4177.1
4214.58
4062.9
4184.69
4030.92
4058.92
4058.93
4104.94
4196.53
4157.05
4110.12
4049.74
4226.65
4194.39
4197.15
4023.66
3934.14
4130.38
4146.9
4158.43
4195.08
4107.62
4170.77
4148.28
4184.3
4095.41
3988.83
4075.58
4138.46
3984.11
4220.69
3344.51
3814.39
4111.51
4106.4
4038.09
3959.15
4176.11
4172.77
4201.94
4147.45
4254.23
3930.07
4176.88
4218.13
4036.57
3939.64
4203.49
4143.37
4219.74
4076.98
4107.77
4222.59
4125.48
4151.27
4100.56
4075.06
4132.52
4096.57
4163.09
4152.29
4145.45
4184.92
4199.32
4195.16
4193.45
3938.36
4101.91
4149.23
4142.63
4099.52
4106.25
4093.19
4113.95
4141.02
4121.54
4113.2
4223.4
4111.69
4151.61
4202.25
4160.4
4269.73
4067.67
4192.61
4068.41
3949.87
4181.23
4099.09
4074.01
4189.48
4105.86
4152.87
4072.53
4111.23
4027.96
3995.55
4237.39
4097.81
4073.61
4045.76
4133.49
4057.41
4188.77
4071.38
4006.89
3952.8
4266.37
4108.86
4154.37
4192.13
4166.46
4123.66
4204.5
4210.55
4152.89
4101.05
4176.54
4181.56
4092.03
4179.56
