3269.45
3120.76
2963.16
2373.58
2835.33
2447.29
3026.92
2960.57
3219.15
3061.14
3103.93
3042.44
2975.95
3009.47
3108.51
3097.11
3450.54
3060.45
3131.26
2886.26
3116.78
3042.98
3038.48
3112.52
3403.33
2792.67
2989.39
3213.22
2938.34
2509.63
3060.81
3209.65
2778.39
2903.74
3211.18
3106.53
2631.26
1939.04
2725.15
3273.22
3100.91
3310.39
2515.56
3140.47
3317.36
2601.45
2781.96
3210.3
3074.41
2905.54
3068.32
2716.47
3051.88
3118.73
2569.7
2989.84
3171.01
3056.61
2895.97
2995.76
2616.74
3336.64
3029.76
3362.32
3469.41
2826.34
2941.45
3051.11
3023.9
3359.41
3113.5
3168.48
3249.39
3033.9
2746.3
1260.35
2228.32
2767.99
3014.63
3224.74
3106.64
3201.93
3144.71
3201.61
3170.28
3386.77
3385.75
2892.34
3107
3372.28
3192.17
3127.11
3347.13
3292.83
3045.9
3150.72
2961.52
3246.25
3240.41
3218.5
3031.65
2572.8
2573.24
3358.5
3194.85
3086.94
2906.39
3580.64
3059.68
3018.76
3129.25
3087.31
2934.93
3124.7
3066.08
3309.98
3277.1
2988.26
2294.81
3298.25
3031.29
3184.79
2940.86
1667.44
3037.36
2926.94
3008.48
2806.73
3248.24
3371.1
3358.01
2926.86
3184.39
3104.99
2965.12
3132.59
3159.82
3232.81
3165.51
3158.31
3413.09
3273.39
2995.3
3281.44
3330.93
3093.18
2478.36
3055.52
3054.78
2968.98
3008.43
2927.07
3166.91
3291.01
3388.66
3176.64
3164.35
3005.77
3293.67
3155.24
3134.81
3464.71
3333.62
3176.79
3424.34
2803.8
2885.31
1855.08
3008.55
2928.31
2849.56
3223.91
3247.49
3108.79
3161.02
3263.2
3267.78
2841.44
2935.55
3063.71
3033.17
3137.93
3207.83
2921.51
3022.89
3009.23
3243.55
2804.54
2852.62
3061.28
3342.55
3258.95
3061.89
2986.28
2678.88
3033.34
3123.18
2657.88
2482.64
2934.04
2815.84
3434.11
3254.05
2828.64
3000.34
3628.41
2896.45
3523.59
3673.08
3310.89
3350.63
3449.95
3311.84
3614.86
3594.97
3014.6
3186.96
3518.63
2980.11
3425.17
2916.68
3343.77
3211.56
3449.08
3140.04
2707.82
3580.88
3138.98
3180.83
3249.73
2627.63
3716.82
3349.14
3403.88
3854.64
3359.61
3383.62
2048.32
2943.57
3224.2
3546.01
3517.49
3450.42
2955.14
3620.32
3470.16
3197.99
3129.31
3747.84
3325.23
3670.82
3311.46
3045.24
3594.74
3065.84
3103.47
3404.42
3454.88
2601.88
3367.12
2677.57
3181.25
3208.51
3296
3573.07
3740.07
3069.74
3339.05
3787.04
3023
3388.2
3088.23
3605.91
3615.7
2684.91
2578.21
1309.69
2760.57
3577.43
3383.71
3392.74
3556.62
3527.04
3217.19
3197.85
3274.66
3320.34
3012.06
3377.18
3740.49
3453.64
3346.5
3216.42
3844.62
3148.43
2954.75
3442.01
3374.65
3441.36
3641.71
3358.26
3262.19
2952.04
3268.32
3661.66
3849.67
3156.09
3156.61
3480.76
3361.1
3142.93
3817.27
3330.87
2749.18
3512.52
3507.34
3579.91
3453.93
3322.95
2762.72
3469.65
3283.17
3328.75
1735.31
2916.58
3264.88
3448.14
3258.43
3167.38
3710.03
3341.3
3453.96
3670.58
3345.01
3395.77
3438.37
3568.45
3496.13
3536.1
3243.15
3086.47
3740.77
3671.91
3649.3
3538.84
3293.16
3020.16
3194.28
3348.68
3236.72
3325.72
3292.59
3316.88
3408.67
3376.36
3545.53
3495.85
3372.28
3390.04
3262.01
3532.55
3551.55
3422.22
3346.97
3820.35
3549.54
3423.74
3076.86
2077.53
3296.06
3025.92
3259.75
3018.88
3493
3638.14
3515.99
3623.01
3179.3
3500.26
3507.97
3289.15
3434.97
3282.77
3150.39
3371.61
3333.53
3362.7
3316.26
2970.21
3161.96
3557.98
3553.24
3334.01
3029.23
2993.66
3217.91
3542.79
3173.09
3251.79
3232.45
3253.98
2992.27
3111.85
3010.26
2583.61
3067.88
3276.47
2565.19
3327.67
3335.02
3248.05
3475.19
3157.76
2988.19
3328.94
3313.83
3135.9
3518.31
3423.74
2977.41
3345.4
2661.17
3261.57
2941.85
3122.15
3119.05
3092.03
3260.33
3125.96
3062.41
3088.48
2481.46
3202.73
3120.92
3050.97
3594.99
3205.19
3309.24
1843.88
2803.62
2868.1
3358.45
3210.76
3165.84
2777.3
3139.03
3337.24
3086.4
2768.24
3338.84
3096.8
3412.98
3489.21
2946.78
3627.67
3060.55
2999.49
3339.15
3369.46
2567.61
3208.74
2535.18
3285.21
3048.46
3208.63
3491.64
3552.78
2985.39
2958.34
3199.28
3181.87
3452.52
3227.52
3333.35
3469.38
2690.95
2696.8
1026.83
2558.53
3344.05
3437.59
3428.01
3292.88
3238.87
3194.35
3003.04
3165.64
3264.44
3068.07
3118
3431.02
3330.15
3447.04
3101.51
3292.84
3179.37
3136.35
3363.19
3139.48
3352.28
3361.99
3233.63
3252.35
2866.08
2923.66
3387.37
3318.5
2891.86
3102.71
3576.56
3048.73
3207.48
3802.13
3191.69
2914.71
3007.43
3243.51
3217.56
3024.14
2866.74
2290.7
3355.78
3307.34
3174.41
2115.39
2624.6
2850.3
3153.65
3126.67
2978.76
3539.65
3278.35
3286.28
3068.91
3147.2
3287.62
3367.68
3276.79
3377.34
3300.94
2936.45
2992.47
3613.41
3338.24
3261.45
3312.75
2969.14
2784.29
2969.32
3285.7
3071.11
3150.23
2884.37
3216.75
3091.97
3458.04
3234.33
3263.01
3239.63
3331.69
3367.7
3411.61
3473.33
3430.96
3149.32
3279.83
3265.14
3299.79
3091.45
2109.9
2936.88
2601.06
2934.67
2886.41
3337.46
3232.99
3236.97
3280.84
3113.04
3330.2
3590.69
2705.97
2929.74
3216.02
3033.34
3139.24
3054.12
3067.76
3130.74
2782.64
2993.75
3350
3304.05
3180.08
2917.25
3147.59
3067.29
3351.24
3046.89
3125.4
3136.89
3035.02
3175.98
2915.02
3114.88
2657.12
3012.44
3284.26
2919.16
3108.87
2732.67
3139.5
3075.46
3157.54
2790.64
2788.86
3038.34
2933.2
2986.83
3440.44
3181.27
3118.52
2949.56
2983.04
2886.94
2982.81
2993.82
3368.91
2938.38
3183.78
3219.7
3179.7
2423.29
2982.69
3067.7
2870.6
3202.8
3105.53
2988.85
2374.37
2309.7
2745.25
3217.19
3071.56
3106.35
2468.12
2868.14
3270.46
3094.72
2863.52
3580.51
2953.39
3016.83
3438.43
3047.58
3199.7
3282.61
2611.21
3117.34
3048.57
2725.85
3056.17
2926.38
2913.01
3448.1
3184.31
3539.34
3493.22
2942.18
3266.97
3296.7
3013.05
3460
2930.06
3168.78
3483.53
2972.76
2614.92
874.645
2877.51
2636.91
3294.61
3229.2
3108.45
3184.79
3194.85
3216
3070.61
3495.08
3006.47
3152.45
3217.5
3471.24
3296.01
3301.15
3351.78
3277.47
3102.99
3002.07
3131.01
3109.28
3108.44
3226.19
3220.23
2749.64
2646.73
3405.64
3153.89
2925.99
2716.46
3214.71
3052.83
3148.91
3300.7
3355.13
3045.31
3117.5
3307.67
3332.99
3112.07
3117.3
2521.68
3277.22
3131.26
3196.75
2887.98
1920.03
3054.29
3357.34
3111.92
2902.43
3284.14
3324.04
3193.52
3005.91
3215.12
3200.45
3336.81
3258.56
3126.29
3011.03
3095.8
3216.27
3384.39
3246.09
3030.18
3445.99
3137.71
3309.91
2861.4
3356.24
2789.15
2941.78
3195.18
3041.71
3019.07
3311.88
3528.42
3142.86
3279.73
3083.6
3173.39
3269.44
3007.19
3224.7
3167.41
2985.61
3416.57
3003.08
3246.41
1901.78
2989.48
2836.11
3025.81
3140.39
3445.22
3229.37
3240.82
3102
3047.2
2962.91
3279.62
3039.99
2991.8
2847.1
2981.75
3169.43
3261.65
2793.57
3184.34
2858.22
2999.11
3174.47
3299.68
3250.38
2949.65
3048.43
2954.18
3018.33
3355.22
2901.49
2801.6
2879.41
2694.42
3310.6
3236.18
2854.87
3061.99
3316.56
2801.28
3103.54
3194.64
3274.86
3192.8
3241.65
3113.52
3446.99
2970.56
2971.45
3227.31
3393.91
3106.43
3339.66
2964.91
3127.04
3180.03
3057.32
3090.49
3032.86
3136.47
3270.5
3241.84
3238.73
2247.22
3298.21
2875.41
3031.1
3247.06
2803.66
3178.38
1485.52
2478.78
2695.97
3146.83
3052.4
3111.42
2514.26
2986.03
3003.11
2811.16
2734.07
2940.95
2865.65
3248.03
3214.09
2976.85
3611.21
3085.93
3003.19
3070.14
2980.51
2075.09
3169.17
2303.78
3187.72
3023.41
3244.14
3557.05
3349.01
2794.11
3241.61
3406.38
3186.84
3468.65
3173.53
3234.18
3473.13
2620.25
2771.28
1178.79
2747.47
3099.39
3196.55
3330.33
3393.75
3386.99
3002.35
3091.95
3051.72
3482.62
3276.14
3506.78
3307.12
3473.6
3214.85
3119.97
3641.62
3015.07
3017.12
3180.02
3334.59
3241.28
3435.4
3120.71
3268.3
2630.93
2738.34
3085.82
3300
2927.55
2935.58
3440.55
2898.76
2996.36
3381.12
3032.94
2903.04
3203.37
3471.21
3348.82
3286.86
3023.24
2334.95
2901.99
3194.19
3248.83
2385.09
2322.86
2772.86
3100.63
3005.37
2911.81
3338.68
3293.02
3179.09
3275.94
3262.21
3109.39
3253.14
3431.48
3368.74
3221.92
3359.87
3247.37
3645.82
3197.36
3290.96
3289.66
3197.01
2868.62
2827.79
3263.36
3127.69
3277.99
2822.64
3014.22
2888.94
3002.96
3233.74
3217
3086.53
3111.59
3060.01
3375.22
3290.83
3342
3127.47
3387.18
3237.99
2994.86
2696.77
2120.29
2897.86
2734.57
2943.84
2886.34
3394.55
3232.98
3357.25
3407.54
2897.11
3101.97
3322.77
3211.66
2896.3
3215.46
3193.61
3284.93
3294.88
3253.83
3295.66
2864.66
3256.35
3280.82
3460.88
3341.71
3012.86
2902.97
3165.3
3180.39
2983.5
3008.23
3075.71
3079.51
3044
