3346.24
2869.91
3975.58
3880.32
1810.28
2204.57
2514.51
3534.74
4817.59
4701.89
3269.55
2390.68
2407.65
3860.33
4244.16
3580.9
2976.29
3032.4
3396.7
4170.05
3774.19
3238.19
2284.45
1979.39
2292.12
3053.9
3084.41
3764.28
2943.77
3104.64
3219.75
3774.37
3882.39
2923.78
2379.58
2626.23
3255.36
3828.99
3908.63
2611.53
3291.76
2203.37
2275.75
2397.18
3992.55
3881.43
3058.28
2522.9
2792.15
3381.46
3899.08
3205.38
2754.61
2628.99
3144.91
3810.26
3056.65
3243.49
3596.04
2085.37
2236.72
2269.29
2964.44
4262
3875.73
3231.05
3207.76
3209.55
2953.91
2434.76
2747.15
1686.11
2274.81
3281.91
3589.05
3268.77
2422.01
3852.72
2833.95
2797.62
3064.36
4465.27
3866.08
2487.31
2248.99
2558.84
3878.38
3375.51
3345.73
2530.79
2715.74
2863.58
4206.22
4166.46
2586.42
2182.57
2437.92
2137.35
2607.37
2903.89
3670.42
3891.94
3155.68
3047.88
2560.59
3640.33
4359.3
2740.59
2410.34
2030.87
2456.61
3908.84
3325.68
2907.1
2934.99
2740.39
3014.16
2321.26
2526.26
2994.95
3958.63
3680.97
3388.59
2888.9
3014.47
3187.21
3597.51
2802.4
2931.13
3208.82
3693.12
3652.93
2819.93
3101.8
2682.1
2372.05
2528.48
3188.24
4050.81
4114.45
3224.53
3201.17
3180.85
3662.55
3451.26
3209.03
2483.26
2402.74
2378.7
2418.01
3762.16
3270.29
3488.51
3076.96
2052.15
2125.37
2449.1
3352.2
4075.64
4402.99
2899.41
2847.55
2812.64
3149.18
3291.63
3266.34
3046.71
3191.2
3395.24
3408.74
2809.95
2778.79
3670.18
2453.86
2494.65
2230.47
2876.19
3843.23
4339.56
4267.65
3493.57
3926.13
2964.58
3368.76
2690.71
2329.89
2459.64
2486.16
3341.13
3249.05
2237.56
2415.59
3559.8
2522.74
3080.69
2569.1
3777.39
4538.2
2989.64
2372.66
2701.99
3204.88
3169.54
4020.81
3943.18
2025.87
2238.98
2459.73
4196.36
5132.19
4557.09
3246.4
2431.46
2646.48
4484.3
4349.67
3428.21
2975.66
2983.63
3818.9
4501.15
4338.37
3258.39
2400.03
1917.1
2578.57
3621.61
2898.64
4767.92
2822.96
3159.28
3648.15
4496.43
3744.72
2868.3
2637.18
2862.32
3397.22
4239.24
4054.87
2746.86
3045.01
2001.51
2411.87
2772.99
4600.17
3656.16
3094.65
2364
2970.4
3947.14
4399.67
3431.48
2895.51
3091.97
3006.45
3875.4
3013.64
3674.87
3343.07
2045.14
2252.65
2387.87
3710.6
4109.65
4259.43
3526.85
3701.32
3122.39
2875.41
2758.25
2557.9
1846.32
2492.57
3896.18
3743.64
3206.59
2613.59
3853.27
2689.62
2775.58
3559.32
4757.6
3484.39
2666.37
2489.59
3096.96
4136.33
3554.3
3573.82
2360.02
3139.27
3294.75
4362.89
4511.91
2636.31
2130.05
2207.67
2050.77
2711
3128.7
3874.83
3538.34
3437.01
3283.81
3125.07
4108.28
4829.61
2684.47
2175.11
2102.38
2729.17
3816.66
2890.11
3208.22
2727.26
2962.33
2689.88
2408.89
2597.98
3099.35
4204.2
3809.16
3305.41
3231.44
3583.85
3430.01
3807.76
2890.01
2963.42
3543.28
3941.71
3733.9
2843.55
3152.02
2646.55
2141.14
2421.29
4264.64
4132.23
4164.53
3075.7
3231.83
3627.15
3907.06
4186.81
3366.61
2427.14
2193.41
2554.83
2766.57
3778.09
3642.34
3590.34
2839.14
2092.43
2125.39
2521.25
3553.22
4552.72
4753.84
2859
2744.01
2631.66
3760.07
3565.06
3900.02
3116.37
3316.8
3435.7
3501.48
2693.36
3101.16
3930.37
2289.01
2246.4
2699.16
2794.91
4019.65
4842.95
4083
3613.4
3881.01
3390.61
3544.65
3041.32
2694.53
2424.34
2828.64
3482.72
3219.46
2053.27
2785.03
3816.29
2340.25
3114.84
2813.97
4322.36
4502.29
3281.48
2404.2
2614.24
3189.59
2986.35
3680.86
3347.66
2014.74
2470.45
2597.38
4086.99
4760.45
4104.43
2648.42
2309.03
2644.98
4042.46
3842.03
3207.77
2804.22
2828.62
3680.43
4132.34
3917.83
3061.34
2149.86
1800.9
2683.47
3493.52
2245.21
4281.3
2818.19
2879.64
3457.93
4098.66
3417.84
2447.13
2406.76
2484.22
3131.95
3677.28
4063.93
2640.2
2982.17
2320.23
2388.07
2710.72
4372.1
3286.79
2815.74
2287.14
3013.49
3623.25
3537.3
3081.8
2391.76
2963.53
3130.77
3803.6
2738.38
3281.62
3016.57
2355.32
2110.42
2406.25
3550.37
3755.27
4067.83
3163.39
3530.02
3113.14
3014.12
2344.89
2176.23
1481.51
2188.3
3732.41
3595.32
3174.79
2245.82
3838.07
2703.05
2850.91
3357.94
4373.54
3071.38
2379.79
2219.3
2785.95
4010.63
3414.2
3473.57
1904.58
2590.79
3208.48
4086.32
4089.69
2055.74
1902.76
2430.66
2202.53
2904.61
3006.05
3842.11
3112.13
3676.03
3166.04
2923.83
3861.77
4248.45
2248.04
1874.17
1768.14
2708.31
3951.76
2923.99
3070.32
2520.6
3150.91
2731.9
2315.03
2691.61
3010.15
4083.01
3284.92
3039.04
2762.68
3414.22
3025.04
3437.63
2862.71
2625.53
3238.23
3548.48
3528.07
2693.17
2729.91
2560.56
2261.07
2211.92
3885.99
3876.06
4055.42
3058.77
3431.28
3484.6
3837.07
3497.38
3042.46
2069.96
2016.4
2254.11
2672.46
3520.13
3186.18
3339.6
2803.05
2067.05
2164.36
2554.57
3555.03
3994.34
4224.87
2815.81
2672.61
2680.97
3479.37
3282.18
3278.95
2838.19
3181.64
3170.62
3184.89
2328.53
2979.93
3619.39
2177.17
2177.66
2482.36
3111.56
3957.54
4411.91
3989.25
3659.65
3667.51
3195.83
3279.33
2939.3
2475.93
1855.91
2698.37
3130
2833.59
1792.07
2311.39
3762.63
2409.29
3025.32
2931.83
3918.86
4058.88
3300.96
2218.47
2466.24
3304.67
3771.47
4394.42
2944.89
2047.41
2312.19
3068.07
4725.9
4987.86
4058.66
2632.78
2777.75
3534.03
4518.48
4082.54
3222.44
3091.38
3221.16
4503.1
4181.61
3764.79
2834.35
2088.47
2063.98
2912.2
4254.66
2681.3
3908.4
3258.11
3428.79
4214.67
4464.96
3656.35
2281.61
2779.46
2901.22
3942.55
4402.2
3161.35
3934.5
2648.06
2199.25
2221.55
3539.68
4877.11
2999.17
2883.7
2749.23
3697.34
4441.18
3371.87
2874.06
2705.14
3438.34
3662.75
3640.43
3040.7
4170.8
2525.09
2208.08
2199.77
2754.1
4221
4316.22
4143.98
3569.39
4095.61
3054.37
2626.66
2933.45
1729.6
2241.49
3413.1
3757.96
3802.52
2796.25
3175.91
3473.36
2664.09
2977.84
4109.91
5025.44
2680.61
2657.84
2732.62
3806.26
3692.66
3500.25
3057.1
2295.13
2894.32
4267.97
4555.3
4015.13
2084.05
2224.73
2417.95
2586.53
2847.58
3626.39
3990.45
3300.11
3724.68
3381.65
3438.21
4404.46
3667.8
2246.19
1987.38
2389.79
3816.16
3664.59
3012.68
3251.49
2590.26
3204.34
2497.5
2274.06
3052.93
3384.96
4282.98
3576.72
3381.74
3070.06
4022.61
3545.73
3295.15
3017.24
2965.8
3623.61
3725.15
3438.91
3301.36
2815.39
2545.51
2613.61
2351.36
4683.12
4541.48
3363.24
3264.58
3700.81
4147.77
4269.41
3430.04
2996.38
2696.98
2315.67
2570.99
3344.82
3193.08
3617.38
3512.29
2393.98
2104.19
2221.62
2922.28
4056.45
4309.53
4058.29
2879.57
2914.66
3331.97
3866.64
3496.55
3385.24
3419.17
3510.98
3216.78
3163.04
2498.28
3645.44
3107.53
2527.29
2354.59
3069.41
3242
4202.38
4719.47
4054.99
3889.87
3650.05
3456.23
2984.45
3030.48
2696.18
2440.66
3483.97
3018.37
2915.54
2227.12
2940.11
3107.94
3059.58
2821.17
3287.86
4790.63
3938.42
2836.89
2589.68
3141.73
2942.39
2676.18
3644.92
3794.81
1777.41
2154.91
2359.41
3459.24
4437.37
4396.72
2937.16
2286.88
2382.36
3909.71
3902.49
3001.73
2677.54
2829.35
3272.08
3991.59
3453.8
3102.16
2186.39
1899.91
2200.99
2799.26
3042.71
3324.49
2618.55
2937.58
3261.05
3833.42
3621.47
2768.81
2179.85
2430.95
3025.34
3418.43
3423.63
2289.41
3281.46
2100.24
2204.17
2341.51
3749.77
3489.24
2734.84
2437.09
2738.81
3519.04
3737.47
2979.64
2550.26
2625.18
3069.19
3317.85
2860.89
3023.52
3108.44
2018.93
2142.31
2198.07
2986.05
3652.34
3696.27
3119.26
3379.62
3303.02
2777.44
2282.59
2478.4
1554.4
2261.09
3156.77
3469.22
2926.39
2175
3661.53
2605.2
2639.17
2884.83
4285.19
3428.22
2372.63
2178.96
2624.47
4055.42
3032.8
3128.41
2200.93
2551.31
2841.87
3767.76
3820.99
2008.29
1969.09
2058.2
2052.09
2700.86
2786.62
3550.7
3539.35
3154.78
3214.91
2717.59
3837.33
3785.81
2454.26
2119.15
1923.08
2334.65
3546.09
2947.9
2367.68
2642.11
2735.59
2795.27
2076.76
2289.99
2873.1
3799.22
3286.82
2952.18
3059.62
3108.19
3277.49
3270.45
2615.32
2724.74
2969.03
3270.38
3161.16
2784.6
2902.91
2605.42
2178.54
2317.22
3093.17
3763.49
3973.45
2982.2
3105.84
3475.74
3884.12
3778.13
2888.75
2362.11
2237.8
2217.45
2334.95
3434.34
2796.16
3241.5
2834.63
2020.7
1910.63
2212.64
3207.64
3966.79
4019.58
2642.78
2676.27
2579.05
3288.41
3429.96
3416.14
2584.09
2919.37
2928.07
3041.41
2614.91
2517.51
3527.85
2277.22
2323.78
2110.53
2665.98
3597.1
4301.84
3768.69
3452.2
3672.95
2677.06
3387.47
2811.2
2293.53
2348.47
2348.89
3083.22
2985.68
1994.01
2257.96
3461.23
2354.41
3013.18
2396.19
3402.25
4326.85
2677.53
2415.66
2548.95
