1240.99
1082.06
1591.58
1206.92
1538.66
1461.69
1400.41
1415.47
1309.6
1467.22
1467.21
1524.49
1091.66
1506.08
1136.2
1474.13
1427.02
1728.28
1502.71
1392.92
1580.57
1858.59
1136.46
1608.65
1430.74
1417.93
1588.45
1713.48
1380.35
1658.73
1416.09
1507.9
1078.26
1302.56
1671.85
1610.93
1258.64
1422.14
1489.53
1579.9
1748.96
1465.34
1235.73
1622.2
1674.41
1693.51
1071.86
1484.62
1453.36
1477.55
1544.21
1400.85
1473.06
1743.53
1769.22
1445.21
1163.66
1257.45
1076.22
1610.09
1734.52
1224.38
1159.69
847.978
1621.34
1637.8
1376.05
1550.43
1291.59
1365.49
1382.18
1230.37
1711.67
721.964
1347.92
897.425
1603.64
1436.7
1385.47
1499.94
1769.3
1308.28
1870.15
1252.28
1580.57
1541.73
1311.51
1600.99
1239.18
1463.15
1269.62
1441.24
1661.33
1246.36
1316.38
1447.69
1171.82
1775.73
1636.31
1464.65
1339.02
1367.12
1649.81
1898.67
1615.17
1491.09
1408.26
1793.77
1649.24
1172.55
1327.36
1388.59
1601.94
1636.68
1488.31
1453.14
1405.36
1688.7
1763.88
1335.14
1555.39
824.52
1645.57
1388.8
1740.22
1156.28
1389.76
1755.87
1746.79
1323.88
1261.85
1328.55
1353.65
1341.54
1512.3
1558.46
1403.41
1642.13
1666.17
1706.3
1336.86
1235.23
1382.04
1470.17
1624.49
1375.97
1539.29
1539.35
1732.36
1535.76
1370.88
1241.02
1384.72
1535.43
1560.67
1540.02
1354.47
1755.45
1767.96
1032.95
1653.84
1327
1654.45
1405.73
1166.9
1660.82
1128.44
1589.58
1500.32
1726.36
1637.45
1076.23
1602.55
1353.95
1538.83
1561.95
1217.69
1426.25
1154.3
1730.97
1676.99
1030.01
1396.88
1559.61
1403.65
1279.32
1508.46
1241.86
1311.26
1771.94
1847.17
1453.52
1355.16
1159.81
1739.23
1564.77
1203.96
1365.57
1465.53
1450.54
1368.83
1262.28
1217.25
1482.01
1234.91
1554.88
1527.51
1614.56
1256.7
1315.92
1533.35
1396.16
1443.36
1354.01
1503.24
1188.11
1357.29
1422.33
1749.9
1510.23
1390.91
1481.65
1903.09
1390.18
1558.06
1410.88
1387.1
1608.15
1757.67
1380.03
1776.52
1363.94
1576.56
1136.04
1217.17
1723.18
1654.61
1099.92
1471.04
1466.11
1622.11
1779.63
1423.51
1361.94
1564.04
1734.76
1821.45
1226.19
1406.21
1530.21
1637.01
1393.78
1498.23
1405.97
1695.5
1849.57
1464.51
1135.12
1522.74
823.952
1747.62
1694.86
1279.44
1204.89
835.364
1544.73
1610.72
1410.69
1543.76
1312.28
1307.14
1403.48
1441.24
1648.86
814.253
1260.05
1023.63
1715.77
1462.34
1638.42
1404.91
1851.12
1372.61
1865.52
1490.1
1558.32
1699.25
1339.11
1546.34
1194.62
1555.63
1395.38
1401.65
1743.32
1452.46
1244.76
1593.3
1162.33
1609.32
1746.85
1473.31
1361.35
1349.2
1699.11
1866.06
1597.44
1589.21
1394.48
1852.23
1636.72
1232.14
1407.11
1296.06
1682.67
1805.23
1433.45
1636.38
1334.92
1734.16
1871.79
1440.85
1493.6
856.448
1670.35
1424.45
1743.08
1163.26
1314.56
1724.71
1819.45
1312.75
1414.21
1259.36
1411.3
1319.74
1628.68
1463.82
1351.65
1774.95
1681.5
1679.16
1499.66
1144.27
1478.49
1426.38
1672.99
1378.51
1358.81
1672.45
1702.35
1754.91
1243.42
1277.66
1324.09
1603.49
1614.96
1473.43
1384.15
1748.06
1863.56
1121.44
1637.98
1348.33
1682.19
1523.93
1221.36
1487.66
1204.48
1542.15
1638.68
1601.86
1724.99
1159.46
1363.7
1400.12
1553.33
1656.22
1185.77
1331.07
1124.04
1792.81
1781.87
1143.64
1354.42
1644.54
1408.76
1278.55
1608.71
1313.33
1241.42
1788.39
1944.14
1443
1265.94
1093.35
1731.47
1645.78
1381.92
1410.09
1427.8
1598.81
1333.8
1319.84
1141.11
1476.57
1226.76
1507.23
1493.62
1487.42
1310.64
1320.24
1478.79
1482.02
1441.31
1163.95
1469.61
1179.33
1461.72
1325.62
1696.36
1553.69
1463.3
1535.04
1737.38
1176.18
1608.77
1378.55
1510.86
1493.18
1656.21
1345.99
1664.09
1403.75
1573.88
1086
1228.35
1687.33
1656.6
1124.8
1496.56
1462.16
1549.88
1699.93
1422.1
1241.73
1596.84
1670.51
1734.32
1135.49
1379.58
1451.3
1584.44
1434.72
1409.11
1414.35
1680.83
1839.42
1545.7
1144.86
1408.23
851.247
1603.33
1715.08
1235.49
1168.41
830.09
1494.89
1633.87
1385.86
1538.69
1284.7
1332
1413.11
1287.14
1625.39
794.99
1284.31
951.689
1612.84
1356.28
1470.29
1439.97
1764.12
1323.47
1800.98
1415.83
1464.15
1654.35
1399.64
1460.05
1267.05
1500.63
1310.15
1412.5
1602.09
1395
1231.52
1546.76
1078.02
1656.71
1668.3
1479.52
1281.82
1391.08
1622.82
1828.13
1615.72
1541.31
1344.16
1861.63
1639.52
1289.62
1245.65
1276.7
1610.16
1663.71
1438.01
1514.99
1325.41
1721.25
1804.91
1355.3
1458.63
770.362
1674.06
1420.81
1619.97
1224.93
1275.67
1737.77
1823.34
1337.43
1343.32
1246.36
1315.11
1380.25
1544.18
1449.78
1354.6
1733.5
1708.1
1644.38
1477.11
1177.25
1419.02
1453.82
1654.79
1423.35
1370.58
1689.26
1751.14
1643.71
1212.37
1272.64
1332.74
1620.19
1615.52
1492.3
1435.41
1753.22
1845.68
1090.54
1645.92
1370.68
1599.49
1527.91
1193.3
1476.6
1190.34
1583.58
1569.49
1611.81
1571.03
1121.27
1523.63
1482.44
1582.21
1587.37
1175.72
1374.64
1113.18
1690.92
1664.92
1046.89
1312.37
1618.48
1388.07
1178.17
1510.32
1225.76
1160.22
1743.68
1922.49
1445.53
1389.42
1039.36
1676.33
1696.84
1282.96
1360.67
1435.57
1565.36
1336.82
1358.58
1211.24
1665.17
1261.31
1608.87
1684.26
1585.05
1437.1
1377.45
1502
1549.7
1588.96
1251.92
1676
1201.59
1583.12
1456.1
1806.13
1618
1389.68
1722.27
1954.55
1293.42
1610.9
1456.68
1421.08
1687.77
1759.38
1452.23
1798.46
1480.45
1610.39
1146.59
1327.15
1782.48
1710.4
1325.86
1515.28
1516.58
1690.78
1880.2
1516.85
1287.59
1689.77
1749.21
1904.54
1190.05
1605.27
1545.91
1599.87
1630.78
1424.55
1598.37
1750
1917.61
1548.22
1223.59
1404.86
1062.46
1728.73
1759.51
1315.13
1203.96
890.951
1642.66
1762.81
1458.75
1573.82
1376.89
1418.01
1523.02
1285.08
1879.84
761.539
1460.79
979.669
1693.78
1587.48
1551.08
1550.62
1810.06
1322.53
1951.85
1382.18
1703.69
1680.25
1370.68
1649.23
1378.95
1585.21
1380.08
1537.4
1841.7
1366.28
1346.36
1511.61
1302.51
1948.15
1781.93
1604.83
1502.84
1327.29
1750.68
1961.7
1646.2
1631.27
1493.99
1889.18
1651.26
1283.95
1335.29
1465.53
1656.73
1689.24
1660.64
1477.31
1445.82
1912.72
1861.71
1415.18
1679.22
851.392
1722.84
1466.62
1843.1
1207.09
1490.32
1851.7
1868.55
1373.69
1377.66
1378.93
1358.23
1371.86
1615.74
1595.08
1456.91
1800.04
1811.64
1777.59
1391.35
1323.99
1376.26
1508.26
1716.05
1423.93
1561.06
1747.92
1815.96
1769.73
1368.46
1275.84
1334.12
1591.94
1629.24
1516.16
1470.67
1755.02
1970.85
1121.16
1738.66
1325.68
1654.91
1500.38
1279.1
1617.9
1179.74
1705.8
1599.17
1782.75
1875.88
1126.5
1554.36
1452.27
1650.76
1678.25
1279.97
1521.61
1165.03
1905.91
1810.81
1151.27
1459.42
1603.44
1384.99
1325.88
1559.19
1277
1382.55
1879.35
1974.06
1460.07
1382.77
1143.65
1911.65
1690.76
1363.22
1384.88
1572.91
1520.83
1519.38
1493.89
1075.65
1162.48
1500.31
1279.16
1418.57
1440.96
1118.35
1464.33
1288.42
1363.79
1365.14
1576.37
958.319
1423.49
1018.5
1482.22
1498.47
1474.3
1562.71
1291.02
1605.86
1705.72
1029.95
1506.12
1465.78
1320.16
1617.07
1383.27
1468.83
1540
1492.59
1319.99
1091.26
1333.38
1494.97
1223.96
1553.41
1313.71
1466.19
1595.49
1459.27
1431.48
1220.77
1674
1604.7
1650.01
975.278
1576.8
1398.07
1355.69
1590.2
1114.03
1581.22
1678.74
1637.08
1223.83
1133.14
885.771
1467.67
1544.53
1554.86
1096.93
1231.64
729.672
1466.75
1629.48
1461.57
1277.05
1268.13
1378.41
1431.08
1213.67
1134.36
1036.32
1406.04
887.069
1358.13
1398.66
1211.24
1716
1627.94
1223.24
1785.45
1249.34
1538.73
1439.68
1299.63
1314.86
1393.62
1520.57
1205.79
1518.28
1489.58
1167.9
1339.52
1114.16
1449.45
1629.94
1595.45
1384.37
1149.59
1551.75
1481.01
1721.32
1520.73
1400.62
1457.73
1549.49
1559.48
1101.46
1139.84
1522.23
1544.65
1327.02
1673.35
1223.87
1416.35
1676.97
1531.03
1220.01
1271.57
1083.87
1550.16
1364.27
1601.46
1121.64
1402.11
1630.1
1551.27
1398.45
1135.57
1180.37
1276.75
1355.98
1276.26
1470.35
1505.98
1472.88
1598.35
1582.77
1145.73
1422.77
1157.05
1507
1523.07
1253.63
1488.64
1532.16
1716.21
1379.83
1410.21
1046.89
1395.96
1440.16
1497.3
1415.97
1379.05
1649.14
1555.17
1085.79
1605.97
1167.91
1642.15
1330.02
1164.57
1528.96
1009.65
1679.34
1343.92
1638
1373.69
1093.13
1653.56
1128.3
1584.16
1225.2
1301.92
1330.81
1177.21
1676.18
1419.36
1074.24
1354.52
1467.15
1281.1
1347.84
1319.44
1055.88
1439.26
1853.27
1549.78
1335.37
1316.24
1165.22
1700.35
1595.04
1107.71
1251.33
1666.88
1171.39
