779.437
1269.36
793.801
1028.4
1000.35
697.267
504.905
1283.96
1079.32
1467.69
739.613
1125.58
1294.21
856.203
1215.9
1034.94
1263.55
1204.13
1310.14
959.051
1135.56
1098.66
1433.91
974.986
1096.85
1178.82
1183.91
917.67
1490.46
1193.31
1105.09
963.742
1084.22
1324.34
1259.57
1354.89
1359.66
1287.75
869.089
1114.62
575.613
1278.2
1066.69
953.154
1050.4
1142.29
1209.42
638.134
1040.83
789.381
687.814
1208.17
1327.38
1232.79
1100.14
812.374
1376
1240.61
552.785
1137.04
1240.57
1414.16
822.549
1160.13
851.125
1147.78
1481.98
676.947
1337.79
1329.55
927.77
1120.92
913.284
978.475
1143.27
1331.08
735.561
686.453
1188.95
1165.36
1092.64
1082.99
875.298
970.467
1275.92
1047.86
784.607
957.057
870.871
1117.94
1225.43
1159
1185.49
1175.09
1225.31
565.961
1181.88
1269.5
987.468
1121.35
593.388
988.903
1197.42
1313.22
871.557
453.412
1219.36
1070.9
1005.56
1372.89
768.863
1184.89
940.943
1258.11
934.203
836.102
707.964
1352.55
1365.75
769.311
820.482
709.823
926.009
1239.36
727.199
969.639
1127.42
1120.02
1291.56
1101.67
1495.36
1269.91
1110.17
950.281
954.72
1214.67
910.721
1047.97
503.942
1183.77
1400.8
1486.98
776.052
750.998
869.198
988.425
1218.01
1243.48
1160.82
1096.2
1098.38
1442.24
876.68
877.575
486.731
1320.28
1321.52
1086.42
1054.33
1133.73
959.77
1451.62
878.967
1057.91
899.248
730.744
1353.45
1260.8
989.913
1197.36
637.536
1463.88
1046.91
839.989
920.287
1192.89
1345.67
1191.32
1218.35
1166.22
1331.57
1284.99
1040.64
777.199
1008.12
1152.65
1338.15
878.458
1318.99
1147.17
1196.63
1280.26
575.798
1235.17
1036.95
1237.17
1066.62
883.058
1325.2
1305.91
1310.54
1182.11
1035.61
934.091
1330.65
702.574
762.457
928.299
1388.09
1281.98
1154.38
957.717
1338.48
1221.06
1042.79
1098.09
1255.08
1387
1375.92
898.998
1186.01
1220.01
1341.71
1129.39
1190.02
1298.83
1183.84
1325.08
1094.32
1371.55
1190.23
1087.82
1056.76
1351.57
1391.33
1439.2
1321.36
1419.63
1308.9
1069.98
798.268
1011.87
1116.53
1339.65
1017.88
1051.03
1364.06
746.633
1126.66
1105.09
540.776
1229.07
1357.11
1453.31
1144.37
1203.82
1016.18
1436.9
841.686
955.126
1309.65
1544.05
1005.75
1109.19
1210.28
870.693
1354.08
1002.27
1104.26
1403.15
1164.86
1144.97
1100.9
861.783
1044.5
1576.5
884.716
698.2
1122.49
1327.13
1204.44
1191.81
949.726
1035.62
1363.77
1417.48
710.557
967.827
1092.75
878.539
1569.32
945.013
1318.35
1418.6
1177.41
961.784
774.081
1432.69
1060.99
1279.24
816.241
1001.16
1070.17
1423.62
1347.97
448.211
1013.32
1138.44
1090.15
1390.93
849.3
1297.15
1099.11
1125.49
1395.69
697.188
552.532
1392.25
1568.08
1130.89
697.034
974.018
926.531
1192.82
1216.25
633.289
1190.82
1058.31
1304.08
1177.22
1417.99
1625.56
1143.3
1188.18
828.35
1376.17
1115.69
1054.01
542.508
989.066
1405.23
1519.1
1109.85
779.289
837.355
1307.86
1076.52
1388.54
1302.59
1260.06
1097.25
1164.59
1193.99
1133.75
425.473
1191.73
1476.5
1184.45
1345.82
956.336
1101.31
1383.49
1104.88
1241.77
729.865
1208.64
1003.49
1338.67
1180.35
1171.12
874.565
1241.06
1291.76
856.934
794.226
1313.37
1522.41
1219.42
1255.14
1426.74
1176.1
1495.41
1107.89
906.358
899.629
1344.2
1353.07
1191.23
1300.82
1331.6
1350.63
1346.57
863.97
971.989
1233.95
1164.06
1441.44
876.656
1019.31
1420.39
1539.42
1363.2
1000.36
706.624
806.919
834.193
617.989
533.836
931.63
939.571
1157.94
747.119
895.759
1009.13
687.656
1006.24
805.784
1056.11
978.158
1128.93
710.723
878.249
924.41
1194.07
831.827
971.591
1007.06
936.944
855.274
1114.11
972.207
881.124
875.129
794.068
1147.05
962.781
1145.23
1042.47
1106.77
862.1
951.543
481.334
968.509
879.353
958.306
785.233
890.171
1042.49
501.09
958.522
733.689
496.011
968.35
1095.95
1061.11
911.813
726.291
1052.58
1051.64
513.209
867.154
1068.43
1208.59
683.039
878.486
666.623
925.212
1128.69
606.54
1023.84
1045.15
733.591
939.069
832.867
687.094
862.428
1174.14
657.003
520.221
993.211
957.552
958.426
904.741
788.046
808.979
1051.4
983.802
616.447
832.273
775.881
879.499
1051.65
849.132
989.804
1053.48
929.146
594.78
835.429
998.265
782.545
996.727
553.815
757.777
959.557
1047.63
835.394
337.793
972.11
898.524
806.743
1165.84
632.206
1012.39
752.075
960.33
901.086
628.93
548.768
1103
1186.64
621.625
698.363
624.291
725.273
975.497
721.075
694.511
965.55
871.145
995.697
863.663
1179.51
1084.5
898.827
839.596
755.079
1023.35
751.044
904.432
303.001
924.659
1076.93
1201.09
694.255
651.066
701.812
869.931
921.412
1036.09
976.551
940.277
789.691
1109.35
779.11
799.342
312.979
1063.94
1063.55
914.367
870.861
880.586
743.334
1179.15
705.547
923.059
690.141
731.732
1022.57
1032.16
814.762
954.787
582.134
1073.14
918.424
671.516
729.491
980.582
1123.82
975.605
945.362
1050.63
988.404
1047.41
828.097
653.407
755.982
1023.42
1111.57
777.382
1065.85
948.155
973.146
1001.54
491.333
969.311
883.826
969.157
944.089
713.364
1048.76
1068.16
1107.9
920.498
1186.23
1813.73
956.821
1629.73
1231.07
989.732
698.51
1930.32
1595.82
1932.38
943.143
1778.61
1784.65
1258.61
1664.78
1533.76
1733.09
1796.5
1599.64
1499.45
1565.19
1593.41
1993.73
1329.8
1477.47
1615.6
1812.3
1254.01
2070.08
1536.75
1528.77
1295.53
1672.62
1933.68
1696.05
1742.45
1914.71
1886.71
1136.29
1359.4
847.226
1826.4
1634.86
1287.98
1564.9
1680.45
1603.38
869.061
1421.89
1066.16
1135.96
1691.85
1913.16
1666.48
1575.78
1182.96
1954.1
1699.18
708.279
1741.87
1812.56
1777.38
1195.37
1787.86
1086.72
1644.83
1932.59
895.543
1912.32
1886.56
1299.27
1436.08
1171.63
1598.96
1631.18
1767.41
886.552
1176.83
1741.22
1595.8
1538.31
1507.55
1205.16
1570.32
1939.1
1302.21
1234.56
1239.74
1253.97
1699.68
1551.16
1633.7
1784.09
1620.53
1639.6
655.311
1805.12
1784.27
1434.9
1500.94
776.985
1660.79
1719.31
1761.42
1221.52
717.469
1766.9
1440.69
1464.52
1846.35
1185.53
1663.45
1348.78
1680.04
1160.31
1297.87
1157.97
1897.09
1856.75
991.19
1135.57
1201.12
1452.31
1770.9
1049.43
1436.63
1431.46
1754.31
1752.45
1551.65
2092.51
1828.29
1539.01
1268.48
1368.54
1657
1323.76
1329.16
884.351
1797.22
1885.03
2176.17
986.752
1112.38
1338.68
1363.9
1781.33
1680.15
1643.26
1634.7
1485.52
2040.42
1184.9
1060.92
908.722
2017.18
1802.67
1562.45
1441.51
1555.8
1342.64
2012.9
1140.28
1293.64
1503.75
1052.07
2020.63
1730.99
1399.58
1669.15
1052.67
2013.66
1247.05
1220.72
1508.37
1767.34
1898.92
1629.48
1749.66
1597.69
1930.98
1561.13
1409.3
1091.18
1609.05
1675.93
1918.94
1244.52
1859.24
1755.99
1720.8
1640.15
922.166
1743.94
1445.4
1759.94
1317.89
1340.23
1825.93
1989.27
1797.64
807.897
956.179
467.749
1077.87
576.057
468.171
557.542
1112.44
893.919
939.623
573.934
1004.25
1022.45
737.299
808.412
909.698
1034.07
1012.34
649.202
976.799
872.532
981.886
982.1
797.278
856.43
904.457
1063.89
730.343
1130.02
832.221
816.702
686.944
1077.45
1022.69
1017.15
1015.09
1005.9
1021.32
680.691
569.164
719.308
895.887
986.901
742.976
738.637
971.341
764.816
594.096
831.56
558.274
751.248
875.55
1050.5
835.685
927.018
694.868
1018.82
803.931
542.374
963.302
1078.46
765.77
834.887
1008.84
557.192
964.933
921.719
674.079
1060.38
993.238
745.05
802.836
633.12
897.174
1043.1
749.994
508.618
739.37
967.654
832.129
889.948
742.343
673.768
1026.03
1113.89
612.03
695.131
713.306
615.59
1105.76
707.558
968.4
1047.4
852.849
741.155
401.724
1128.07
862.045
854.237
668.088
595.243
887.5
1002.74
1027.4
494.849
554.958
904.658
742.16
861.742
805.332
844.732
923.944
784.498
911.449
584.367
522.582
881.634
1044.43
941.686
427.284
700.816
736.5
807.849
1005.63
512.045
766.042
756.392
1030.16
926.07
979.472
1188.59
851.573
856.323
671.165
859.185
856.074
782.974
500.815
699.242
1054.59
962.106
1019.18
438.562
632.977
885.024
746.585
978.903
922.154
938.087
913.105
795.157
969.174
764.156
414.105
699.404
1091.42
958.198
921.116
721.203
755.427
860.26
927.349
731.13
593.901
852.317
694.421
1015.13
877.319
840.055
698.917
779.295
1010.46
578.718
621.386
951.193
1020.37
961.387
831.205
1086.34
873.762
1171.41
731.567
674.245
577.462
974.243
939.719
885.137
820.673
958.855
1004.89
980.187
762.892
610.995
953.204
854.435
973.946
747.784
675.982
948.875
1103.85
953.283
