1279.42
1038.49
1310.42
1283.75
1157.92
904.87
1565.27
1430.94
1457.78
1723.63
1417.86
1456.65
1483.24
1493.98
1645.33
1527.05
1677.43
1580.72
1650.59
1353.99
1104.22
1274.73
1267.35
1141.39
767.795
1281.95
1419.01
1761.25
1667.14
1508.84
1583.02
1542.5
1568.74
1695.76
1475.71
1430.49
1567.08
1265.56
1307.04
1536.2
1419.7
1228.56
1244.8
1273.22
1464.85
1205.49
1289.52
1141.64
1322.08
1147.19
1469.04
1527.05
1723.09
1483.03
1513.59
1465.53
1538.17
1728.2
1505.57
1597.24
1566.06
1554.56
1571.82
1538.07
1575.03
1352.23
800.371
1160.73
901.092
1640.45
720.395
799.99
1094.78
1230.05
1459.68
1656.2
1516.04
1529.44
1473.51
1068.54
1359.73
1683.25
1673.92
1430.28
1537.54
1560.09
1406.28
1570.82
1271.15
1191.42
977.248
1241.72
1310.2
1237.09
1355.39
1523.62
1471.74
1642.8
1547.79
1614.17
1427.24
1568.41
1353.52
1531.36
1468.53
1485.96
1197.17
1390.65
1689.08
1789.31
1542.23
1551.41
1607.16
1487.23
1526.89
840.022
1073.54
1122.2
1384.98
1495.85
1651.84
1448.55
1548.69
1646.1
1593.49
1554.85
1641.65
1388.16
1458.57
1573.41
1145.56
1196.67
1192.34
647.12
869.102
1182.22
1519.24
1464.99
1512.46
1650.1
1678.21
1478.26
1500.88
1416.41
1611.96
1511.02
1473.32
1734.66
1550.75
1521.85
1386.31
1540
1548.65
1514.81
1464.43
1516.83
1514.3
1497.35
1258.62
1234.43
1166.6
1177.76
1239.28
1155.21
1114.83
1452.99
1386.24
1215.66
1397.61
1337.26
1535.66
1620.86
1640.2
1326.11
1321.36
1445.92
1161.79
1193.84
1106.67
1615.8
1500.31
1430.34
1545.66
1664.61
1490.83
1683.02
1569.79
1553.88
1460.87
1483.41
1698.61
1497.14
1327.62
1421.59
1446.55
1456.29
1553.87
1429.67
1481.99
1555.53
1407
595.025
576.714
564.161
622.98
702.522
1193.5
699.499
606.463
818.704
797.99
718.062
683.543
730.623
812.82
812.068
756.363
639.474
845.633
756.314
540.689
651.537
552.486
675.623
427.439
737.732
635.971
862.92
811.012
749.352
651.027
755.377
894.165
678.974
729.532
858.351
793.049
681.352
695.953
705.15
676.715
768.301
639.706
661.806
714.331
754.091
843.129
521.37
580.801
735.257
550.721
748.663
800.033
690.74
765.846
878.169
725.025
752.057
707.885
840.172
764.195
708.076
730.303
783.442
843.514
678.084
490.013
525.218
685.364
539.064
472.456
414.074
634.69
683.619
798.524
1308.69
662.741
849.287
697.122
535.014
698.495
800.717
800.408
794.678
687.773
844.43
779.257
707.27
625.915
614.96
529.229
754.982
665.995
594.726
640.554
970.828
714.187
745.151
736.441
802.599
769.245
693.911
712.011
636.959
747.178
924.254
694.378
561.544
846.536
828.689
705.657
779.316
683.431
824.003
571.812
610.734
489.551
718.826
674.561
685.27
750.23
758.578
819.999
766.936
794.73
782.735
791.778
810.956
741.514
749.887
647.997
629.828
658.013
390.868
477.411
710.53
725.473
762.427
667.467
840.481
798.486
785.412
653.997
710.456
837.353
925.843
672.248
791.069
757.798
802.048
729.389
779.142
708.502
767.293
813.972
797.491
774.69
613.267
772.118
563.8
650.614
512.14
649.607
713.896
492.969
872.699
634.503
753.132
668.155
656.774
740.765
812.327
707.25
798.719
609.408
666.85
738.423
634.261
555.67
745.254
750.933
800.24
715.129
811.252
759.743
884.379
707.074
786.223
757.517
790.272
771.157
771.124
668.899
706.511
852.033
794.295
780.006
709.968
768.671
715.252
770.475
718.48
528.089
499.262
561.855
532.091
439.248
730.924
594.127
671.963
722.768
684.366
662.862
695.515
714.086
721.488
559.011
834.748
683.191
623.75
691.547
514.478
528.747
607.63
494.705
330.563
616.792
786.758
728.563
628.363
723.354
708.231
717.313
661.939
720.514
670.094
667.572
762.642
640.955
627.107
613.24
642.451
697.582
515.624
644.003
656.747
519.193
707.334
467.74
568.482
630.711
482.58
707.877
732.503
630.641
758.965
694.253
627.006
747.3
730.64
726.201
622.139
718.481
701.528
723.301
689.466
568.764
487.957
560.137
445.371
556.836
297.382
481.318
514.002
637.514
605.597
668.886
784.687
771.04
616.408
459.432
664.098
675.251
712.21
716.301
739.486
600.196
771.864
705.316
501.121
616.442
489.427
578.048
633.311
585.238
665.305
650.388
766.565
699.055
778.497
685.041
625.142
677.843
608.37
638.575
666.596
613.975
640.292
633.886
771.958
704.552
740.421
693.646
675.337
620.667
593.306
429.99
587.116
582.004
488.896
795.013
729.455
627.289
664.635
760.173
756.352
689.913
671.083
745.686
806.772
675.545
483.058
659.355
448.884
420.204
341.477
638.755
721.692
692.629
694.625
729.585
706.417
601.484
724.354
749.767
735.085
589.084
791.703
777.686
687.494
657.149
761.596
762.521
632.694
708.796
671.554
782.237
655.283
642.507
635.889
544.519
584.529
431.029
661.831
494.997
546.337
606.833
641.683
627.59
660.557
594.381
621
822.473
698.799
608.927
574.232
600.869
608.427
554.125
525.006
680.853
702.026
649.022
744.595
710.479
661.423
729.219
854.879
642.426
674.966
726.778
783.753
682.328
573.338
689.652
724.726
638.031
796.81
692.368
727.814
709.696
663.243
667.153
2415.62
1443.05
2118.53
1668.28
1543.75
1732.88
2321.93
2322.39
2048.94
2376.74
2197.44
2164.88
2238.14
2362.46
2272.97
2704.17
2368.89
2189.37
2246.49
2001.93
1610.84
1626.37
1631.84
1505.16
1137.57
2251.74
2491.84
2350.88
2307.95
2194.22
2325.37
2263.55
2307.64
2434.91
2283.96
2819.42
2557.76
1975.84
2074.25
2016.83
2128.39
1854.37
2026.84
2014.05
2076.85
2239.6
1881.98
1595.93
1850.3
1545.57
2201.88
2267.34
2312.86
2337.61
2289.97
2789.8
2401.41
2258.63
2335.43
2331.53
2433.8
2263.64
2310.78
2322.9
2416.96
2254.93
1143.75
1434.12
1771.52
1447.32
981.1
1875.62
1602.91
1716.45
2267.36
2758.38
2475.23
2270.36
2247.58
1334.88
2262.95
2190.01
2228.76
2253.12
2292.16
2682.45
2330.13
1987.43
1820.73
1611.63
1554.39
1844.53
1803.32
1615.02
2310.1
2712.01
2529.89
2179.16
2380.5
2197.06
2050.59
2246.42
1933.26
2047.07
2049.05
2468.18
2105.12
2190.37
2449.23
2372.38
2320.48
2220.7
2140.69
1862.01
1810.21
1586.14
1949.5
1656.58
1792.77
2261.07
2208.35
2277.41
2384.94
2298.38
2248.25
2717.12
2528.73
2353.39
2334.2
2386.26
1628.04
1676.84
1755.56
899.785
1552.91
2186.05
2365.29
2366.87
2306.3
2356.9
2250.97
2291.4
2084.4
2234.39
2336.96
2763.22
2329.2
2392.02
2300.62
2224.86
2474.56
2338.74
2201.32
2208.63
2371.03
2787.96
2323.76
2082.09
1642.71
1820.09
1613.96
1585.16
1779.94
1437.38
1893.35
2403.44
1973.91
1744.77
2139.63
2103.62
2404.04
2311.59
2297.07
1989.74
1855.65
2237.69
1861.93
1749.2
1848.68
2367.55
2403.32
2380.87
2444.63
2301.22
2397.71
2796.49
2365.48
2311.59
2389.85
2199.64
2239.76
2216.12
2131.37
2275.58
2337.55
2852.88
2536.91
2300.01
2242.91
2251.32
2261.36
2399.3
1844.23
2216.29
2208.02
2271.97
2564.6
2929.35
2777.32
2636.49
2825.45
3067
2849.32
2834.05
2855.66
2980.33
3157.26
2913.72
2600.95
3234.11
2632.43
2164.55
2275.55
2063.39
2078.14
1556.61
3104.9
3093.55
3020.04
3195.67
2868.16
2986.91
3046.51
2933.92
2970.56
2891.85
3493.47
2982.63
2705.66
2617.7
2562.17
2690.05
2125.86
2392.12
2344.22
2563.15
3013.55
2554.97
2114.13
2424.85
1832.81
2850.23
3012.51
2857.88
2943.81
2935.29
3392.54
3088.02
3018.97
3040.14
2760.45
3017.74
2944.14
2881.6
2975.09
3120.18
2944.07
1341.4
1930.47
1747
2017.85
1356.52
2197.16
2177.45
2416.19
3604.66
3393.34
2772.24
2900.86
3113.07
1494.2
3135.55
2935.44
3041.39
2976.39
3134.39
3529.24
2759.64
2625.32
2455.38
2215.57
2285.27
2442.61
2734.54
2252.48
2977.51
3481.35
3033.6
3079.79
3145.05
2707.57
2930.69
2563.07
2401.43
2636.59
2655.5
2800.93
2455.15
2628.02
3013.11
3048.89
2761.02
2986.97
2724.54
2392.01
2631.87
2048.14
2172.65
2276.41
2302.09
3106.61
3059.11
3078.54
2985.81
3131.68
3073.8
3467.47
3099.55
2781.27
2953.57
2749.03
2054.93
2378.48
1982.97
1284.27
2087.84
2862.97
3096.73
3027.71
2805.55
2995.32
3114.25
2904.59
2882.96
2987.37
3372.99
3546.32
3082.34
2936.66
2851.09
3068.01
2945.41
3104.5
2949.17
3120.96
2991.98
3448.13
2669.59
2550.5
2101.32
2457.88
2312.81
2105.27
2308.12
1947.61
2524.42
2682.99
2479.78
2353.08
2684.62
2749.8
2673.56
3182.16
3148.31
2655.92
2274.43
2718.75
2258.15
2310.48
2172.99
2915.2
2763.88
2956.29
3076.31
2690.31
3415.57
3406.44
3031.99
3077.61
2877.72
2987.2
3003.06
3150.5
2433.56
2526.45
2959.93
3494.71
2966.07
2850.42
2860.93
2822.56
2867.04
