1166.42
1536.69
1867.02
1870.28
2573.44
1670.37
1447.59
1285.88
2693.55
1688.81
1061.26
1310.48
1294.92
1800.22
2165.37
1477.34
1966.34
2042.41
1576.05
1901.73
2153.52
1448.1
1903.09
1627.48
2067.91
1743.8
1799.99
1725.03
1994.5
2003.32
1393.54
1295.81
1041.94
1621.07
2217.9
2452.52
1423.44
1755.55
1465.02
1809.14
1926.99
2181.69
1318.46
1823.27
2113.34
1654.37
1376.54
1812.8
2299.46
1564.12
1948.96
1934.3
1217.62
968.515
2182.01
1894.17
1740.19
1109.94
1654.81
2035.32
2495.26
1923.4
1041.86
2025.77
1970.98
1666.04
1516.3
2212.8
1202.34
1515.96
2177.07
2699.98
1427.85
1476.28
1848.52
1658.35
1842.91
1180.44
2213.94
1377.92
1568.49
1324.75
2109.04
2103.91
2125.81
1566.93
1714.72
575.932
1011.26
1158.95
958.079
1251.91
1236.08
1126.24
731.478
699.969
601.294
1561.31
1759.27
2141.89
1898.98
1658.01
1838.08
1705.26
2131.93
2041.12
1470.47
1501.55
1927.44
2135.83
2073.98
1485.02
2170.73
2039.71
1559.18
1638.34
2212.54
1973.2
1214.83
1108.82
1906.43
1445.22
1474.36
1800.29
1727.09
1939.9
2153.05
2457.75
1988.84
1618.29
1322.81
1244.41
1501.3
1463.84
1931.14
1758.6
1759.37
2552.86
2440.21
2035.51
2213.84
1292.99
1674.56
1639.04
1724.34
2117.12
1863.4
2166.63
2135.93
1565.32
1490.97
2504.97
775.828
1090.7
1749.45
1535.82
1830.27
2064.59
2151.11
1519.77
1735.39
2073.87
1971.11
1500.24
1486.48
1134.28
1272.07
1766.67
2777.73
1946.27
1649.71
1710.45
1703.07
1815.48
1082.21
954.281
1271.91
1470.03
1884.75
1584.19
1663.85
2218.82
2190.52
1811.27
1988.43
1789.71
1280.21
1339.69
2143.47
1221.19
1819.14
1308.35
1712.24
1804.07
2285.22
1839.54
1250.95
1190.13
2051.75
1780.72
1942.36
1485.27
1552.64
2296.06
2183.47
3081.03
1895.84
1734.43
1467.72
2781.17
2008.98
1175.85
1728.86
1691.99
1826.86
2397.41
1895.27
1843.52
2363.59
1827.37
1825.19
2650.16
1586.22
1789.83
1902.2
2460.36
1930.53
2023.04
2138.64
2387.93
2425.79
1850.2
1386.3
1146.86
1698.95
2320.54
2922
1980.72
2003.45
1443.35
2231.32
1713.57
2600.55
1631.66
1548.24
2570.94
2114.67
1298.66
2042.25
2692.86
1911.49
2276.35
2057.13
1539.63
1001.78
2463.27
2171.16
2241.08
1245.02
1953.59
1965.85
2628.01
2530.2
1391.68
2052.92
1969.64
1751.66
1773.77
2350.46
1410.17
1704.68
2284.17
3058.08
1557.22
1703.33
1910.77
2078.3
2387.71
1510.33
2314.98
1745.06
1805.33
1302.37
2546.94
2536.4
2334.4
1622.62
1927.15
654.791
913.961
1477.71
1123.22
1429.68
1437.08
1199.35
823.277
853.888
681.408
1477.57
2173.55
2180.05
2460.1
1754.18
2349.89
2293.22
2338.41
2147.87
2090.99
1918.97
1812.18
2074.67
2296.04
1639.88
2261.89
2896.18
1363.45
1669.54
2271.16
2177.32
1771.85
1138.63
2343.67
1519.79
2079.42
2154.03
1859.88
2277.71
2321.03
2562.28
2379.84
1500.49
1297.71
1642.96
1727.15
1752.7
2066.55
1792.11
2058.22
2850.93
2806.49
2499.43
2428.88
1735.33
1979.16
1849.74
2233.25
2661.47
2230.63
2343.62
2355.14
1772.06
1517.03
2806.85
1025.76
1193.35
1860.41
1609.94
1903.56
2121.36
2471.96
1904.93
2112.12
2360.96
2184.47
1822.18
1392
1294.89
1146.43
1869.66
3069.95
2516.88
1546.02
1981.83
2097.79
2162.48
1707.73
1322.59
1857.84
1202
2247.57
1705.93
1717.87
2443.61
2650.37
2192.9
2069.38
1959.87
1627.62
1452
2483.5
1759.87
1928.24
1488.07
1787.26
1962.33
2547.88
2272.35
1789.45
1282.31
2214.3
2120.83
1976.69
1082.57
948.385
1233.73
1405.54
1582.44
1567.69
1357.91
1253.46
975.033
1822.81
1115.45
763.022
1040.43
1057.09
1290.5
1521.42
1059.77
1528.54
1356.86
993.71
1459.25
1243.46
1324.36
1501.59
1117.51
1535.81
1224.97
1507
1348.24
1298.2
1315.37
785.285
1038.18
764.099
1360.88
1937.56
1616.15
1175.69
1130.56
1150.86
1288.28
1195.53
1469.24
1126.55
1471.24
1559.43
1357.09
1033.13
1250.76
1185.9
1140.38
1587.09
1349.43
694.383
989.272
1724.97
1405.81
1037.05
1090.59
1134.94
1517.03
1477.28
1366.87
968.951
1377.66
1149.72
1193.43
1007.71
1286.06
1201.11
1189.73
1834.43
1599.53
1074.88
1074.93
1484.87
1258.81
1187.32
1150.64
1457.13
828.715
1095.21
1169.87
1669.45
1600.81
1123.7
1027.03
873.8
460.393
780.504
742.34
790.666
857.971
862.61
738.06
592.435
525.772
674.197
1067.92
1160.69
1780.09
1151.39
1283.32
1341.22
1504.06
1563.71
1349.79
1157.27
1140.21
1133.52
1116.04
1169.09
1211.82
1683.77
1000.04
1041.36
1227.71
1652.56
1155.57
796.446
1353.26
1036.66
1246.05
1120.63
1400.67
1321.53
1256.58
1816.02
1277.96
1058.7
933.933
1245.13
852.083
1281.56
1121.92
1395.44
1140.92
1332.34
1535.91
1615.98
1432.38
1434.8
1217.46
1140.15
1222.08
1500.75
1536.88
1369.96
1390.57
1054.14
963.73
1434.81
1365.26
733.713
1000.27
1256.34
1335.37
1148.29
1378.82
1068.81
1103.88
1543.59
1322.02
1158.35
1200.87
945.941
889.249
1017.21
1550.44
1708.25
1256.93
1115.29
1027.08
1359.56
1250.02
928.624
934.642
932.881
1316.52
1266.18
1148.11
1282.91
1649.86
1532.61
1182.34
1333.66
1420.98
935.335
1029.32
1428.55
1001.88
1053.11
1060.72
1245.57
1242.49
1346.82
1301.35
978.095
1147.75
1491.54
1219.61
2524.48
1785.48
2449.9
3054.11
3306.53
3162.85
2422.92
2529.26
2059.35
3806.05
2028.32
1209.81
2043.66
2572.39
3092.86
3133.41
1914.7
3385.42
3079.78
1892.75
3289.45
2462.95
2306.98
2859.81
2170.64
3337.11
2382.98
2781.62
2835.54
2712.11
3239.51
1458.9
1816.28
1255.5
2638.58
3806.07
3501.82
2551.93
2548.11
2564.78
2866.1
2464.35
2966.33
1984.76
2895.31
3255.56
2480.63
2097.53
2804.49
2884.49
2752
3467.54
2773.89
1183.19
1598.84
3639.77
2930.3
2108.68
2209.07
2231.76
3442.97
3344.7
2976.17
2125.47
3110.06
2323.3
2477.38
2364.19
2787.49
2094.34
2059.43
3737.06
3272.02
1910.32
2146.25
3292.56
2617.43
2693.25
2508.01
3476.47
1757.88
2104.03
2371.76
3250.94
3261.96
2445.96
2644.57
1545.88
842.079
1771.89
1593.21
1744.85
1895.12
1820.91
1303.96
1153.89
870.287
1364.03
2370.65
2300.07
3713.4
2275.15
2820.05
3080.04
3309.33
3301.54
3128.6
2206.05
2154.01
3104.13
2966.52
2494.24
2340.87
3596.82
2394.71
2077.9
2494.84
3550.38
2178.17
1403.4
2646.29
2118.15
2871.37
2454.87
2978.98
2901.8
2537.68
3652.2
3217.37
2698.76
1978.77
2222.88
1598.9
2575.43
2135.5
2855.06
2191.2
2774.93
3945.68
3628.73
2948.41
3025.31
2326.44
2209.93
2589.43
3303.66
3310.89
2676.05
3498.17
2759.76
2142.34
2958.55
2743.66
1194.04
1759.66
2348.74
2541.66
2151.58
3355.15
2644.47
2603.58
3413.25
3042.77
2426.97
2384.73
1941.7
1541.89
1877.72
3229.26
3865.45
2697.41
2141.22
2302.64
2898.7
2850.44
1804.15
1729.01
2095.54
2733.72
2256.35
2091.82
2578.72
3863.8
3363.83
2437.68
2967.07
2671.4
1684.25
2439.49
3286.04
2160.2
2126.46
2009.92
2655.68
2940.85
3174.44
2854.67
1744.12
2146.83
3247.11
2620.88
858.115
1088.08
1501.79
1526.35
1623.62
1162.21
1093.9
915.835
1758.13
1030.27
572.74
872.981
1113.76
1449.33
1480.05
1003.88
1569.75
1495.62
918.268
1485.44
1149.24
1058.71
1394.26
1029.19
1535.78
1150.56
1318.29
1283.39
1327.58
1538.9
765.59
797.081
667.607
1231.63
1760.9
1676.01
1185.48
1225.9
1128.51
1294.82
1235.59
1312.92
920.221
1319.66
1376.68
1176.7
996.462
1299.66
1360.32
1297.86
1483.72
1300.69
598.685
727.315
1635.94
1416.58
1006.95
755.711
832.258
1453.32
1576.77
1482.12
950.132
1536.06
1188.76
1198.64
1096.41
1403.06
947.138
976.411
1740.79
1537.89
932.615
1081.61
1430.04
1134.48
1354.4
1021.48
1218.2
899.808
1029.89
986.558
1477.04
1497.44
1156.64
1211.4
858.678
388.155
754.065
689.197
740.708
797.497
864.147
674.469
527.557
396.363
548.734
1025.96
1085.38
1649.47
1148.83
1241.35
1295.87
1149.39
1457.58
1531.95
1068.2
993.981
1432
1402.99
1254.91
1096.79
1510.58
987.554
1038.77
1193.36
1526.68
1110.32
737.478
1091.95
994.869
1372.06
1189.95
1356.55
1015.46
1151.86
1645.97
1553.95
1283.15
925.408
1062.32
697.194
1330.96
1047.7
1299.47
1029.77
1168.99
1808.76
1664.28
1422.61
1403.43
1021.52
1092.82
1246.82
1161.97
1437.08
1216.16
1569.62
1348.11
987.364
1313.57
1424.55
551.387
671.774
1118.25
1107.07
1005.43
1472.56
1344.55
1283.76
1364.16
1385.62
1225.24
1023.19
930.012
720.242
925.688
1386.18
1801.8
1222.92
1087.64
1035.06
1407.47
1446.91
864.17
776.099
627.407
1025.4
1153.81
1059.72
1155.07
1755.94
1550.44
1047.35
1425.22
1298.57
721.278
1080.43
1577.63
1003.21
1098.47
1049.05
1227.67
1278.65
1541.71
1435.89
886.257
1010.41
1109.18
943.14
1240.04
