0
0
0
0
0
0
0
0
0
0
0
0
0
0
57.344
0
0
0
0
0
0
0
0
0
0
0
8.192
0
0
4.096
0
4.096
15720.4
12103.7
16556
24367.1
15970.3
15417.3
21790.7
23326.7
18128.9
40058.9
42418.2
32403.5
43356.2
32423.9
37105.7
39063.6
35704.8
33833
38162.4
37666.8
38658
44519.4
39018.5
46481.4
45703.2
30593
25198.6
32698.4
27476
25727
26972.2
24141.8
29483
32292.9
21803
27537.4
21372.9
18264.1
13787.1
2023.42
21495.8
23597.1
30855.2
29818.9
12132.4
14635
15544.3
18378.8
18202.6
19312.6
18460.7
14622.7
17645.6
12611.6
10399.7
14573.6
11206.7
13258.8
14905.3
14323.7
16650.2
18497.5
16932.9
23670.8
6631.42
10367
10973.2
6389.76
5877.76
5521.41
3936.26
5951.49
8908.8
5550.08
3710.98
4964.35
2945.02
3821.57
2146.3
3612.67
2977.79
794.624
10362.9
3301.38
2744.32
3362.82
1933.31
5025.79
40.96
1163.26
2936.83
14508
7360.51
1236.99
1708.03
5066.75
5689.34
6426.62
6422.53
6893.57
8531.97
6791.17
18001.9
6709.25
8577.02
6615.04
6488.06
12288
7892.99
7487.49
11571.2
6774.78
6946.82
6959.1
4407.3
7094.27
6205.44
5185.54
7274.5
5799.94
2142.21
1085.44
13357.1
3334.14
1744.9
2846.72
8478.72
8814.59
8081.41
12337.2
13594.6
12017.7
11583.5
8847.36
7852.03
4800.51
4444.16
8691.71
4726.78
7385.09
13275.1
7536.64
11137
15401
20000.8
8421.38
8179.71
27320.3
27996.2
25198.6
31604.7
19415
23330.8
28901.4
19869.7
23109.6
31662.1
26517.5
27299.8
29274.1
21495.8
29442
21434.4
23277.6
28364.8
2121.73
16158.7
15294.5
19841
0
0
0
0
0
0
0
0
0
0
0
0
0
0
0
0
0
0
0
0
0
0
0
0
0
0
0
0
12.288
0
0
0
0
0
0
0
0
0
0
0
0
0
8.192
0
0
0
0
0
0
0
0
0
0
0
0
0
0
0
0
0
0
0
32.768
0
0
0
0
0
0
0
0
0
0
0
0
0
0
0
0
0
0
0
0
0
0
0
0
0
0
0
0
0
0
8.192
4.096
4.096
32.768
0
0
4.096
0
12668.9
18415.6
14626.8
9469.95
16085
14475.3
11903
10059.8
12587
7733.25
8163.33
765.952
6086.66
8851.46
7540.74
7782.4
6230.02
11296.8
7237.63
372.736
6107.14
25145.3
1249.28
11354.1
7806.98
8728.58
10174.5
10960.9
12226.6
38703.1
36540.4
35807.2
31768.6
30208
30699.5
31350.8
28344.3
39301.1
26378.2
24592.4
25104.4
32370.7
32047.1
34189.3
25894.9
21213.2
26542.1
28246
20791.3
19615.7
22671.4
21397.5
18047
15884.3
19537.9
18042.9
17637.4
14495.7
17412.1
16900.1
15507.5
31899.6
14704.6
13168.6
14065.7
13611
11096.1
15355.9
12476.4
10547.2
12017.7
13307.9
11501.6
8077.31
10084.4
8003.58
40452.1
25002
31993.9
31969.3
26771.5
28520.4
29179.9
22704.1
15769.6
29036.5
25489.4
23269.4
23265.3
21278.7
18399.2
15568.9
21803
19533.8
26431.5
19017.7
16470
18210.8
23273.5
23556.1
0
0
0
0
0
0
0
0
0
0
0
0
0
0
0
0
0
0
0
0
0
0
0
0
0
0
0
0
0
0
0
0
0
0
0
0
0
0
0
0
0
0
0
0
0
0
0
0
0
0
0
0
0
0
0
0
0
0
0
0
0
0
0
0
0
0
0
0
0
0
0
0
0
0
0
0
4.096
0
0
4.096
4.096
0
8.192
237.568
26030.1
24461.3
33628.2
15495.2
38760.4
30863.4
34738.2
40181.8
43679.7
49618.9
48050.2
45867
38015
36003.8
41828.4
49594.4
42590.2
34435.1
42246.1
40722.4
41566.2
48078.8
38117.4
38740
32624.6
31744
31248.4
28606.5
18210.8
23957.5
27480.1
34181.1
27193.3
36966.4
31858.7
30543.9
6942.72
24121.3
20250.6
25006.1
30625.8
25112.6
26853.4
28192.8
26099.7
25042.9
25403.4
32419.8
30523.4
23785.5
23466
27500.5
23511
30257.2
26832.9
21467.1
19492.9
20496.4
16842.8
13160.4
33689.6
18165.8
29937.7
38969.3
29433.9
23298
37994.5
34287.6
36737
24711.2
27865.1
32534.5
27070.5
26927.1
26927.1
30289.9
14266.4
24920.1
25432.1
26771.5
33714.2
36425.7
20176.9
17260.5
26234.9
24842.2
22814.7
17920
20717.6
21454.8
23617.5
21880.8
23609.3
25083.9
17502.2
22282.2
20475.9
17186.8
21598.2
20906
24854.5
25464.8
18468.9
14950.4
14626.8
17227.8
15077.4
13140
8740.86
12791.8
14782.5
11882.5
8445.95
6377.47
8675.33
10547.2
11378.7
9248.77
5246.98
6426.62
33112.1
10625
10231.8
10121.2
12337.2
10264.6
8003.58
6410.24
11272.2
15495.2
7749.63
9478.14
4374.53
8998.91
5263.36
7270.4
5812.22
5627.9
5099.52
7634.94
24748
3129.34
3940.35
6115.33
3448.83
3895.3
6246.4
3649.54
4345.86
3440.64
3661.82
1703.94
3592.19
1863.68
1871.87
4481.02
1884.16
3076.1
3244.03
610.304
13013
712.704
2859.01
552.96
782.336
274.432
909.312
1527.81
1089.54
679.936
135.168
1019.9
585.728
1220.61
286.72
770.048
49.152
454.656
1429.5
430.08
11616.3
720.896
1392.64
32.768
167.936
208.896
12.288
163.84
536.576
417.792
675.84
73.728
1433.6
180.224
2539.52
2936.83
1089.54
3026.94
30515.2
27512.8
29155.3
37380.1
35590.1
35438.6
7614.46
30281.7
25628.7
26411
29020.2
21549.1
23547.9
25329.7
25604.1
21200.9
17182.7
17563.6
16879.6
15671.3
18174
16109.6
33312.8
14954.5
19095.6
17420.3
17612.8
17317.9
17674.2
17313.8
13774.8
1712.13
6189.06
11911.2
16232.4
12591.1
8081.41
7749.63
9216
57.344
6627.33
5881.86
19091.5
13086.7
5963.78
5115.9
7876.61
5464.06
7606.27
5513.22
3313.66
3682.3
4644.86
2150.4
5402.62
9056.26
11870.2
15560.7
10784.8
15110.1
12537.9
13066.2
23826.4
12025.9
10051.6
6160.38
8876.03
9691.14
10305.5
11669.5
9678.85
9625.6
6787.07
9404.42
15663.1
12406.8
10760.2
9150.46
9781.25
4907.01
11370.5
10506.2
28741.6
10289.2
9314.3
10694.7
5812.22
11513.9
9875.46
9228.29
8814.59
10706.9
9601.02
8081.41
9822.21
9162.75
8290.3
5541.89
7933.95
7499.78
7577.6
8110.08
20766.7
8593.41
6148.1
7929.86
8388.61
9674.75
8933.38
7376.9
6258.69
2502.66
7565.31
3444.74
1605.63
471.04
741.376
1646.59
618.496
188.416
34611.2
28237.8
31662.1
27766.8
32923.6
23478.3
29196.3
21774.3
23978
26001.4
26116.1
31674.4
32993.3
24277
19316.7
23154.7
20185.1
20090.9
18169.9
15011.8
15421.4
14831.6
11391
14651.4
11034.6
12484.6
9797.63
9031.68
13250.6
23822.3
20340.7
15052.8
12320.8
6967.3
7278.59
8003.58
8093.7
7852.03
10784.8
6668.29
9170.94
6742.02
8470.53
6049.79
8007.68
6275.07
7692.29
6836.22
6361.09
20426.8
10747.9
5988.35
5304.32
3993.6
3194.88
4526.08
4014.08
3301.38
3125.25
3338.24
2691.07
4325.38
4800.51
1953.79
3661.82
4206.59
1822.72
3170.3
2502.66
13647.9
13877.2
18563.1
2502.66
2211.84
1343.49
2650.11
499.712
1716.22
503.808
1769.47
2174.98
987.136
806.912
958.464
921.6
1605.63
790.528
225.28
155.648
14069.8
1314.82
2260.99
1196.03
933.888
643.072
565.248
565.248
532.48
2363.39
4120.58
7823.36
6524.93
6709.25
7888.9
15368.2
8605.7
8175.62
7622.66
7503.87
14450.7
11632.6
16396.3
3510.27
2535.42
4980.74
6283.26
8167.42
8806.4
7311.36
10317.8
11526.1
11882.5
9555.97
1687.55
4345.86
5951.49
5197.82
6565.89
7426.05
16818.2
11665.4
5009.41
8810.5
9396.22
10346.5
14848
14004.2
10625
14008.3
8613.89
12107.8
7385.09
10584.1
5500.93
2068.48
1658.88
1150.98
1556.48
1318.91
5210.11
19914.8
29429.8
22007.8
20619.3
19521.5
18432
15581.2
19394.6
22712.3
13635.6
12349.4
7913.47
8650.75
7872.51
11960.3
8024.06
11563
7884.8
8851.46
18624.5
15478.8
7729.15
12578.8
7245.82
7991.3
4268.03
5496.83
5824.51
4255.74
3174.4
3801.09
4108.29
3530.75
3178.5
4513.79
1552.38
2396.16
3219.46
1810.43
12378.1
2207.74
3035.14
1622.02
6053.89
1855.49
2854.91
3661.82
2727.94
3276.8
3457.02
5681.15
