557.056
1974.27
4034.56
438.272
3723.26
6643.71
5709.82
3104.77
9347.07
8089.6
12841
4009.98
1138.69
262.144
1286.14
1593.34
2519.04
1691.65
2609.15
2908.16
4931.58
5283.84
1966.08
2277.38
991.232
2138.11
626.688
397.312
905.216
999.424
1122.3
1466.37
458.752
1470.46
487.424
1249.28
761.856
774.144
512
159.744
626.688
204.8
196.608
262.144
733.184
360.448
2981.89
21667.8
3227.65
1761.28
479.232
49.152
667.648
1433.6
212.992
675.84
4313.09
29630.5
5472.26
7041.02
12.288
0
53.248
339.968
827.392
49.152
393.216
77.824
4083.71
1441.79
9433.09
8.192
180.224
0
0
0
0
196.608
278.528
1224.7
0
77.824
0
188.416
454.656
0
0
581.632
360.448
131.072
4.096
0
0
356.352
4.096
0
0
0
0
8.192
0
0
8.192
8.192
0
77.824
102.4
0
49.152
765.952
8.192
61.44
0
245.76
0
0
0
0
0
0
0
4.096
0
4.096
16.384
278.528
7983.1
2637.82
36.864
2596.86
7163.9
1142.78
0
0
4.096
143.36
1269.76
10248.2
0
20.48
352.256
24.576
0
0
24.576
40.96
32.768
32.768
16.384
2015.23
3702.78
32.768
2134.02
0
32.768
8.192
16.384
16.384
1716.22
2031.62
4.096
12.288
73.728
4.096
0
8.192
20.48
0
0
20.48
0
0
4.096
0
0
16.384
49.152
61.44
28.672
0
0
0
0
0
0
0
4.096
4.096
0
2973.7
7491.58
0
155.648
12.288
0
0
0
4.096
86.016
65.536
4.096
47427.6
15802.4
5201.92
2256.9
1265.66
10403.8
6901.76
9531.39
10809.3
8290.3
13004.8
5476.35
2191.36
1306.62
1691.65
2883.58
6959.1
5652.48
14143.5
4534.27
3084.29
3121.15
4325.38
3936.26
2387.97
1900.54
1581.06
73.728
958.464
1110.02
2224.13
3022.85
2207.74
1892.35
1843.2
1753.09
1622.02
1613.82
3166.21
77.824
872.448
692.224
1048.58
1794.05
966.656
974.848
1527.81
782.336
651.264
4.096
2686.98
737.28
4939.78
2695.17
8564.74
815.104
65.536
819.2
1626.11
61.44
32.768
0
126.976
1069.06
192.512
32.768
286.72
90.112
417.792
610.304
229.376
778.24
757.76
581.632
819.2
741.376
565.248
2478.08
1224.7
663.552
790.528
188.416
86.016
647.168
1642.5
2158.59
3026.94
5357.57
10821.6
7622.66
462.848
299.008
36.864
233.472
319.488
36.864
49.152
0
10821.6
0
0
45.056
12.288
32.768
0
0
0
0
135.168
139.264
4.096
0
0
8.192
0
4.096
368.64
0
0
126.976
0
0
0
0
0
0
0
24.576
0
49.152
0
0
0
0
0
0
139.264
0
28.672
0
0
3137.54
3694.59
16.384
0
217.088
0
0
0
450.56
1048.58
5881.86
45.056
16.384
69.632
0
24.576
0
5660.67
9072.64
0
20.48
16.384
0
1110.02
4014.08
1175.55
0
4.096
0
8.192
0
0
0
0
0
0
0
1716.22
0
0
0
0
8.192
8.192
0
4.096
0
0
0
0
0
0
61.44
24.576
0
0
86.016
61.44
0
0
143.36
1728.51
6037.5
2248.7
483.328
3887.1
1069.06
999.424
1015.81
1245.18
757.76
233.472
81.92
24.576
122.88
819.2
385.024
2035.71
892.928
118.784
16154.6
524.288
172.032
131.072
110.592
122.88
102.4
24.576
49.152
516.096
106.496
245.76
864.256
204.8
581.632
114.688
155.648
131.072
196.608
352.256
794.624
90.112
86.016
131.072
106.496
69.632
126.976
106.496
45.056
163.84
126.976
53.248
425.984
1626.11
2113.54
4550.66
2539.52
1646.59
4780.03
1339.39
14889
2605.06
1798.14
2445.31
1859.58
1990.66
1122.3
22970.4
28254.2
17596.4
26910.7
20795.4
18710.5
16425
11542.5
21119
22683.6
18554.9
18051.1
15282.2
23081
9646.08
24543.2
8577.02
10498
9641.98
8855.55
7573.5
7315.46
2641.92
4829.18
6782.98
4583.42
3801.09
2174.98
2555.9
3358.72
3350.53
1703.94
2134.02
11755.5
3702.78
2666.5
1310.72
1032.19
1593.34
1765.38
1609.73
1949.7
6127.62
2838.53
2138.11
3596.29
8597.5
1843.2
348.16
1040.38
1871.87
978.944
364.544
4112.38
942.08
73.728
262.144
401.408
393.216
933.888
937.984
438.272
86.016
593.92
122.88
98.304
0
466.944
405.504
229.376
94.208
339.968
327.68
380.928
655.36
450.56
114.688
155.648
4.096
8.192
4.096
4.096
339.968
139.264
8.192
159.744
1613.82
13299.7
8548.35
0
0
258.048
0
790.528
24.576
69.632
618.496
69.632
749.568
40.96
6320.13
29515.8
1236.99
8.192
20.48
81.92
20.48
8.192
266.24
106.496
5562.37
114.688
0
11182.1
24.576
4.096
4.096
69.632
4.096
16.384
8.192
4.096
12.288
0
0
0
0
0
0
0
12.288
6504.45
12591.1
2600.96
1814.53
14970.9
18714.6
3448.83
7475.2
21069.8
23310.3
17092.6
15622.1
12062.7
9469.95
716.8
2457.6
3186.69
3309.57
6877.18
11063.3
9195.52
14778.4
24576
8896.51
9138.18
8110.08
7061.5
9060.35
7770.11
19079.2
28287
23830.5
35127.3
25907.2
18243.6
21745.7
20181
21688.3
22249.5
19755
22847.5
16244.7
28819.5
23121.9
16187.4
14893.1
17567.7
14057.5
8122.37
15495.2
6926.34
10887.2
9011.2
9211.9
9723.9
7204.86
8785.92
6963.2
9035.78
7409.66
5304.32
8953.86
16396.3
7651.33
3932.16
7389.18
9515.01
5398.53
5251.07
3551.23
11350
6336.51
6602.75
4546.56
10563.6
13918.2
43585.5
7979.01
3108.86
3219.46
8486.91
2940.93
13582.3
2043.9
151.552
1183.74
3145.73
3022.85
2469.89
1138.69
1069.06
1175.55
1269.76
1626.11
1617.92
1642.5
1060.86
1646.59
1515.52
585.728
868.352
999.424
368.64
876.544
966.656
241.664
925.696
286.72
544.768
638.976
688.128
49.152
0
8.192
405.504
536.576
2564.1
3473.41
524.288
0
761.856
475.136
229.376
0
376.832
249.856
0
389.12
0
864.256
3596.29
0
126.976
0
118.784
24.576
0
1257.47
0
0
0
1712.13
0
0
90.112
49.152
139.264
0
0
16.384
0
0
16.384
0
20.48
159.744
245.76
0
0
53.248
360.448
1830.91
3629.06
6803.46
0
0
0
0
0
0
0
0
389.12
4939.78
0
12.288
53.248
0
0
0
0
1511.42
274.432
0
4.096
49.152
4.096
0
0
4.096
0
0
4.096
1232.9
2674.69
4239.36
0
0
0
0
110.592
28.672
0
0
8.192
479.232
925.696
282.624
1105.92
13070.3
1253.38
1355.78
2002.94
753.664
458.752
397.312
401.408
405.504
1216.51
0
548.864
204.8
757.76
16.384
0
294.912
339.968
376.832
368.64
389.12
131.072
0
172.032
208.896
0
331.776
167.936
155.648
540.672
327.68
0
331.776
1351.68
4456.45
24.576
57.344
565.248
356.352
5033.98
22036.5
16.384
0
0
24.576
0
0
196.608
0
0
0
135.168
0
94.208
106.496
32.768
16.384
0
192.512
16.384
24.576
286.72
8888.32
0
20.48
0
0
94.208
0
0
0
0
4.096
4.096
20.48
131.072
0
0
0
0
229.376
811.008
2678.78
0
0
0
0
0
0
0
0
0
0
0
0
4.096
0
4.096
0
0
720.896
0
0
0
0
0
0
200.704
0
0
0
8.192
8.192
0
0
0
0
0
3244.03
1519.62
1728.51
0
0
0
0
16.384
0
0
0
81.92
49.152
122.88
0
0
0
20.48
0
0
0
323.584
258.048
0
0
0
0
0
0
4.096
0
4.096
86.016
0
0
0
319.488
0
0
1536
5439.49
843.776
2928.64
4.096
0
0
0
12.288
32.768
0
4.096
0
4.096
0
0
0
0
0
0
0
4.096
4.096
4.096
0
0
8.192
12.288
8.192
0
0
20.48
0
0
0
0
0
0
0
