0
0
0
0
0
4.096
0
53.248
0
0
0
0
0
0
0
65.536
4.096
0
0
0
0
0
0
0
0
0
0
0
0
0
0
0
0
0
0
0
0
0
0
0
0
0
0
36.864
0
0
0
0
0
0
221.184
0
0
0
0
0
0
0
0
0
0
0
0
0
0
0
49.152
0
0
0
0
262.144
0
0
16.384
0
184.32
0
0
0
0
0
0
0
0
0
0
0
0
0
0
0
0
0
0
0
16.384
0
0
0
0
0
0
0
16.384
0
0
12.288
0
0
0
0
0
0
0
0
0
0
0
0
0
0
0
0
0
0
0
729.088
0
20.48
0
0
0
0
0
0
16.384
0
0
0
0
0
0
0
0
0
0
184.32
4.096
8.192
0
0
8.192
0
0
0
20.48
16.384
36.864
16.384
16.384
20.48
8.192
0
0
32.768
40.96
0
0
0
0
0
0
0
0
0
0
0
0
0
0
0
0
0
0
0
0
4.096
0
0
0
0
0
0
0
0
0
0
0
0
0
0
0
0
0
0
0
0
0
0
0
0
0
0
0
0
0
0
0
0
0
0
0
94.208
8.192
0
0
0
0
0
0
0
0
0
0
0
0
0
0
0
0
0
0
0
0
0
0
0
0
4.096
0
0
0
0
0
0
0
0
0
0
0
0
0
0
0
0
0
0
0
0
0
0
0
0
0
0
0
0
0
0
0
0
0
0
0
0
0
0
0
0
0
0
0
0
0
0
0
0
0
0
0
0
0
0
0
0
0
0
0
0
0
0
0
0
0
0
0
0
0
0
4.096
0
0
0
0
0
0
0
0
0
0
0
0
0
0
0
0
0
0
0
0
0
0
0
0
0
0
0
0
0
0
0
0
0
0
0
0
0
0
0
0
0
0
0
4.096
0
0
0
0
0
0
0
0
0
0
0
0
0
0
0
0
0
0
0
0
0
0
0
0
0
0
0
0
0
0
0
0
0
0
0
0
0
0
0
8.192
0
0
0
49.152
0
0
0
0
0
0
0
0
0
0
24.576
0
0
0
4.096
0
0
0
0
0
0
0
0
0
0
0
0
0
0
0
0
0
0
0
0
0
0
0
0
0
0
0
0
0
0
0
0
0
0
0
0
0
0
0
0
0
0
0
0
0
0
8.192
0
0
0
0
0
0
0
0
0
0
0
0
0
0
0
0
45.056
65.536
65.536
0
65.536
65.536
61.44
0
0
0
0
0
0
0
0
0
0
0
0
0
0
0
0
0
0
0
0
16.384
0
0
0
0
0
0
0
0
0
0
0
0
16.384
0
0
0
0
0
0
0
0
0
49.152
0
0
0
0
0
0
0
0
0
0
0
0
0
0
0
0
0
0
0
0
0
0
0
0
0
8.192
8.192
0
0
0
0
0
0
0
16.384
0
0
0
0
0
0
0
0
241.664
0
0
0
0
0
0
0
0
0
0
0
0
0
0
0
0
0
0
0
0
0
0
0
0
4.096
0
0
0
0
0
24.576
0
0
0
0
4.096
0
0
0
0
0
0
0
0
0
0
0
0
0
0
0
0
0
0
0
0
0
0
0
0
0
0
0
0
0
0
0
0
0
0
0
0
0
0
0
0
0
0
0
0
0
0
0
0
0
0
0
0
0
0
0
0
0
0
0
0
0
0
0
0
12.288
0
0
0
0
0
0
0
0
0
0
0
0
0
0
0
0
0
0
0
0
0
0
0
0
0
0
0
0
0
0
0
0
0
0
0
0
0
0
0
0
0
0
0
0
0
8.192
0
0
0
0
0
0
0
0
0
0
4.096
0
0
0
0
0
0
0
8.192
0
0
0
0
0
0
0
0
0
0
0
0
0
0
0
0
0
0
0
0
0
0
0
0
0
0
0
0
0
0
0
0
0
0
0
0
0
0
0
4.096
24.576
0
0
0
0
4.096
0
0
0
0
0
0
0
0
0
0
0
0
0
0
0
0
8.192
0
4.096
0
0
0
0
0
0
0
0
0
0
0
0
0
0
0
0
0
0
0
0
0
0
569.344
0
69.632
0
0
0
0
0
0
0
0
0
0
0
0
16.384
16.384
24.576
0
16.384
0
16.384
0
0
0
0
0
0
0
0
0
0
0
4.096
12.288
0
0
0
0
0
0
0
0
0
0
0
0
0
0
0
0
0
4.096
0
0
0
0
0
0
0
0
0
0
0
0
0
0
0
0
0
0
0
0
0
0
0
0
0
0
0
0
0
0
0
0
0
0
0
0
0
0
0
0
0
0
0
0
0
0
0
0
0
0
0
0
0
0
0
0
0
0
0
0
0
233.472
0
0
0
0
0
0
0
0
0
0
0
0
0
0
0
0
0
0
0
8.192
0
0
0
0
0
0
0
0
0
0
0
0
0
49.152
0
0
0
0
0
0
0
0
0
4.096
0
0
0
0
0
0
0
0
0
0
0
