819.2
806.912
708.608
1568.77
1593.34
2293.76
2695.17
3563.52
3895.3
1355.78
233.472
3936.26
3223.55
2097.15
3850.24
5132.29
15122.4
10682.4
679.936
1122.3
462.848
10076.2
8515.58
761.856
847.872
393.216
577.536
827.392
774.144
761.856
19013.6
25477.1
17072.1
13635.6
10637.3
7245.82
6848.51
6090.75
5087.23
3784.7
4067.33
1667.07
622.592
2678.78
2912.26
4091.9
8339.46
11243.5
19349.5
14651.4
14229.5
19910.7
20537.3
17113.1
18038.8
15802.4
15089.7
15343.6
18731
9629.7
20697.1
18010.1
16597
21180.4
17346.6
16171
16998.4
13725.7
16715.8
27123.7
26423.3
25137.2
26976.3
26185.7
33153
23740.4
21270.5
21504
17195
14397.4
15589.4
5775.36
9805.82
8736.77
13443.1
8552.45
8667.14
9203.71
9170.94
9785.34
7245.82
5468.16
5419.01
8028.16
7536.64
9097.22
7962.62
5369.86
9592.83
9965.57
6762.5
7917.57
9338.88
8704
9297.92
8413.18
8630.27
9592.83
6770.69
9641.98
5120
9256.96
9322.5
10657.8
9560.06
4042.75
5480.45
5402.62
6987.78
6524.93
6848.51
6823.94
8245.25
11927.6
16154.6
4149.25
6803.46
11518
14991.4
10158.1
8310.78
9936.9
7639.04
7229.44
7512.06
7430.14
6189.06
6299.65
7917.57
7299.07
7667.71
9420.8
8507.39
7819.26
6230.02
7995.39
4354.05
3989.5
8753.15
10137.6
8716.29
15577.1
10059.8
9297.92
12017.7
8433.66
4677.63
8232.96
16785.4
2453.5
1130.5
1171.46
1097.73
1667.07
1150.98
1155.07
983.04
1081.34
999.424
1564.67
2985.98
2650.11
2260.99
2150.4
2048
1617.92
3018.75
2322.43
2859.01
4055.04
7229.44
12668.9
16564.2
15331.3
6012.93
5607.42
6668.29
14143.5
12709.9
12828.7
14966.8
14544.9
11079.7
6766.59
10899.5
12062.7
11259.9
6811.65
9510.91
7364.61
6369.28
12.288
16.384
1187.84
2052.1
696.32
442.368
200.704
155.648
143.36
57.344
3854.34
77.824
163.84
122.88
110.592
94.208
36.864
40.96
401.408
36.864
0
20.48
57.344
65.536
389.12
81.92
49.152
61.44
69.632
77.824
114.688
98.304
118.784
61.44
45.056
61.44
94.208
65.536
237.568
1032.19
495.616
36.864
16.384
110.592
73.728
274.432
57.344
94.208
69.632
57.344
339.968
36.864
12.288
16.384
0
4.096
8.192
65.536
94.208
53.248
65.536
98.304
81.92
45.056
40.96
188.416
45.056
786.432
53.248
73.728
40.96
65.536
94.208
45.056
57.344
98.304
65.536
90.112
40.96
40.96
73.728
28.672
53.248
49.152
65.536
45.056
49.152
36.864
28.672
49.152
81.92
0
94.208
1454.08
1929.22
1052.67
3846.14
12.288
61.44
69.632
90.112
81.92
65.536
77.824
81.92
73.728
73.728
45.056
45.056
53.248
24.576
65.536
61.44
98.304
86.016
12.288
28.672
24.576
65.536
53.248
655.36
1265.66
1228.8
1851.39
2215.94
4759.55
1871.87
1187.84
1073.15
1052.67
3960.83
688.128
716.8
565.248
471.04
503.808
15523.8
21143.6
25653.2
22904.8
18161.7
19550.2
15908.9
9007.1
6729.73
9678.85
5935.1
4308.99
6643.71
5988.35
16838.7
3911.68
3305.47
1961.98
3497.98
1708.03
1511.42
2686.98
262.144
0
0
0
4.096
0
0
466.944
0
12.288
4.096
380.928
1863.68
167.936
73.728
1413.12
77.824
4.096
405.504
135.168
245.76
2191.36
1495.04
2146.3
2310.14
2473.98
188.416
249.856
2101.25
1654.78
1355.78
5648.38
1695.74
1191.94
671.744
401.408
2654.21
7790.59
1142.78
475.136
954.368
401.408
794.624
708.608
2600.96
3448.83
13291.5
14008.3
11739.1
16441.3
13471.7
11726.8
3440.64
8486.91
6909.95
14901.2
13549.6
15388.7
16928.8
3670.02
7630.85
12406.8
6492.16
1720.32
7102.46
11653.1
10096.6
16248.8
32768
16314.4
13815.8
30847
21790.7
19865.6
28917.8
23547.9
17985.5
22507.5
13279.2
11870.2
13697
16908.3
15716.4
13475.8
9314.3
5107.71
13520.9
16990.2
11337.7
9080.83
8151.04
18804.7
19906.6
9326.59
9355.26
3903.49
3715.07
4435.97
5021.7
2134.02
11993.1
14180.4
8638.46
16404.5
11681.8
13774.8
14065.7
6094.85
12869.6
7933.95
10899.5
5386.24
8626.18
11644.9
14438.4
15298.6
8232.96
14426.1
15667.2
12513.3
15126.5
13426.7
10219.5
13807.6
6463.49
9441.28
8253.44
12496.9
9056.26
8515.58
9981.95
9601.02
10387.5
9072.64
39735.3
30810.1
5484.54
434.176
503.808
233.472
667.648
700.416
1445.89
831.488
712.704
393.216
315.392
1286.14
327.68
643.072
401.408
589.824
253.952
237.568
3747.84
2383.87
2801.66
1978.37
2412.54
2215.94
2727.94
1974.27
1470.46
1392.64
1449.98
1699.84
1634.3
1490.94
1183.74
1269.76
2179.07
21352.4
23801.9
19030
16023.6
13832.2
13799.4
9580.54
7352.32
6676.48
6086.66
5738.5
4030.46
3104.77
4124.67
2781.18
974.848
1044.48
2441.22
1245.18
638.976
1347.58
634.88
4595.71
458.752
507.904
827.392
163.84
311.296
28.672
385.024
126.976
0
8.192
126.976
131.072
8.192
0
167.936
192.512
73.728
0
335.872
2334.72
0
0
0
8.192
139.264
122.88
0
77.824
258.048
147.456
196.608
585.728
581.632
139.264
24.576
458.752
327.68
442.368
184.32
647.168
241.664
65.536
28.672
20.48
262.144
131.072
122.88
155.648
126.976
577.536
647.168
1036.29
2527.23
5984.26
7188.48
8699.9
9502.72
8110.08
12042.2
18341.9
17268.7
13434.9
6877.18
7630.85
8179.71
8634.37
2387.97
3264.51
3805.18
1421.31
45.056
61.44
831.488
573.44
159.744
507.904
57.344
36.864
159.744
65.536
7266.3
69.632
360.448
49.152
65.536
1224.7
1310.72
53.248
65.536
40.96
36.864
1093.63
733.184
131.072
491.52
970.752
16793.6
3403.78
5341.18
6078.46
7540.74
10215.4
2293.76
2183.17
2764.8
2686.98
970.752
7823.36
7024.64
8962.05
10453
8208.38
12447.7
6787.07
4194.3
5804.03
4558.85
6610.94
3792.9
5427.2
15282.2
5558.27
7352.32
5812.22
7131.14
6672.38
6488.06
7688.19
7839.74
4718.59
5459.97
823.296
3506.18
3481.6
4038.66
1929.22
3035.14
2564.1
12640.3
19669
28303.4
1761.28
3084.29
9363.46
12574.7
9814.02
9916.42
4718.59
7970.82
6193.15
4673.54
4866.05
3280.9
5480.45
9601.02
12951.6
12771.3
25800.7
17162.2
11698.2
16588.8
12533.8
12083.2
14352.4
9981.95
12529.7
1187.84
319.488
286.72
917.504
1032.19
913.408
1662.98
663.552
1085.44
200.704
565.248
352.256
258.048
389.12
520.192
745.472
1363.97
233.472
536.576
135.168
294.912
389.12
663.552
2506.75
2252.8
3121.15
2658.3
3055.62
2756.61
1429.5
1810.43
1257.47
1064.96
937.984
1568.77
11444.2
5828.61
11321.3
13639.7
8269.82
4530.18
16945.2
5963.78
2248.7
884.736
1081.34
2973.7
1294.34
1097.73
1916.93
901.12
1064.96
950.272
1486.85
3993.6
1851.39
1183.74
1269.76
1130.5
1552.38
2052.1
1744.9
1572.86
1474.56
8228.86
10354.7
16007.2
16912.4
19984.4
17227.8
9617.41
10068
16187.4
5210.11
4165.63
1769.47
1462.27
921.6
1708.03
1298.43
1888.26
1703.94
1826.82
634.88
1593.34
364.544
2023.42
1863.68
9474.05
15409.2
15577.1
16797.7
17788.9
20201.5
21495.8
16343
28184.6
17989.6
14045.2
19824.6
22954
18128.9
17891.3
18268.2
23568.4
19349.5
10788.9
9326.59
14286.8
13111.3
11722.8
16445.4
17338.4
17981.4
22122.5
17739.8
18059.3
26054.7
15429.6
19353.6
13959.2
19165.2
14229.5
15847.4
16273.4
17641.5
7688.19
1921.02
8671.23
10903.6
9850.88
5349.38
5980.16
7081.98
11636.7
4894.72
5095.42
4935.68
2084.86
1884.16
3358.72
3280.9
12423.2
26734.6
36335.6
31547.4
30261.2
30036
26447.9
9015.3
19230.7
13926.4
17678.3
5414.91
13811.7
21057.5
29585.4
25530.4
21717
22433.8
24277
22994.9
30187.5
24916
22241.3
27136
22241.3
25444.4
18870.3
29478.9
24035.3
22241.3
23740.4
23793.7
22319.1
21856.3
36814.8
17084.4
18722.8
22671.4
18665.5
25165.8
14319.6
15106
23654.4
19615.7
23289.9
23085.1
21315.6
20422.7
22442
20557.8
13029.4
16887.8
25935.9
22757.4
23527.4
30748.7
26652.7
21065.7
19742.7
41041.9
34000.9
30093.3
28811.3
29642.8
29438
26427.4
29597.7
18604
15257.6
28815.4
29044.7
25743.4
24481.8
28966.9
28745.7
26517.5
29790.2
25088
31924.2
28332
30666.8
34627.6
23142.4
30113.8
29556.7
26169.3
22138.9
22216.7
27090.9
22171.6
15114.2
30879.7
25280.5
23588.9
22478.8
15286.3
18137.1
21774.3
17330.2
9732.1
19755
13332.5
1753.09
1040.38
266.24
139.264
45.056
40.96
6103.04
1728.51
0
24.576
323.584
937.984
20.48
110.592
28.672
65.536
147.456
733.184
331.776
4927.49
741.376
14344.2
14766.1
21487.6
24322
15786
10395.6
10551.3
26574.8
21356.5
24530.9
20619.3
18604
14192.6
8712.19
11518
20426.8
17031.2
9658.37
20402.2
16941.1
12455.9
