3743.74
1519.62
790.528
880.64
4161.54
11083.8
749.568
1257.47
737.28
442.368
1089.54
479.232
421.888
483.328
1650.69
679.936
1179.65
552.96
11743.2
184.32
143.36
241.664
610.304
1155.07
192.512
49.152
0
8.192
2023.42
8.192
8.192
245.76
0
69.632
155.648
0
430.08
86.016
28.672
65.536
131.072
131.072
40.96
53.248
4407.3
5582.85
4.096
16.384
0
0
0
0
0
303.104
2359.3
0
0
65.536
10539
262.144
135.168
327.68
348.16
0
0
147.456
4.096
53.248
4.096
0
8.192
0
0
135.168
102.4
196.608
4231.17
2363.39
2478.08
4.096
0
2314.24
811.008
114.688
0
0
32.768
0
4.096
0
0
0
0
0
0
4.096
0
106.496
8.192
0
1122.3
4308.99
49.152
0
0
0
8.192
12.288
0
0
0
0
0
237.568
0
0
0
8.192
4.096
233.472
0
4.096
12.288
131.072
0
0
1998.85
4.096
0
0
0
0
4.096
0
86.016
0
0
20.48
10334.2
0
0
0
0
0
0
2285.57
3407.87
0
0
0
36.864
0
28.672
69.632
0
8.192
0
1863.68
16.384
0
0
0
8.192
0
0
0
0
16.384
0
0
0
0
12.288
36.864
0
0
0
4.096
4.096
0
0
0
0
0
8.192
0
8.192
4628.48
8.192
0
32.768
0
274.432
40.96
8.192
0
0
77.824
4407.3
0
0
0
0
0
8.192
0
8.192
0
0
4.096
0
0
0
0
0
0
0
851.968
0
4.096
4.096
0
0
237.568
0
3571.71
0
0
0
0
49.152
200.704
0
0
0
0
0
2818.05
0
0
0
0
376.832
7049.22
0
0
0
0
0
0
0
0
0
0
0
0
0
40.96
0
0
3035.14
4.096
0
0
0
0
0
0
0
0
0
0
4.096
0
2617.34
0
0
53.248
0
139.264
12.288
0
0
8.192
0
0
0
0
0
0
4.096
0
0
0
0
0
0
0
0
0
0
0
4.096
0
0
0
61.44
286.72
0
0
0
0
0
2486.27
32.768
0
0
1044.48
0
0
0
0
32.768
6840.32
569.344
0
0
0
0
0
0
0
16.384
0
0
0
8.192
106.496
0
0
0
0
0
0
0
0
0
0
0
0
12.288
0
0
0
0
0
0
0
131.072
8.192
4.096
765.952
24.576
0
0
0
114.688
102.4
0
4.096
0
688.128
3567.62
0
0
8.192
0
11075.6
0
0
0
0
0
0
0
0
2060.29
0
1769.47
0
0
0
0
327.68
0
159.744
4.096
4.096
0
0
4.096
208.896
0
4.096
0
0
8.192
16.384
0
4.096
8.192
0
0
0
0
0
0
0
0
0
32.768
1802.24
0
0
0
0
0
0
0
0
0
24.576
0
0
0
0
12.288
0
0
8.192
0
0
0
3637.25
5660.67
0
0
0
0
40.96
12.288
0
77.824
20.48
28.672
8.192
86.016
28.672
1052.67
0
0
0
0
0
0
0
12.288
0
8.192
0
0
0
0
0
0
0
0
0
28.672
12.288
0
0
0
4.096
0
0
0
0
0
577.536
0
0
0
4.096
2392.06
0
0
2465.79
524.288
0
0
0
0
0
0
12.288
0
0
0
0
0
0
0
0
0
0
0
0
8.192
12.288
0
0
0
0
0
0
0
0
0
16.384
0
0
0
0
0
0
0
0
0
0
0
0
0
4.096
0
0
0
0
0
4.096
0
106.496
1888.26
0
0
0
0
114.688
0
4.096
0
0
0
0
0
0
8.192
0
0
0
1064.96
2826.24
0
0
4.096
0
0
49.152
0
110.592
0
20.48
0
0
0
0
4.096
0
0
0
0
0
0
0
0
0
0
0
0
0
0
0
0
0
0
0
0
0
0
0
32.768
0
155.648
327.68
2949.12
2457.6
0
16.384
0
0
8.192
16.384
0
0
0
0
0
0
8.192
0
0
0
4.096
0
0
0
0
0
212.992
708.608
1626.11
4485.12
0
0
0
0
0
0
0
0
0
49.152
0
8.192
0
0
512
3575.81
0
0
0
0
16.384
0
0
0
0
0
0
8.192
0
0
0
0
0
16.384
0
9928.7
23175.2
122.88
0
0
0
8.192
0
0
0
0
4.096
0
0
0
0
28.672
0
0
0
0
0
0
0
0
0
28.672
90.112
4083.71
0
0
0
0
0
0
0
16.384
0
0
0
1093.63
790.528
32.768
0
0
0
0
0
0
0
0
0
0
3772.42
0
0
0
0
32.768
0
0
0
118.784
4280.32
0
0
0
0
0
0
0
0
0
32.768
0
0
0
16.384
0
8.192
0
12.288
970.752
0
0
0
8.192
65.536
0
0
73.728
1003.52
0
16.384
16.384
8.192
0
0
0
0
4.096
0
4.096
0
102.4
0
0
0
0
0
0
0
0
12.288
0
0
0
0
0
0
0
0
0
0
0
3047.42
1839.1
77.824
8.192
0
319.488
0
16.384
8.192
0
0
0
0
8.192
0
0
0
0
0
155.648
126.976
90.112
106.496
45.056
0
0
0
0
0
3661.82
0
0
0
0
274.432
126.976
311.296
2867.2
19222.5
11927.6
4.096
0
45.056
8.192
204.8
0
0
0
16.384
278.528
0
0
0
0
0
0
0
319.488
835.584
9674.75
249.856
9048.06
1499.14
0
0
0
0
0
20.48
155.648
0
0
0
0
28.672
135.168
0
0
0
0
0
0
0
0
0
0
0
0
0
0
0
0
0
0
0
0
0
0
0
77.824
0
0
0
1351.68
1814.53
0
0
4.096
0
61.44
0
0
0
0
0
0
0
0
8.192
1191.94
4153.34
8.192
0
0
0
159.744
8.192
200.704
1486.85
0
0
0
0
0
0
0
0
0
0
991.232
0
0
0
0
0
0
28.672
0
0
0
0
0
0
0
0
16.384
0
0
0
0
0
0
0
8.192
4.096
20.48
0
0
1826.82
3637.25
0
0
0
0
0
0
0
0
0
12.288
0
573.44
1966.08
0
0
0
0
0
0
0
0
0
0
0
0
2146.3
0
0
0
8.192
0
0
0
