0
0
0
8.192
8.192
0
8.192
0
0
8.192
0
0
0
0
0
0
0
2269.18
1601.54
3776.51
0
0
0
36.864
0
0
0
0
24.576
0
0
0
4288.51
2232.32
0
0
0
8.192
10506.2
1503.23
0
0
0
0
266.24
0
16.384
0
0
3555.33
2125.82
16.384
0
0
0
8.192
0
32.768
8.192
16.384
0
0
0
90.112
0
0
0
0
135.168
0
0
0
0
0
0
0
0
4.096
233.472
0
0
0
0
0
0
0
0
57.344
0
0
4.096
0
4.096
6721.54
2084.86
4.096
3665.92
815.104
10489.9
4.096
2502.66
0
0
0
0
0
4.096
0
0
4.096
0
0
49.152
430.08
253.952
1359.87
659.456
245.76
10285.1
835.584
28.672
32.768
36.864
4.096
24.576
28.672
36.864
16.384
610.304
274.432
0
0
0
4.096
434.176
1216.51
81.92
0
147.456
4.096
4.096
0
0
4.096
0
0
0
0
0
0
4.096
0
0
32.768
6258.69
32.768
0
0
339.968
0
110.592
8.192
0
0
0
0
143.36
3649.54
4.096
0
0
0
0
1155.07
5459.97
421.888
2002.94
7397.38
10584.1
20.48
4.096
32.768
12.288
24.576
8.192
0
4.096
0
0
0
8.192
4.096
4.096
8.192
4.096
0
4.096
4.096
237.568
12.288
0
4.096
3776.51
0
0
4272.13
0
40.96
4.096
4.096
0
0
110.592
0
0
8.192
0
0
0
0
0
3219.46
0
0
0
0
0
1912.83
0
4.096
217.088
1855.49
0
0
0
0
0
53.248
28.672
0
0
0
0
0
0
0
0
0
0
0
0
86.016
0
0
0
0
0
0
0
0
0
0
0
0
81.92
6213.63
274.432
7925.76
3043.33
0
0
0
0
0
4.096
0
0
921.6
2805.76
196.608
8.192
0
0
4.096
0
8.192
0
5844.99
20.48
57.344
0
0
12.288
0
0
0
0
0
4.096
0
0
0
802.816
0
0
0
0
32.768
0
0
0
0
0
0
0
1703.94
2449.41
0
0
0
0
0
0
0
4.096
0
0
335.872
0
4.096
0
0
4.096
8.192
0
114.688
0
0
4.096
0
32.768
0
0
0
0
0
0
0
0
122.88
1228.8
4657.15
0
0
0
4.096
0
4.096
4.096
0
0
0
0
0
0
0
24.576
270.336
0
0
0
0
0
0
0
0
0
0
0
0
0
0
0
737.28
0
0
0
413.696
106.496
0
8.192
802.816
0
0
0
0
0
0
0
233.472
1466.37
364.544
0
0
0
0
4.096
32.768
0
0
0
0
0
0
0
0
2101.25
3731.46
0
61.44
0
0
0
0
0
0
184.32
2633.73
0
24.576
0
8.192
0
0
0
4.096
69.632
0
0
0
0
73.728
1105.92
0
16.384
0
1454.08
2215.94
0
8.192
0
0
0
0
8.192
0
0
0
0
8.192
53.248
8.192
16.384
8.192
8.192
0
0
0
4.096
1417.22
8.192
0
0
0
0
0
0
0
0
4.096
0
0
4.096
0
0
0
0
0
0
4.096
16.384
147.456
3936.26
0
0
0
0
0
8.192
0
458.752
0
307.2
0
0
8.192
0
0
0
1302.53
1368.06
98.304
0
0
0
0
0
4.096
94.208
12.288
0
0
0
0
0
12.288
0
0
4.096
2387.97
4026.37
0
0
0
0
0
0
0
0
4.096
0
126.976
4.096
4.096
0
4.096
0
0
0
2842.62
0
0
0
0
0
102.4
0
0
0
0
0
0
0
0
0
0
73.728
4784.13
0
0
0
0
0
0
0
110.592
0
1257.47
0
69.632
1089.54
0
0
0
0
0
16.384
0
8.192
32.768
0
0
49.152
0
0
0
0
0
0
0
0
0
4.096
0
0
4.096
0
0
8.192
131.072
4.096
4.096
0
0
495.616
5652.48
0
0
131.072
0
4.096
0
0
0
0
0
0
0
4.096
24.576
3731.46
2433.02
0
0
0
0
0
12.288
8.192
0
0
0
0
0
4.096
2502.66
1232.9
0
270.336
139.264
11149.3
0
126.976
0
0
0
0
0
0
0
0
0
0
0
0
0
0
0
8.192
0
86.016
0
233.472
0
0
0
0
0
0
0
8.192
8.192
0
0
0
0
6455.3
0
0
0
1146.88
2248.7
2187.26
4.096
0
0
0
0
8.192
0
0
0
0
0
0
0
0
0
0
0
1257.47
0
0
0
0
0
0
0
0
8.192
0
0
0
0
0
0
0
3493.89
0
0
0
0
0
0
0
0
0
0
135.168
0
24.576
0
0
0
4.096
0
0
0
0
0
10498
118.784
0
0
2433.02
3805.18
1937.41
0
200.704
3788.8
0
0
0
0
0
0
0
0
0
0
12673
36.864
20.48
16.384
53.248
53.248
0
20.48
4.096
40.96
126.976
98.304
0
8.192
4.096
0
0
4.096
0
0
9797.63
0
0
0
0
4.096
0
12.288
0
0
0
0
28.672
4.096
4.096
0
0
4.096
0
36.864
0
0
4.096
0
0
0
77.824
0
0
0
0
0
0
0
0
0
0
0
0
0
0
2420.74
2240.51
4.096
1363.97
512
0
0
8.192
6176.77
958.464
0
253.952
0
0
0
0
0
0
0
0
32.768
0
0
0
0
0
151.552
9744.38
0
4.096
0
0
0
0
0
0
0
4.096
4.096
0
12.288
28.672
0
0
0
0
0
192.512
0
0
0
290.816
0
0
0
0
0
0
4.096
0
24.576
0
0
798.72
0
0
1851.39
8867.84
8.192
4.096
0
868.352
0
16.384
0
0
0
8.192
1167.36
2342.91
0
0
0
0
0
0
1208.32
9105.41
4.096
8.192
0
16.384
8.192
0
0
0
65.536
0
0
0
0
0
0
0
0
0
0
0
12.288
0
0
626.688
3190.78
0
0
0
61.44
0
0
0
0
0
0
98.304
442.368
0
0
4.096
0
0
0
4.096
0
0
1060.86
0
0
28.672
0
0
0
4.096
0
4.096
0
0
778.24
106.496
0
0
0
0
0
0
0
0
4403.2
221.184
0
24.576
0
0
0
0
0
0
0
8.192
8.192
0
0
0
0
0
