0
0
0
0
0
0
0
0
0
0
0
0
0
0
0
0
0
0
40.96
0
0
0
0
0
0
0
0
0
0
0
0
0
0
0
0
0
0
0
0
0
0
0
0
0
0
0
0
0
0
0
0
0
0
0
0
0
0
0
0
0
0
0
0
0
0
0
0
0
0
0
0
0
0
0
0
0
0
0
0
16.384
0
0
4.096
0
0
0
0
0
0
0
0
0
0
0
0
0
0
0
32.768
0
0
0
0
0
0
0
0
0
0
0
0
0
0
0
0
0
0
0
0
0
0
0
0
0
0
0
0
0
0
0
0
0
0
0
0
0
0
0
0
0
0
0
0
0
0
0
0
0
237.568
0
4.096
0
0
0
0
0
0
0
0
0
0
266.24
0
0
0
0
0
0
0
0
0
0
0
0
0
0
0
0
32.768
0
0
0
0
0
0
0
0
0
0
0
0
0
0
0
0
0
0
0
0
0
0
4.096
4.096
0
4.096
8699.9
21745.7
18063.4
22859.8
20144.1
17911.8
20455.4
19513.3
17797.1
17432.6
14827.5
13365.2
11399.2
29724.7
23961.6
13525
13955.1
14774.3
15646.7
16158.7
13643.8
13832.2
13905.9
10567.7
7413.76
11145.2
9015.3
11243.5
5591.04
7618.56
5742.59
5984.26
7593.98
24862.7
12582.9
4354.05
6324.22
6610.94
5214.21
6078.46
3805.18
3567.62
4714.5
5328.9
3457.02
4460.54
3702.78
2322.43
3153.92
3178.5
2838.53
2506.75
2011.14
14516.2
3125.25
1896.45
3194.88
1957.89
1613.82
1245.18
1724.42
2482.18
1478.66
1015.81
1298.43
2113.54
7430.14
5009.41
8314.88
4489.22
1564.67
1437.7
434.176
12861.4
33194
29298.7
23953.4
21876.7
13201.4
17588.2
8454.14
12873.7
10686.5
13082.6
10362.9
12230.7
15654.9
19746.8
17588.2
15904.8
17707
15007.7
16654.3
24903.7
19324.9
18845.7
18649.1
18808.8
15814.7
21721.1
22061.1
18456.6
17817.6
18890.8
19066.9
18989.1
21827.6
22032.4
19161.1
17768.4
15003.6
18321.4
16236.5
22753.3
22134.8
18849.8
17608.7
17219.6
18972.7
13955.1
15040.5
14458.9
10088.4
16318.5
12271.6
9777.15
9031.68
12578.8
10428.4
8183.81
11522
7151.62
6443.01
10354.7
12320.8
8048.64
5550.08
3719.17
7667.71
27463.7
14057.5
27136
26730.5
30400.5
29880.3
28065.8
24711.2
18460.7
20627.5
29495.3
21839.9
31113.2
31334.4
26583
20672.5
30003.2
25890.8
20119.6
19517.4
20287.5
21037.1
19046.4
21020.7
19599.4
19632.1
19300.4
25137.2
19681.3
23617.5
21397.5
18559
18997.2
20906
16011.3
27344.9
22749.2
17952.8
19456
20676.6
20406.3
16298
16760.8
17330.2
19091.5
18083.8
17842.2
17707
19951.6
12431.4
13201.4
14520.3
11173.9
12984.3
21233.7
13631.5
17461.2
16863.2
0
0
0
0
0
0
0
0
0
0
0
0
0
0
0
0
0
0
696.32
0
0
0
0
0
0
0
0
0
0
0
0
0
0
0
0
0
0
0
0
4.096
0
0
0
0
0
0
0
0
0
0
0
0
0
0
0
0
0
0
0
0
0
0
0
0
0
0
0
0
0
0
0
0
0
0
0
0
0
0
0
0
0
0
0
0
0
0
0
0
0
0
0
0
0
0
0
0
0
0
0
0
0
0
16.384
0
0
0
0
0
0
0
0
0
0
0
0
0
0
0
155.648
0
0
0
0
0
0
0
0
0
0
4.096
0
0
0
0
0
0
0
0
0
0
0
0
0
0
0
0
0
0
212.992
0
0
0
28.672
0
0
0
0
0
0
0
0
0
266.24
0
0
0
0
0
0
0
0
0
0
0
0
0
0
0
16.384
0
0
0
0
0
0
0
0
0
0
0
0
0
0
0
0
0
0
0
0
0
0
0
0
0
0
0
0
0
0
0
0
0
0
0
0
0
0
0
0
0
0
0
0
0
0
0
0
0
0
0
0
0
0
0
0
0
0
0
0
0
0
0
0
0
0
0
0
0
0
0
0
0
0
0
0
0
0
0
0
0
0
0
0
0
0
0
0
0
0
4.096
0
0
0
0
0
0
0
0
0
0
0
0
0
0
0
0
0
0
0
0
0
0
0
0
0
0
0
0
0
0
0
0
0
0
0
0
0
0
0
0
0
0
0
0
0
0
0
0
0
0
0
0
0
0
0
0
0
0
0
0
0
0
0
0
0
0
0
0
0
0
0
0
0
0
0
0
0
0
0
0
0
0
0
0
0
0
0
0
0
0
0
0
0
0
0
0
0
0
0
0
0
0
0
4.096
0
0
4.096
0
6414.34
27844.6
24305.7
17121.3
18792.4
19918.8
15216.6
7868.42
14172.2
22982.7
11288.6
8814.59
17547.3
11403.3
9998.34
14319.6
13541.4
13807.6
12247
12820.5
28241.9
25047
14204.9
16212
0
0
0
0
0
0
0
0
0
0
0
0
0
0
0
0
0
0
0
0
0
0
0
0
0
0
0
0
0
0
0
0
0
0
0
0
0
0
491.52
0
0
0
0
0
0
0
0
0
16.384
0
0
0
0
0
0
0
0
0
0
0
0
0
0
0
0
0
0
0
0
0
0
0
0
0
0
0
0
0
0
0
0
0
0
0
0
0
0
0
0
0
0
0
0
0
0
0
0
0
0
0
0
0
0
0
0
0
0
0
0
0
0
0
0
0
0
0
0
0
0
0
0
0
0
0
0
0
0
0
0
0
0
0
0
0
0
0
0
0
0
0
0
0
0
0
0
0
0
0
77.824
0
65.536
0
0
0
0
0
0
0
0
0
135.168
135.168
0
4.096
0
0
0
0
0
0
0
0
0
0
0
0
0
0
0
0
0
0
0
0
0
0
0
0
0
0
0
0
0
0
0
0
0
0
40.96
0
0
