2.157
4.582
5.823
5.377
4.465
2.038
1.983
5.710
4.875
3.187
3.694
3.981
3.908
5.270
5.710
4.418
3.375
2.814
6.118
6.316
5.210
4.930
5.925
3.524
3.388
3.135
4.440
3.974
3.616
4.530
5.574
4.494
4.016
3.849
3.771
3.536
4.382
1.956
4.103
5.563
5.313
3.781
3.966
4.103
4.325
2.532
2.304
4.650
2.822
2.546
3.046
4.183
4.120
5.541
3.803
3.895
4.155
2.683
5.533
2.510
3.560
3.008
3.709
4.860
3.828
3.264
2.468
5.068
4.461
3.515
5.115
3.371
4.359
5.386
4.382
4.422
4.873
4.333
5.382
5.930
3.121
2.895
4.336
4.686
5.242
4.290
4.509
3.652
4.608
3.030
4.620
4.775
3.760
3.435
4.019
5.574
4.178
4.301
3.716
4.736
4.322
3.055
4.736
4.733
2.231
4.465
3.721
2.926
6.018
2.541
5.906
5.511
4.787
4.548
5.825
4.248
3.133
3.236
3.940
4.634
5.145
4.090
4.715
5.198
5.894
4.205
5.277
4.502
5.194
2.426
4.068
6.341
6.267
4.809
3.791
2.657
5.945
7.440
6.517
3.046
3.156
3.834
3.139
5.249
6.279
3.950
3.651
4.551
5.475
5.179
6.154
6.053
6.221
4.005
2.456
2.891
4.878
2.899
4.325
6.924
6.328
6.036
4.749
5.473
6.267
4.186
4.391
5.106
6.445
2.605
3.987
4.310
5.145
6.167
5.474
3.481
4.120
3.733
3.455
3.141
6.146
6.005
4.299
3.818
5.902
4.417
4.497
5.917
6.750
3.932
4.873
5.703
6.587
4.388
2.344
3.201
3.803
8.879
11.575
8.597
5.519
5.133
5.843
8.035
8.062
6.613
5.422
3.638
5.743
8.654
8.795
6.245
7.582
6.733
8.317
7.962
7.760
6.113
5.733
5.965
7.919
7.148
6.449
8.174
7.233
6.833
6.814
7.743
5.751
6.708
5.079
7.604
8.748
6.852
7.871
7.242
4.371
8.350
5.133
4.960
8.988
9.511
8.265
9.322
9.119
8.356
6.746
5.382
6.960
6.596
4.156
7.477
6.151
7.385
8.704
7.398
7.062
7.855
4.440
8.987
9.363
6.867
7.260
7.477
8.030
6.720
7.483
6.680
5.745
8.865
7.095
7.587
6.079
7.492
8.598
7.109
7.196
7.209
7.480
8.099
9.348
7.397
8.914
7.128
7.219
8.926
6.698
8.529
5.828
8.918
7.588
6.465
8.144
7.831
4.421
6.229
6.680
7.508
8.573
8.177
7.957
7.213
6.996
7.821
8.594
6.091
7.498
5.521
6.986
6.038
6.747
6.109
7.289
7.066
6.369
7.733
8.144
4.980
6.217
7.119
7.749
6.118
8.264
6.385
6.010
7.118
7.790
6.342
5.225
8.238
5.758
5.504
8.061
8.439
7.854
6.602
4.677
8.233
10.027
8.786
7.571
2.479
7.614
6.299
7.403
8.083
6.443
3.716
6.596
8.278
6.777
7.846
8.579
9.274
8.113
4.950
5.470
7.337
5.581
5.059
9.888
8.947
9.358
7.520
8.306
8.032
9.206
7.677
7.138
8.190
8.022
7.538
7.708
7.870
8.508
9.176
7.728
5.933
7.446
5.848
6.188
7.790
9.205
9.416
7.976
7.891
7.809
6.026
7.733
9.415
6.631
6.631
7.949
10.027
10.060
8.011
5.466
5.774
5.544
6.711
5.921
7.569
6.644
7.898
9.012
10.099
7.656
8.179
7.516
8.672
9.927
6.125
6.833
7.968
8.508
9.879
10.087
9.718
7.959
7.026
7.378
11.141
9.954
8.171
9.400
8.193
7.449
8.995
7.593
6.077
7.774
6.430
10.094
9.751
7.769
9.894
9.237
4.948
9.720
5.854
6.982
9.555
10.343
8.547
6.456
6.582
9.259
8.174
6.693
7.790
8.096
5.657
8.372
7.412
9.253
10.575
7.692
9.091
9.737
5.627
10.382
8.914
7.677
8.101
7.020
9.727
8.808
9.324
7.841
7.204
11.156
8.412
9.363
8.032
9.278
10.411
8.035
9.213
7.417
8.687
8.987
11.134
8.511
5.996
7.976
8.300
10.743
8.092
7.579
5.648
9.575
8.904
7.938
9.018
8.068
6.220
7.490
9.329
8.471
8.372
8.889
9.808
8.228
8.097
9.194
8.699
7.925
7.577
6.747
8.178
6.456
7.850
7.204
9.429
8.752
7.048
9.109
9.888
5.074
8.062
8.600
7.947
7.303
8.245
7.575
7.636
8.427
8.013
8.454
6.128
9.315
7.337
6.789
9.584
10.238
7.672
9.122
7.399
8.502
10.728
10.152
8.839
3.625
7.796
7.143
8.658
8.988
8.453
4.474
7.916
9.091
7.769
9.571
10.099
9.514
8.104
5.730
5.906
8.021
7.109
5.608
10.512
9.921
10.132
10.0
9.127
9.767
8.763
6.924
8.156
8.228
6.805
8.005
8.163
7.595
8.687
8.616
7.422
6.377
8.841
8.056
6.693
8.994
9.431
8.880
7.181
8.235
8.595
8.301
9.756
9.946
7.805
8.467
8.806
9.632
8.011
7.724
6.838
7.478
6.339
6.875
6.608
7.753
3.277
6.143
6.275
5.762
5.191
3.270
3.439
6.391
6.412
3.923
3.770
5.089
4.857
5.995
6.034
5.083
4.008
3.910
5.737
7.157
6.924
4.674
6.238
5.388
3.689
5.298
5.185
3.984
4.342
5.301
6.465
6.561
4.940
5.347
5.374
3.752
5.739
2.895
4.724
6.892
7.205
3.844
3.012
3.780
5.500
4.503
2.167
5.968
3.777
3.856
4.131
4.853
5.619
6.574
4.339
4.970
5.166
3.074
5.871
4.954
5.101
3.673
4.158
6.430
4.657
4.421
4.029
5.890
5.515
4.474
5.357
4.917
5.182
7.355
5.489
4.797
3.418
4.605
6.049
6.869
3.791
2.503
4.024
4.843
6.075
5.438
5.816
4.104
6.492
4.236
4.908
6.964
5.518
4.037
5.500
6.118
5.391
5.871
4.254
5.614
5.096
3.743
5.585
5.929
3.665
4.997
3.349
4.063
5.611
3.178
5.878
6.304
5.133
5.827
5.767
6.199
3.241
4.838
4.987
5.040
5.391
4.737
3.694
4.279
5.151
4.475
4.579
3.755
5.664
3.347
4.654
6.254
5.084
4.414
4.305
2.728
5.668
8.400
9.656
4.594
3.014
4.186
3.642
5.204
5.712
3.616
3.226
3.912
6.030
4.855
4.863
6.441
6.586
4.316
3.826
3.992
4.963
3.056
4.240
7.124
5.462
5.419
4.458
5.330
5.674
5.086
4.019
4.620
4.636
5.494
5.235
3.954
5.750
6.004
6.561
4.258
3.060
3.770
3.430
4.205
4.771
7.110
5.746
4.627
6.216
6.549
5.726
5.890
6.312
4.021
5.229
6.475
6.867
6.420
5.095
3.659
4.507
4.447
5.218
4.455
5.820
4.799
7.034
7.723
6.254
5.589
2.772
3.495
7.916
5.977
4.627
8.754
7.057
6.242
5.874
7.662
6.114
4.194
4.278
7.392
7.186
6.071
5.177
7.095
6.024
4.011
4.091
6.065
4.270
4.567
7.123
7.337
5.559
6.616
6.488
5.0
4.330
5.619
4.122
5.730
7.557
7.253
5.476
4.120
5.533
5.660
5.281
4.203
5.649
4.963
3.979
6.124
7.186
6.938
6.983
5.536
6.380
5.874
3.663
7.584
5.013
4.970
4.740
5.934
8.191
5.604
5.593
3.528
7.973
6.111
6.465
5.691
4.656
6.531
7.037
7.299
6.499
6.336
7.029
7.415
7.347
4.806
2.690
5.447
6.707
6.868
5.484
5.783
5.544
7.138
3.791
5.394
6.204
4.385
4.679
4.868
6.999
10.016
9.567
6.432
5.914
4.904
4.579
5.017
6.563
4.491
5.468
4.072
4.049
7.285
3.790
6.964
6.369
4.694
5.712
5.533
4.292
3.885
5.417
5.226
5.295
5.976
6.639
5.552
6.402
7.099
4.963
6.233
4.734
5.578
4.889
4.278
7.491
5.874
6.077
3.925
4.412
6.955
7.430
6.857
4.040
4.485
4.395
5.695
5.792
7.152
4.521
3.869
6.820
7.671
7.061
6.698
7.415
7.403
5.863
4.365
5.245
5.816
4.016
6.627
8.434
7.427
7.104
5.714
7.186
7.048
6.028
5.929
6.662
8.547
6.596
7.261
6.653
8.713
8.189
8.212
6.154
6.011
5.249
4.512
5.886
8.724
10.112
7.333
6.693
8.333
5.788
6.279
8.696
7.847
6.170
7.926
8.083
8.523
7.703
4.906
5.914
5.819
5.309
5.639
6.110
7.654
