16.654
28.366
22.289
47.343
19.635
20.264
20.621
26.261
19.837
36.950
16.642
23.259
39.633
20.492
18.013
16.009
23.234
17.223
30.574
25.654
23.263
16.460
33.115
16.154
21.707
20.379
30.189
21.124
47.172
13.891
17.405
31.082
37.376
33.672
19.133
31.991
20.653
11.737
14.863
19.596
34.197
24.218
15.695
23.929
18.189
21.261
17.500
16.767
25.167
53.973
26.022
48.028
17.278
38.987
17.234
16.871
16.704
16.348
15.842
24.245
15.564
31.388
19.323
21.308
17.298
43.331
19.454
18.797
31.277
20.0
16.239
34.247
28.488
16.102
15.966
8.478
15.332
15.402
26.032
18.958
19.730
33.238
17.748
17.188
16.968
19.239
18.457
43.260
28.291
17.060
21.553
19.364
20.977
20.846
25.276
27.279
33.721
33.711
16.667
21.873
37.402
15.538
14.720
18.245
25.551
28.540
15.948
16.531
38.206
19.372
33.213
42.316
19.123
22.022
18.155
30.987
17.095
24.888
26.903
19.271
16.390
35.576
26.009
9.638
31.871
23.551
18.017
16.820
26.784
23.351
19.554
35.498
17.418
38.200
39.152
16.191
26.951
18.792
17.836
32.099
16.994
22.435
41.408
16.033
18.028
37.385
20.059
33.790
16.281
28.645
27.233
20.138
22.264
17.956
24.927
28.708
29.142
24.009
21.196
19.849
22.734
18.980
17.147
28.686
24.324
41.421
27.713
12.061
21.648
18.671
34.329
17.511
18.386
30.590
17.835
23.021
25.866
39.431
34.319
17.391
19.635
26.265
26.909
25.569
34.355
17.417
15.925
26.394
20.455
43.645
19.277
22.088
25.788
24.405
47.500
19.147
33.143
46.690
21.322
18.812
19.715
33.005
18.009
55.189
37.693
20.425
21.689
21.746
17.118
35.952
24.730
16.131
24.836
18.847
21.553
47.523
51.419
22.391
46.589
20.833
29.598
45.411
21.749
21.864
51.738
20.794
15.837
33.721
36.158
33.073
20.513
20.705
21.355
19.970
17.677
29.281
33.333
14.030
18.769
16.039
32.535
20.471
17.378
17.932
17.823
20.672
40.113
22.957
28.510
20.148
22.093
29.086
41.226
36.681
20.602
39.686
24.103
28.009
34.207
27.357
23.237
20.582
38.978
21.837
29.826
19.239
36.923
16.416
23.646
48.025
19.808
45.989
25.687
31.012
18.532
25.074
10.562
16.820
20.074
37.580
28.592
19.941
22.157
45.636
16.529
48.725
35.563
44.170
19.377
17.323
31.277
25.037
27.051
20.486
29.790
46.662
20.284
24.209
16.617
20.712
34.278
29.789
31.563
16.159
24.067
21.026
35.931
25.463
28.203
20.687
41.920
17.550
16.815
33.724
18.667
37.686
25.036
18.788
31.142
17.593
33.683
40.819
23.774
34.676
18.134
15.873
25.953
26.369
15.921
23.375
27.504
16.553
17.532
35.145
20.647
27.758
21.882
21.602
20.479
22.100
31.358
20.161
18.038
27.822
23.400
23.218
15.331
26.559
21.444
31.848
16.920
18.493
28.175
15.921
29.378
18.745
24.854
24.181
24.163
25.685
23.230
24.071
34.296
16.438
19.016
15.729
22.075
24.539
19.231
29.403
15.680
27.725
20.712
20.505
22.574
22.312
16.188
26.608
18.114
31.367
22.139
18.439
32.277
45.696
31.624
16.092
15.955
15.701
35.408
21.618
22.419
30.476
24.908
39.440
34.907
17.908
22.803
17.887
24.796
24.982
17.055
54.749
22.296
44.779
15.960
21.884
33.310
16.667
22.930
30.980
28.969
16.987
26.705
45.550
18.039
18.787
22.918
22.717
26.293
35.189
27.866
24.667
23.785
28.715
33.140
21.787
19.835
17.147
42.297
28.301
17.997
29.606
21.037
16.364
26.760
17.166
21.076
19.348
12.471
19.365
27.546
24.229
25.374
20.567
17.857
25.426
18.857
17.226
24.003
18.447
19.101
21.371
19.664
17.178
19.852
19.213
18.599
24.247
16.468
16.159
39.422
13.573
25.920
21.327
44.429
16.117
19.767
18.731
47.051
19.835
19.955
25.0
20.765
29.212
15.964
28.307
19.879
5.457
13.900
15.327
19.329
21.267
31.571
26.500
17.020
43.331
26.886
24.216
28.697
15.840
18.601
29.368
21.797
35.892
21.150
28.457
19.382
16.470
19.265
18.216
34.415
19.941
23.894
18.688
17.808
29.957
21.859
39.232
21.147
23.516
30.670
17.375
17.388
28.706
23.764
45.059
23.744
34.290
39.830
21.217
28.045
17.806
34.522
16.466
12.385
25.538
30.681
26.549
17.372
19.216
22.255
26.477
19.822
46.763
24.797
16.754
26.918
33.092
17.954
20.549
52.391
18.407
19.355
27.033
24.141
29.310
48.058
15.443
15.281
22.892
24.051
42.324
16.141
38.956
17.979
18.881
36.312
21.092
30.971
16.094
16.679
21.498
18.563
23.421
36.390
27.538
17.260
19.628
22.859
18.300
21.598
20.731
17.424
27.900
17.077
32.349
38.676
17.722
20.987
24.945
22.945
63.486
16.501
23.348
26.180
41.719
25.255
19.016
39.396
16.057
38.149
19.838
32.750
38.036
18.209
16.480
36.097
16.555
18.435
17.016
30.731
15.749
15.564
48.033
17.744
39.124
17.184
18.901
19.298
29.935
61.256
24.627
21.784
40.084
41.446
25.994
25.899
29.904
31.121
26.932
18.612
32.786
42.177
19.518
41.974
38.522
15.825
21.868
37.609
23.201
34.432
22.673
14.935
31.433
30.679
48.637
35.004
28.446
38.129
13.302
16.770
16.741
24.982
31.591
33.285
19.523
50.479
19.112
15.156
33.358
16.842
49.036
16.015
17.949
47.745
16.373
23.591
30.261
17.884
30.0
13.661
17.011
22.122
12.773
16.705
16.246
16.729
15.891
14.503
16.729
30.360
17.306
21.465
30.954
15.598
18.384
20.669
21.762
10.557
26.815
22.647
16.435
41.837
37.686
19.985
18.306
23.390
31.223
19.177
29.046
25.037
32.061
20.254
22.851
32.366
24.204
18.527
22.554
35.631
20.416
42.580
36.606
17.959
20.291
15.556
24.410
17.090
35.997
27.374
42.632
20.524
22.545
25.918
18.284
16.137
23.415
17.013
16.781
15.274
43.139
14.615
12.323
19.410
19.069
32.918
16.256
9.495
19.892
17.849
19.559
20.204
21.369
16.478
33.785
32.258
16.767
28.798
15.572
31.245
32.446
15.099
15.937
25.763
23.348
36.733
17.318
25.037
20.993
20.538
22.851
17.814
56.338
15.625
23.292
31.640
31.264
17.862
16.272
39.713
16.529
26.347
28.947
29.030
46.386
26.323
31.163
41.825
17.206
19.416
27.480
11.934
28.802
20.075
28.075
17.736
20.281
23.071
23.789
42.827
16.779
36.875
19.245
20.584
34.046
37.762
30.608
16.579
23.376
55.427
22.758
15.596
32.159
25.425
28.458
19.895
51.778
18.937
33.886
29.767
17.352
46.262
20.091
25.758
15.950
14.697
16.718
27.563
20.896
17.947
17.052
29.860
20.149
17.966
33.595
19.551
17.722
18.507
31.930
14.408
16.477
16.768
17.989
15.668
16.074
20.855
19.970
28.088
26.119
19.831
23.664
22.556
18.991
17.156
13.016
22.838
45.276
17.860
30.339
25.588
20.999
13.294
51.982
14.929
20.524
31.308
33.901
13.375
41.987
25.075
19.814
40.805
40.227
28.026
22.500
18.990
15.688
16.420
15.177
18.154
46.558
31.282
16.802
17.593
26.027
19.076
23.060
28.791
17.669
37.029
31.625
17.968
21.476
19.062
17.803
36.077
19.442
25.493
28.518
18.140
5.534
16.525
36.286
17.868
16.021
24.927
21.487
40.583
21.493
17.252
17.696
18.834
17.756
23.678
16.942
41.147
24.556
22.222
39.281
21.638
32.949
17.352
17.282
26.227
30.259
16.827
15.508
19.809
36.707
16.953
40.954
18.741
31.424
34.220
29.481
28.843
31.484
32.973
16.139
22.721
18.519
23.806
28.256
23.308
21.508
16.564
20.117
12.881
34.388
16.230
26.795
16.196
16.578
26.274
19.001
26.574
20.165
22.741
20.045
16.679
18.551
18.580
20.316
15.702
23.923
20.511
22.165
24.069
20.106
23.905
19.520
19.186
26.824
15.175
19.265
51.570
16.602
49.965
32.253
15.994
16.243
19.956
20.138
31.010
32.788
19.955
22.405
23.477
16.779
22.272
21.785
15.991
13.864
19.015
13.675
24.069
15.942
30.209
14.307
18.606
17.192
37.776
18.431
21.251
15.913
19.271
19.379
18.029
18.689
17.602
20.090
18.661
20.573
24.201
25.130
17.884
20.677
15.175
22.690
16.679
34.560
22.095
18.044
17.247
36.436
17.625
