6.844
6.317
7.508
7.210
4.753
5.013
6.163
7.119
8.333
8.094
7.299
6.201
6.415
7.667
8.032
7.744
6.601
7.307
8.019
7.919
8.395
7.105
4.316
4.161
4.251
7.019
5.677
6.553
5.626
5.227
6.183
7.080
7.066
5.714
4.345
5.046
6.582
7.760
8.151
4.680
6.671
4.392
4.990
6.093
8.110
7.898
6.680
4.829
7.378
7.263
7.532
6.061
6.568
5.658
6.720
7.507
6.309
7.483
7.109
5.533
5.722
4.781
7.806
7.553
7.375
8.454
9.541
9.577
7.244
4.876
6.526
3.660
5.796
6.988
7.283
6.271
5.808
8.742
6.149
7.195
6.383
8.728
8.027
6.458
6.522
8.014
9.191
7.565
6.858
5.175
7.371
6.839
8.154
8.655
5.013
5.745
6.271
5.054
6.555
7.405
8.451
8.171
7.708
7.692
7.763
9.040
8.266
5.458
6.040
5.140
5.758
8.471
8.322
6.563
6.514
6.238
7.205
4.469
4.922
6.077
8.193
7.919
6.861
6.371
7.968
7.257
7.445
5.242
5.799
6.175
6.774
7.292
6.263
6.564
6.120
5.037
5.394
6.899
7.713
7.801
6.985
6.199
8.357
9.663
9.272
8.505
5.622
4.790
5.511
5.691
7.785
6.994
7.613
7.427
4.290
5.980
5.510
7.533
8.422
9.061
6.500
5.890
5.783
7.650
9.282
9.340
9.364
6.167
7.380
6.452
6.887
6.428
6.032
5.902
6.283
5.003
6.658
7.942
7.708
8.008
7.095
7.831
6.267
7.172
7.448
11.055
10.919
8.321
6.510
6.649
4.357
4.704
5.846
5.831
6.426
5.358
8.134
7.957
6.212
3.882
6.680
7.915
8.368
9.904
9.269
11.092
11.031
9.690
9.022
8.794
9.489
8.054
6.532
7.902
9.072
10.246
7.992
7.788
8.456
8.048
9.854
10.047
7.872
11.318
12.396
10.805
8.667
5.566
8.945
7.877
8.816
9.456
9.091
8.162
6.546
5.848
6.707
8.579
9.648
9.253
5.859
8.054
9.024
11.250
7.637
9.476
7.825
7.335
6.675
7.075
7.448
8.512
6.945
6.122
7.191
6.878
7.612
8.541
8.148
8.465
9.0
10.580
8.949
9.222
9.016
8.232
8.112
8.104
8.367
7.824
5.743
5.627
4.527
8.589
8.872
9.610
7.784
6.288
9.274
8.565
8.147
8.333
9.818
8.130
8.305
6.735
7.830
8.663
8.088
7.005
5.058
6.694
8.226
9.159
9.307
6.217
7.666
6.823
9.228
8.029
7.947
8.828
7.900
8.866
8.165
7.854
8.198
8.734
6.850
6.007
6.667
9.151
9.060
7.598
7.163
6.915
6.821
8.824
10.315
10.143
7.779
8.890
9.839
8.248
8.733
8.021
7.987
8.555
8.092
7.909
8.499
9.253
9.918
7.216
8.117
7.986
8.559
6.735
7.981
8.890
9.031
8.518
8.059
9.723
9.079
9.476
7.744
7.986
6.159
8.037
7.743
9.436
7.728
8.777
9.185
9.462
9.738
8.363
9.176
8.948
9.673
7.842
7.719
7.172
8.895
8.638
9.356
7.733
7.728
8.575
7.697
8.040
8.546
9.821
7.799
9.640
8.723
7.930
8.054
9.758
8.810
7.992
9.421
8.300
8.128
8.063
7.065
6.920
8.401
8.456
8.266
7.463
8.045
10.387
7.242
8.746
10.122
9.323
10.405
8.634
6.034
8.462
8.401
8.176
8.728
7.405
5.371
7.768
8.400
9.861
10.509
9.690
8.339
8.363
8.104
9.103
9.091
8.074
8.083
7.976
8.801
9.246
9.049
8.454
7.009
5.311
7.632
9.055
5.020
9.693
8.861
7.926
8.625
9.408
8.678
8.153
5.800
9.035
8.158
6.859
7.143
5.046
6.187
5.619
5.481
6.284
9.030
8.631
7.219
6.721
7.859
9.019
7.641
7.771
6.859
7.593
7.390
9.127
7.385
7.698
8.008
6.750
6.452
6.026
8.316
7.904
8.159
6.897
7.553
7.826
7.738
5.574
9.172
8.607
8.628
6.966
8.077
8.394
4.200
8.401
5.327
6.532
7.687
8.545
8.110
6.844
6.181
6.474
8.356
8.311
8.198
6.614
8.441
7.798
7.547
8.728
5.874
7.933
6.702
5.185
7.593
7.592
8.152
6.726
8.620
6.873
5.827
7.851
8.957
6.766
8.839
7.570
7.758
9.231
7.450
6.528
6.759
8.657
6.342
5.256
7.138
7.949
9.745
8.300
8.056
7.546
6.631
6.452
8.907
7.682
7.277
7.064
7.306
8.143
6.372
6.602
6.333
7.842
6.055
8.554
8.288
9.017
8.519
7.848
7.656
8.227
7.051
7.032
8.278
7.407
7.103
6.970
7.568
7.148
7.284
6.887
4.929
5.622
6.528
9.301
9.434
8.645
7.437
6.318
6.829
7.868
5.862
6.721
6.267
6.842
7.206
8.420
8.708
7.370
7.852
5.104
5.619
6.143
7.080
8.980
9.437
8.729
8.850
7.682
7.252
7.259
5.990
5.118
4.965
6.593
7.342
6.517
7.324
6.943
8.835
6.250
6.985
6.372
7.598
8.440
7.211
5.169
6.812
6.792
8.667
8.980
6.621
5.448
4.699
6.014
8.126
7.594
7.881
5.918
6.707
6.720
7.559
7.841
6.129
7.263
5.890
8.045
7.047
7.228
6.109
4.749
3.471
5.913
7.769
4.790
6.827
7.388
7.050
8.074
8.361
7.729
6.990
8.189
5.787
7.754
7.703
5.208
6.596
6.754
5.649
4.852
6.473
8.123
6.994
6.441
6.101
6.702
8.546
9.329
9.228
8.125
6.773
7.061
8.339
7.672
8.333
6.221
4.970
4.686
6.154
8.455
8.362
7.682
7.881
8.077
7.417
8.509
7.775
5.413
6.097
7.651
7.609
7.513
7.200
6.931
7.518
6.358
6.680
8.088
9.176
7.339
7.049
6.645
8.239
6.784
7.435
8.369
7.410
7.973
9.048
8.877
7.944
5.504
5.548
6.267
5.335
7.124
8.345
9.966
7.025
8.273
7.590
7.522
8.506
6.959
7.061
6.032
6.526
8.808
7.327
6.763
7.646
6.712
6.375
5.596
5.288
6.955
7.148
7.824
8.350
7.867
6.949
8.261
7.682
7.842
6.284
7.859
8.267
8.496
7.195
7.201
6.671
6.596
6.680
4.385
9.565
8.509
7.677
7.356
7.350
8.644
8.099
6.460
7.797
5.760
5.541
7.520
7.452
8.110
6.805
7.230
5.973
5.050
5.026
7.148
7.412
9.011
7.989
7.095
6.926
7.495
7.677
7.909
7.916
8.093
7.493
6.997
7.307
6.850
6.543
6.375
5.337
5.548
7.209
6.764
8.063
8.912
8.344
8.075
8.112
7.333
6.288
6.427
6.750
7.551
7.947
6.680
6.980
6.040
6.931
6.613
7.434
6.406
7.243
9.524
9.012
7.181
6.763
7.625
5.699
5.150
7.459
7.707
3.809
5.453
5.746
6.645
8.444
8.477
6.221
4.886
4.987
7.545
6.195
4.422
4.957
5.130
5.663
6.777
7.162
5.497
4.262
3.628
4.809
5.956
5.366
5.680
4.891
5.707
5.641
7.474
6.267
5.157
4.840
4.664
5.898
6.337
7.277
4.479
6.653
4.296
4.881
5.423
6.935
6.596
5.991
5.098
6.051
7.738
7.764
6.510
5.245
6.151
5.674
7.568
6.242
5.984
6.158
4.515
4.705
5.145
6.653
7.733
7.320
5.582
6.075
6.271
5.116
4.250
3.869
2.772
4.307
6.724
6.135
5.946
4.011
5.600
5.452
6.246
5.593
7.148
6.484
5.192
3.733
4.970
6.506
6.471
6.809
4.313
4.803
5.604
6.576
6.166
6.777
5.394
4.713
4.596
5.828
5.655
6.204
6.560
6.555
6.011
5.890
6.966
7.641
4.724
3.709
3.239
5.106
6.832
6.289
6.102
5.309
5.159
5.886
4.310
4.967
6.799
7.210
6.671
6.250
6.486
5.918
8.067
6.334
5.952
5.420
5.462
5.600
5.660
5.210
5.013
4.295
4.932
5.479
5.450
6.449
6.919
6.680
5.910
6.805
8.623
7.518
5.937
3.960
3.905
2.480
4.718
7.907
5.811
5.321
5.886
3.950
4.250
5.158
6.785
7.214
7.233
5.615
5.463
4.740
6.680
6.751
6.582
5.003
6.597
5.980
6.069
6.384
6.418
7.607
4.660
4.816
7.091
5.709
7.636
7.495
6.986
6.359
7.662
5.312
7.555
5.952
5.434
5.013
5.140
6.684
6.636
4.731
5.291
6.653
4.862
5.781
6.618
7.275
7.234
7.080
4.310
6.201
