6.962
6.173
7.123
6.540
6.986
7.940
8.281
5.003
5.978
6.589
5.866
5.722
6.195
6.502
5.842
4.817
5.088
4.713
3.927
2.990
4.203
2.101
3.774
3.997
4.413
3.294
4.184
5.062
5.494
6.148
6.198
5.389
6.164
6.293
5.267
6.644
5.866
6.370
5.495
5.328
6.787
5.062
5.781
6.625
6.318
6.648
6.190
6.798
6.474
4.878
3.464
4.509
3.393
2.595
2.579
3.838
2.835
3.320
5.017
5.689
5.999
6.824
3.540
5.464
6.456
5.559
5.749
5.491
4.602
5.605
5.525
4.580
4.983
5.281
4.821
4.249
6.332
5.556
6.061
5.983
5.411
5.911
6.574
5.381
5.003
3.916
4.310
4.462
4.136
3.331
2.330
4.899
5.034
7.133
6.436
5.975
6.224
6.639
6.586
5.701
6.847
6.377
6.812
5.156
5.299
6.528
6.237
6.366
5.988
5.518
6.885
5.409
6.713
5.121
5.170
2.545
5.007
2.200
3.309
4.648
3.275
2.874
3.859
3.291
2.824
3.590
4.062
3.751
4.959
5.181
5.556
4.312
5.806
5.685
5.757
5.911
6.570
5.974
5.452
6.167
6.204
6.164
6.272
4.843
5.433
5.332
6.621
6.988
6.535
4.316
4.668
3.935
4.315
4.384
3.235
2.525
2.798
4.055
5.081
4.093
4.147
4.804
4.517
4.876
4.736
5.270
6.094
5.350
4.096
5.135
5.428
5.079
6.075
5.362
5.062
5.413
6.525
6.298
5.668
6.237
5.586
6.259
6.110
3.460
4.508
4.520
4.730
4.150
4.508
4.549
4.638
4.956
4.691
3.613
3.654
3.795
3.471
5.381
5.664
6.194
6.029
2.123
3.026
2.452
2.256
2.116
2.714
3.423
2.304
1.921
2.389
2.933
2.978
2.087
2.389
2.372
3.209
1.792
2.312
1.166
1.767
1.430
1.107
1.492
1.579
2.976
1.311
2.303
2.338
3.282
2.996
2.690
1.965
3.471
3.405
2.437
3.106
2.722
2.505
2.728
2.312
2.586
3.016
3.349
2.978
3.073
3.329
3.828
2.780
2.926
2.420
1.960
1.773
1.371
1.167
1.953
2.295
1.437
2.096
2.025
2.769
3.267
2.434
2.096
3.009
2.848
2.850
2.188
2.833
3.0
3.063
2.030
3.351
2.801
2.730
2.394
2.439
2.758
2.319
2.726
2.633
2.653
3.391
2.838
2.507
2.635
1.773
2.206
1.975
1.629
1.034
1.366
1.904
2.163
3.644
2.914
3.189
2.809
2.267
2.318
2.804
3.543
2.920
2.303
2.442
2.545
3.476
2.933
2.503
2.651
2.882
3.284
2.800
3.401
2.067
2.370
1.910
1.316
1.310
1.913
1.987
1.765
1.558
1.818
2.370
1.581
1.658
1.652
2.244
2.392
2.376
1.849
2.383
3.278
2.375
2.656
3.336
3.239
2.658
2.053
2.397
3.073
3.859
2.235
2.372
2.395
2.559
2.628
2.303
2.261
2.255
2.625
1.250
1.909
2.175
1.435
1.508
1.697
2.237
2.626
3.113
1.514
1.752
2.728
2.619
2.665
2.610
3.148
2.576
2.528
2.699
2.423
2.319
2.844
2.520
2.175
3.008
2.635
2.670
2.227
1.915
2.658
2.724
1.646
1.888
1.698
2.525
2.789
1.900
2.027
2.042
2.778
1.834
1.715
1.494
1.836
2.445
1.957
2.584
3.061
2.522
2.677
1.867
2.136
2.472
1.577
2.610
2.644
2.463
1.397
2.545
2.175
2.138
2.583
2.171
1.976
2.037
2.335
2.052
1.183
0.973
1.046
0.970
1.167
1.505
1.899
2.613
0.979
2.310
2.265
2.457
3.135
2.353
1.653
2.250
1.849
2.530
2.525
2.352
2.429
2.292
2.329
1.706
2.340
2.122
1.856
2.533
1.870
2.363
2.642
2.086
1.781
1.568
1.296
1.164
0.712
0.977
1.501
1.298
1.120
2.449
1.912
2.319
2.185
1.430
1.837
2.261
2.930
2.108
2.274
1.824
2.696
2.600
3.009
1.836
2.335
2.167
2.175
1.944
2.065
2.449
2.710
2.537
1.988
2.717
2.246
2.137
1.362
2.146
1.888
1.492
1.227
1.228
1.489
2.033
2.136
2.598
2.121
2.338
2.653
2.478
2.086
2.329
2.728
2.101
2.007
2.268
2.924
2.660
2.547
2.365
3.010
2.405
2.533
2.612
1.700
1.703
1.512
1.316
1.434
1.387
1.894
1.513
1.823
1.429
2.224
1.373
2.026
1.575
1.856
2.111
2.003
2.798
2.177
2.927
1.793
3.091
2.914
2.806
2.623
2.381
3.059
2.850
3.121
2.191
1.923
2.240
2.774
2.588
2.379
1.265
1.653
1.773
1.568
1.824
1.908
1.422
1.495
1.239
1.520
1.817
2.312
1.914
1.624
2.187
2.319
2.515
2.752
2.532
2.143
2.581
2.513
2.402
2.135
3.282
1.704
2.544
2.933
2.321
2.101
2.458
1.786
2.359
3.048
2.073
1.507
1.296
2.050
2.171
1.970
1.910
2.136
2.517
1.903
1.581
1.437
1.435
1.884
1.505
2.011
2.398
2.600
2.579
11.641
11.816
11.064
11.557
11.881
12.692
11.411
11.781
12.667
11.682
12.003
11.873
12.242
11.560
11.587
11.469
10.537
9.805
6.925
8.150
7.994
7.327
9.379
11.142
9.944
6.557
10.643
11.273
12.885
12.509
11.600
12.679
13.519
10.178
12.411
11.961
12.666
12.199
12.102
12.159
11.119
11.362
13.145
12.599
11.794
11.368
12.170
11.773
11.928
9.875
8.275
8.112
8.042
3.441
8.110
7.208
7.574
9.682
11.822
11.836
12.262
11.211
8.822
11.799
12.286
12.082
12.878
12.624
11.174
10.936
10.953
11.506
12.102
11.648
11.663
11.915
12.509
11.940
12.171
12.059
12.474
11.860
12.518
11.557
10.427
8.881
9.965
9.142
7.884
5.989
8.503
8.653
10.313
12.754
12.483
12.779
12.159
12.085
12.439
11.703
12.161
11.525
11.457
11.873
12.754
12.254
12.246
12.166
11.290
12.014
12.255
12.098
11.727
11.264
9.737
8.409
8.611
8.856
9.454
9.958
7.891
8.527
8.530
8.478
10.267
10.749
10.456
10.640
11.744
11.641
12.096
11.656
12.597
12.509
12.922
12.755
12.748
11.997
12.570
12.242
12.393
11.445
12.037
12.608
12.615
12.355
12.259
12.616
11.175
11.274
11.719
10.360
11.230
11.429
7.644
8.169
9.581
11.408
10.799
11.431
10.105
10.946
12.273
12.657
12.942
12.036
10.643
12.185
11.848
12.197
11.752
12.994
12.420
11.189
11.812
13.189
10.914
12.491
12.704
11.992
12.106
12.110
9.924
9.951
9.245
10.692
10.702
11.239
10.271
11.590
10.805
10.667
10.211
10.114
10.258
10.021
10.156
11.639
12.968
12.032
12.935
10.181
10.345
10.853
10.446
9.458
8.811
10.632
9.488
9.364
9.294
8.945
9.003
8.385
9.129
8.088
7.692
8.093
7.114
5.749
4.363
4.759
3.962
4.860
7.143
8.490
7.177
7.956
10.395
11.0
10.545
10.234
9.639
8.844
10.244
6.950
10.373
9.979
9.395
10.028
9.553
10.747
10.732
9.783
10.817
10.381
10.055
9.458
10.256
9.392
7.793
5.855
5.048
4.896
4.539
2.976
5.327
4.021
4.980
7.898
8.008
9.487
9.707
6.590
9.065
8.559
9.271
8.657
10.139
8.408
8.208
9.763
9.491
10.111
10.591
9.847
6.977
9.602
8.959
8.828
9.203
9.958
10.133
9.530
9.478
9.765
6.869
5.398
7.857
4.853
4.893
4.383
5.154
5.231
8.230
8.740
9.471
8.176
9.677
9.494
11.111
9.443
10.848
9.809
9.212
8.483
9.820
10.230
10.256
9.524
9.540
10.457
10.669
11.257
9.580
9.554
5.631
10.104
5.743
7.094
8.071
7.997
6.731
4.441
5.935
5.480
6.336
6.723
5.813
8.403
9.362
8.502
8.410
8.059
9.401
8.945
9.298
9.965
8.883
9.488
10.782
10.198
10.596
9.831
9.046
10.519
8.966
8.264
10.048
9.007
8.392
7.415
6.311
6.990
7.109
6.100
4.035
4.019
7.004
7.598
8.008
8.834
6.169
9.222
9.876
10.606
12.656
11.335
10.980
11.027
9.839
11.040
10.500
9.323
10.321
8.972
10.480
9.085
9.911
8.848
8.414
8.729
8.520
8.063
5.734
7.344
6.096
7.018
7.803
7.039
8.699
7.182
6.603
6.403
6.929
5.585
5.559
6.562
8.339
10.463
11.049
10.078
