6.220
5.041
4.752
4.514
4.247
4.959
4.808
6.137
6.224
6.791
6.164
7.083
4.831
5.044
5.590
6.280
5.148
4.948
4.643
4.866
5.420
4.545
4.530
3.754
5.582
5.339
5.383
4.487
4.630
5.184
4.595
4.620
4.475
4.602
4.212
4.372
4.942
5.184
5.601
4.654
5.842
4.496
4.835
5.773
4.215
5.238
5.402
4.263
4.198
5.483
4.469
6.081
4.094
5.148
4.555
4.598
5.288
5.360
4.833
4.716
5.689
5.209
4.898
5.422
4.908
4.592
5.506
4.990
4.036
4.330
4.427
4.186
4.545
5.153
5.125
4.723
4.784
3.797
4.225
4.378
4.673
4.307
4.948
5.391
5.095
4.252
6.990
5.443
5.342
5.031
4.762
5.238
4.861
4.831
5.365
4.555
5.051
5.899
4.742
5.125
4.938
5.202
4.577
5.208
4.823
4.986
5.691
5.141
5.381
4.624
5.472
4.589
4.772
4.648
5.464
5.167
5.605
4.837
5.380
5.681
4.733
5.533
5.437
4.739
5.203
5.245
5.165
4.261
4.321
5.023
5.087
3.904
4.052
5.078
5.010
4.063
4.570
4.772
5.495
3.638
3.891
4.164
3.984
4.061
4.726
4.827
4.372
3.846
4.321
3.817
5.003
4.027
5.165
3.959
5.378
4.632
5.093
6.159
5.155
7.128
6.798
6.428
4.827
4.161
5.051
4.124
4.423
5.028
5.586
4.099
4.277
4.474
5.028
4.527
3.605
3.547
3.946
4.752
3.749
3.736
4.090
3.701
4.795
4.086
4.493
4.828
4.232
5.213
4.399
4.567
4.204
5.082
4.929
4.837
4.359
4.187
5.597
4.484
3.371
5.024
4.736
4.576
4.438
4.407
5.653
4.689
3.930
5.544
5.363
4.730
4.040
4.700
3.584
5.627
4.389
3.924
5.044
5.773
3.741
4.555
4.099
5.196
4.875
3.612
4.488
4.521
5.163
5.214
4.049
3.407
3.315
5.616
3.623
4.217
3.684
4.383
3.533
5.533
4.104
4.427
5.299
3.965
3.631
4.791
5.341
4.684
4.502
3.844
4.530
4.283
3.823
3.694
4.827
4.891
3.758
4.005
3.385
4.027
4.788
4.005
3.586
3.992
5.431
4.816
3.859
5.327
3.810
5.238
4.410
4.573
3.862
5.616
3.256
4.545
4.494
4.078
6.586
4.434
2.488
4.324
4.956
3.362
4.068
3.706
4.133
5.886
4.060
4.342
4.953
5.533
4.108
4.595
4.105
4.392
5.774
4.682
4.488
5.116
4.215
3.398
4.435
3.731
4.470
4.515
4.512
4.313
3.981
6.040
4.895
3.591
4.260
4.422
4.518
3.841
4.646
4.138
4.952
5.058
4.662
3.932
4.723
4.521
4.450
5.099
4.172
5.634
4.133
5.313
2.686
4.545
4.990
4.784
3.619
4.391
4.934
4.852
4.642
5.374
4.383
5.923
3.804
3.469
3.427
4.524
3.313
4.257
4.456
5.093
5.422
4.260
3.984
4.759
4.093
3.872
3.721
4.307
4.133
4.814
4.111
3.799
4.990
4.987
3.738
4.365
3.995
3.867
4.425
4.357
3.474
4.716
5.324
3.467
4.360
3.914
3.943
4.119
3.178
2.743
3.794
4.677
3.651
3.686
3.686
3.833
4.330
4.038
4.167
5.081
5.767
4.218
4.342
4.588
4.521
5.313
4.852
3.383
4.733
5.979
4.248
3.0
4.272
4.695
3.304
4.276
4.075
3.469
3.741
3.791
3.909
4.527
3.488
3.408
3.804
4.167
4.610
3.731
4.144
4.360
4.038
3.226
3.623
3.422
4.749
3.351
3.411
3.736
3.696
4.381
4.387
3.078
3.434
4.499
3.474
3.691
3.521
3.957
2.925
4.711
3.342
4.263
4.264
4.598
3.085
3.668
4.608
4.096
3.666
3.385
3.699
3.924
3.360
3.263
4.330
3.981
2.997
3.777
3.243
3.870
4.922
3.694
3.297
3.893
3.906
3.552
3.535
3.784
3.457
4.870
3.932
4.133
3.820
3.484
3.165
3.820
5.145
4.886
4.357
4.717
3.704
3.854
3.079
2.632
3.057
3.046
4.484
3.689
4.313
3.959
3.545
4.567
4.493
3.554
3.593
3.854
4.431
3.603
4.324
4.545
4.203
3.439
3.831
4.330
3.282
3.924
3.221
3.862
3.428
4.434
4.670
4.169
4.300
3.178
4.710
3.709
4.209
3.545
3.804
4.008
4.567
4.130
3.365
4.286
4.518
3.554
4.704
4.642
3.940
4.842
3.701
3.754
4.108
3.079
3.420
4.147
3.525
4.142
4.105
4.008
4.198
4.110
4.178
2.929
3.165
4.662
4.158
3.182
3.430
4.184
4.843
3.691
3.948
4.152
4.260
4.444
4.601
3.753
3.797
4.300
4.0
3.906
4.456
4.398
4.567
3.552
4.024
3.997
4.345
3.408
4.552
3.826
5.369
4.260
3.612
4.354
3.809
3.451
3.571
3.217
4.083
4.324
3.555
3.968
3.499
3.072
3.067
2.759
4.142
4.456
4.476
3.901
4.458
3.924
4.321
4.315
2.789
3.898
4.287
4.098
5.051
3.408
2.313
3.596
4.135
9.613
9.680
10.585
11.297
9.104
10.167
9.910
10.707
10.111
9.986
10.412
10.379
9.700
9.707
10.408
10.625
10.556
9.736
10.396
8.844
9.908
10.330
10.899
10.545
9.816
10.566
11.781
10.335
10.421
9.154
10.241
11.212
11.900
10.430
11.166
8.780
9.958
10.538
10.732
10.323
10.421
10.162
9.773
11.700
10.644
10.328
10.891
10.311
10.155
9.231
9.853
10.986
10.794
11.511
11.487
11.127
11.975
11.935
11.823
11.189
11.797
10.303
10.0
9.267
10.314
9.072
11.978
10.057
9.557
9.410
9.965
7.768
9.630
9.717
9.618
10.131
11.289
9.468
9.078
8.795
7.639
8.585
10.230
10.028
10.582
10.306
11.554
10.172
10.668
11.234
10.613
9.834
9.615
10.097
9.966
10.678
11.969
11.657
11.592
12.370
11.873
11.864
10.619
11.243
10.482
10.204
11.947
10.714
8.970
9.460
10.604
10.526
10.650
9.561
10.014
10.868
10.908
9.722
10.456
9.384
9.371
9.734
11.142
9.561
9.993
9.972
11.969
10.449
11.002
11.384
11.574
11.368
11.205
11.484
11.407
9.830
11.317
9.358
10.526
10.684
8.575
8.907
10.112
8.521
10.347
10.078
11.789
10.049
10.237
9.800
9.318
9.490
9.813
9.607
10.303
9.754
10.601
10.350
9.965
10.112
10.853
10.014
10.423
11.345
10.458
11.245
11.895
11.427
11.056
10.947
9.160
10.742
10.055
10.969
10.732
10.702
10.763
9.413
9.091
8.042
8.844
8.971
9.451
7.423
9.219
8.339
11.362
10.832
8.681
10.083
9.993
10.628
11.103
9.917
10.035
8.873
11.280
10.166
5.929
9.557
8.621
16.129
13.975
13.395
13.764
16.502
13.485
13.965
13.333
14.135
12.830
13.128
14.745
12.640
13.532
13.273
13.421
12.841
13.761
13.464
13.675
13.193
11.337
14.346
13.529
12.928
13.531
13.056
12.456
11.732
12.270
12.509
15.049
11.210
12.491
11.797
13.736
11.660
12.684
14.023
16.667
13.684
12.536
14.124
13.145
13.427
13.906
15.582
12.822
13.604
13.269
13.046
15.502
12.361
11.978
13.065
13.540
12.799
13.056
12.360
12.412
12.876
13.761
14.377
13.993
12.665
13.019
12.367
13.904
13.080
14.225
13.255
14.096
13.875
13.755
14.982
15.190
12.738
13.366
12.647
13.089
13.173
14.296
13.234
12.560
12.709
12.299
13.239
12.860
14.043
12.622
13.071
12.465
13.627
14.386
18.309
12.356
11.498
12.571
11.798
12.056
11.789
12.185
11.471
12.544
14.054
13.056
14.996
14.286
13.494
12.291
13.259
13.579
11.752
15.275
13.014
12.713
12.863
12.919
14.335
13.040
13.741
13.617
13.738
12.630
12.656
14.413
12.077
12.690
12.424
11.981
11.997
13.310
12.940
13.639
13.630
12.990
14.047
12.944
13.449
13.413
12.962
14.538
14.276
11.488
13.212
14.064
13.736
13.277
14.296
13.160
15.433
13.286
13.016
13.926
13.226
13.395
12.570
14.246
13.352
13.671
13.967
12.188
12.509
12.801
14.570
12.518
12.182
11.509
12.779
16.691
12.457
14.898
12.579
13.589
13.071
12.570
12.431
13.621
14.104
13.889
13.404
13.437
15.379
12.667
13.056
12.840
13.702
13.007
12.810
12.483
13.329
12.799
12.138
13.404
12.380
13.184
18.175
13.232
8.128
13.671
14.685
