10.282
12.582
11.426
10.308
11.093
11.220
11.313
11.701
10.574
10.479
11.687
10.975
10.491
11.403
10.114
3.985
10.561
11.296
11.784
11.158
9.768
11.203
8.777
7.512
10.929
11.175
11.851
11.804
10.267
11.229
11.248
11.507
10.505
10.947
11.074
11.203
11.084
11.111
11.338
10.811
11.184
11.497
11.258
10.552
11.379
11.862
10.539
10.345
11.332
11.269
10.747
7.829
10.732
9.975
9.234
7.250
11.047
10.811
10.957
11.259
10.762
9.835
11.174
10.609
11.020
10.968
11.333
10.915
11.964
8.547
6.745
11.424
6.081
11.794
11.294
10.902
9.843
13.047
12.459
12.069
11.647
11.240
11.707
12.045
11.721
12.225
11.210
11.211
11.983
11.422
11.808
11.212
11.239
11.424
10.920
11.157
11.412
11.438
11.921
11.702
6.036
10.864
10.862
11.447
10.855
10.339
10.826
10.982
10.223
11.297
11.770
10.947
11.808
11.203
10.621
11.066
11.915
10.410
10.163
12.448
11.454
11.055
11.560
10.391
11.286
11.065
10.973
11.167
11.102
11.598
10.806
10.471
10.238
10.483
11.726
10.833
10.025
11.313
11.166
11.520
10.939
10.066
10.297
12.562
10.744
11.268
10.483
11.111
10.833
7.050
11.148
10.175
10.396
11.293
11.226
10.445
11.084
10.714
11.826
11.669
12.582
11.514
12.350
10.994
12.003
12.163
12.230
12.207
11.020
11.248
10.833
6.033
11.454
12.245
11.868
11.523
11.779
11.774
11.726
13.525
9.917
10.531
11.774
12.203
11.687
11.944
10.804
11.057
11.273
12.663
10.896
11.396
11.290
11.607
12.490
12.104
11.102
11.290
11.765
11.002
11.678
10.134
10.317
9.536
10.202
10.356
8.326
8.175
7.471
7.818
8.418
8.264
8.106
8.486
8.747
4.959
8.381
6.992
8.113
9.190
6.917
8.187
8.863
4.436
8.144
7.939
8.645
9.262
8.017
7.769
9.310
8.190
8.993
7.957
8.292
9.099
7.454
9.773
10.201
8.264
9.326
8.969
8.465
9.611
9.302
8.955
9.645
10.287
8.831
8.887
10.0
6.151
7.925
9.567
8.876
4.930
8.902
10.090
10.333
9.883
8.911
9.302
9.968
9.675
9.776
10.548
10.983
11.074
9.874
9.528
6.079
9.966
5.896
11.333
10.862
10.108
7.756
10.569
10.640
10.248
9.314
9.256
9.532
10.187
10.051
10.271
10.391
10.465
10.708
9.736
9.628
10.288
9.567
10.267
8.867
10.458
10.610
9.975
10.771
10.911
8.013
5.721
9.488
9.827
8.430
9.691
10.483
10.084
10.303
8.491
9.378
10.973
10.705
9.204
10.818
10.201
10.058
10.049
10.909
10.311
10.879
9.265
10.382
10.664
9.723
9.809
9.866
10.226
9.933
10.417
10.948
10.058
10.083
10.726
10.491
10.487
11.139
10.535
10.248
10.906
11.202
10.505
10.316
9.760
10.290
10.809
10.714
10.0
10.277
5.649
9.976
10.535
9.710
9.449
10.116
9.190
10.723
10.496
9.575
11.561
9.784
10.025
9.543
9.925
10.644
10.844
10.175
10.822
10.290
9.860
10.430
5.023
9.704
10.773
11.120
10.470
11.057
10.396
9.908
10.302
9.016
9.859
10.539
10.535
10.495
10.479
9.646
8.418
9.801
10.676
9.520
9.950
9.890
10.0
9.742
10.067
10.753
10.033
10.336
9.631
10.356
9.449
9.866
9.926
10.743
10.025
9.302
8.902
10.833
10.149
8.874
9.298
11.203
10.461
11.036
9.152
4.224
8.236
9.579
10.417
9.619
9.341
8.312
9.476
3.100
8.117
8.863
8.523
7.772
7.383
7.538
8.423
7.401
6.894
7.544
9.958
8.634
9.688
7.407
8.376
8.868
10.034
8.226
8.396
9.351
7.966
9.053
9.516
8.836
8.791
9.738
8.999
6.116
7.573
10.199
9.106
5.314
10.058
8.725
9.983
9.312
9.528
10.224
8.074
8.968
9.453
9.884
9.783
8.809
9.421
9.781
4.552
9.685
5.624
9.129
9.555
10.862
10.235
9.461
9.625
9.393
11.058
9.544
9.911
10.940
10.491
11.038
9.259
10.430
10.353
9.500
10.049
9.595
10.224
10.682
9.653
9.837
10.762
8.948
10.140
10.082
8.548
5.502
9.612
10.008
10.185
9.172
9.445
10.496
9.727
10.269
10.873
9.488
9.008
10.749
9.728
11.148
10.899
10.676
9.925
10.683
9.372
8.986
9.762
10.041
9.603
10.325
10.936
10.526
10.474
10.413
10.156
9.776
9.378
9.736
10.229
10.461
9.824
9.778
9.967
10.509
9.493
10.033
10.348
10.873
10.505
10.0
10.777
10.917
9.643
5.188
8.980
11.102
10.656
9.680
9.279
10.236
7.993
7.718
9.098
9.742
10.206
9.975
9.778
9.752
10.025
10.401
10.615
9.752
10.362
9.114
11.175
5.818
9.740
11.343
9.966
10.600
10.356
11.111
11.195
10.720
7.846
10.544
10.956
10.415
9.818
10.418
9.675
7.917
8.248
8.050
8.622
8.162
8.581
8.244
8.441
8.946
8.692
8.751
8.615
8.744
8.482
8.249
10.889
9.504
10.853
10.334
8.789
9.916
9.046
10.303
9.563
10.894
10.299
10.700
10.797
11.494
4.069
9.235
10.025
10.753
10.391
10.157
10.570
9.908
5.267
11.238
11.507
11.838
10.574
11.554
9.651
12.026
11.663
10.753
9.802
11.605
11.249
11.167
11.204
10.522
12.406
10.108
11.111
10.058
10.694
10.993
10.305
10.857
12.252
11.265
11.321
11.011
5.180
10.882
9.640
9.539
4.569
9.821
8.530
9.984
9.724
9.010
9.672
7.723
9.770
8.892
9.113
8.347
9.172
8.400
7.643
3.948
8.447
5.136
8.486
8.178
9.273
9.362
9.780
9.083
9.614
9.656
9.165
10.040
8.927
8.763
9.341
10.394
9.357
10.216
9.840
9.426
9.299
9.670
8.842
8.045
8.469
9.091
10.356
8.936
9.879
7.327
7.587
9.562
9.440
8.600
9.416
9.249
9.603
9.813
8.756
10.156
10.331
9.265
9.278
10.556
9.486
9.489
10.743
10.402
8.918
10.056
10.115
9.843
9.934
10.767
10.246
11.358
10.617
10.339
10.059
10.218
10.691
9.360
10.826
9.603
9.701
10.983
10.496
10.157
10.813
10.566
9.704
11.083
10.452
9.768
10.622
11.588
10.151
10.773
6.192
9.867
10.826
10.985
10.806
10.846
10.276
11.293
11.319
9.472
9.891
9.638
9.699
9.631
9.310
10.491
11.065
9.992
10.108
9.551
10.353
9.748
5.530
10.182
10.833
9.718
8.197
10.526
9.867
10.058
10.513
9.812
9.437
10.236
8.938
10.470
10.917
10.348
9.828
10.140
9.488
9.516
10.815
10.206
9.806
10.175
9.992
9.796
9.732
9.157
9.774
9.863
9.801
10.454
10.985
10.617
11.443
10.033
11.084
10.642
10.0
10.138
11.504
12.161
11.245
10.841
11.264
3.846
11.687
10.782
11.645
11.221
10.492
11.964
9.383
6.203
12.227
11.373
11.560
12.338
10.232
10.196
11.271
11.275
11.003
11.201
10.915
12.430
10.612
10.878
11.943
11.040
10.746
10.928
11.502
10.961
10.442
10.987
10.552
10.295
10.353
11.049
10.431
5.935
11.272
10.970
9.211
6.484
10.427
10.543
10.763
10.800
10.505
6.948
8.198
8.483
8.639
8.948
8.802
9.683
7.377
7.590
5.153
8.746
4.518
8.408
9.310
7.768
7.987
9.174
8.624
8.747
8.778
8.714
8.428
8.450
8.618
8.882
8.070
9.068
9.316
8.480
8.423
9.504
8.861
8.622
8.056
9.250
9.536
9.224
8.486
8.215
6.047
7.550
9.031
8.143
9.603
8.923
9.627
8.258
9.229
8.735
9.326
9.942
9.843
8.970
8.896
8.923
10.008
9.403
9.198
8.667
9.583
9.076
9.927
10.0
9.917
9.500
9.344
10.783
10.439
9.574
11.247
10.889
10.231
10.339
10.008
10.443
10.539
11.770
10.505
10.909
11.692
10.445
9.357
11.871
11.012
11.129
10.579
11.554
11.047
5.556
9.967
10.526
10.947
10.822
10.826
11.020
10.164
10.256
10.822
10.763
10.744
10.764
10.552
10.967
11.532
11.157
11.422
10.929
9.812
10.852
10.761
6.605
10.595
10.835
10.936
10.857
10.367
10.945
10.889
10.926
10.147
10.243
12.136
11.884
10.353
11.765
11.740
9.426
11.373
11.148
11.102
11.926
11.462
11.414
10.875
10.815
10.831
11.417
12.076
11.214
11.339
11.120
