13.607
14.607
7.903
13.647
13.546
13.306
14.654
14.558
14.996
12.847
13.110
12.510
13.466
15.689
13.236
10.492
13.065
13.489
13.376
14.466
15.925
14.844
16.431
14.364
15.991
16.252
14.945
14.879
14.497
16.783
14.079
14.778
14.133
13.503
15.411
15.560
15.391
14.898
14.765
14.704
14.812
13.770
15.547
14.956
17.776
14.177
13.733
14.340
16.618
15.068
15.854
14.233
14.402
16.990
16.974
16.628
16.066
15.385
11.043
16.474
14.252
12.924
14.030
14.809
12.078
14.742
16.414
14.396
16.322
12.843
9.938
0.384
12.631
15.086
14.838
16.705
7.014
11.198
12.369
13.030
13.826
12.490
13.825
12.460
12.401
13.013
12.390
8.839
8.321
12.967
14.432
16.940
16.489
16.864
15.194
15.789
11.812
14.487
13.524
13.973
12.646
11.637
10.016
13.831
11.669
11.209
13.252
12.798
13.255
12.490
10.871
14.049
4.521
0.517
10.682
12.911
11.526
11.554
9.703
11.457
2.177
3.180
13.068
6.075
8.856
14.136
11.698
13.573
14.086
13.878
13.460
13.246
14.669
13.897
12.490
13.505
11.815
12.778
12.656
15.554
13.700
13.601
15.206
13.622
13.801
14.870
7.521
11.297
16.253
12.670
13.580
13.566
14.341
8.247
13.509
12.773
13.375
14.002
14.663
15.194
16.237
8.855
16.861
16.003
16.527
15.051
15.720
14.871
10.008
16.096
16.705
14.590
16.545
16.980
16.654
14.493
17.597
15.745
15.897
10.787
16.092
15.482
14.339
11.541
14.738
14.235
15.713
15.872
16.206
15.794
14.938
14.144
9.334
10.439
13.288
13.598
9.439
7.928
8.646
9.585
13.509
12.871
10.761
11.765
14.205
12.796
13.054
13.472
13.471
14.076
11.934
9.918
13.640
13.232
12.114
9.810
8.224
10.820
11.174
11.157
10.809
12.033
12.033
12.398
12.248
12.571
11.265
10.583
11.997
10.846
12.397
10.732
10.975
11.410
9.390
10.936
10.945
10.723
10.837
10.985
11.592
10.196
10.579
10.370
11.210
11.356
12.075
11.587
11.005
13.071
11.341
11.147
11.265
11.564
12.593
11.722
13.376
12.351
8.807
12.541
11.689
11.864
12.165
13.269
11.895
12.818
12.150
13.644
10.595
11.864
10.496
1.849
5.324
13.173
13.733
11.639
10.674
6.822
9.264
9.750
9.504
9.659
10.820
11.507
11.535
10.147
10.956
9.306
2.049
11.201
9.474
10.292
10.196
10.322
10.171
11.393
10.623
12.752
14.030
13.851
11.360
13.339
11.554
10.987
11.675
9.895
11.587
11.811
11.812
10.942
12.672
10.531
8.803
0.388
5.547
10.058
9.951
9.400
8.340
9.516
6.475
0.257
8.261
9.424
0.516
12.590
13.129
13.267
14.938
13.158
14.596
13.715
14.229
14.159
12.580
11.390
12.898
12.530
12.153
13.796
12.421
12.282
12.540
14.981
14.526
14.685
15.523
5.436
13.449
13.524
11.029
13.375
13.607
11.270
7.621
12.692
13.112
14.207
12.985
13.629
13.997
9.697
14.484
14.754
12.707
13.654
13.006
14.656
9.219
13.943
13.558
13.033
13.181
14.085
15.312
13.050
13.633
13.235
15.691
8.076
11.408
13.317
14.253
13.172
11.674
12.160
9.657
15.627
15.348
13.815
13.312
12.764
12.985
6.102
12.846
12.145
12.821
10.543
6.702
9.140
12.003
16.295
12.428
8.811
9.332
12.177
11.654
11.784
13.472
13.972
13.625
12.225
8.835
13.647
14.821
13.217
12.141
10.637
13.068
12.669
11.639
13.542
14.035
14.572
14.274
13.760
13.952
13.366
13.001
12.349
13.339
13.477
13.633
14.194
12.006
10.561
12.643
12.428
12.693
13.143
12.320
13.192
12.654
12.714
12.752
12.739
12.885
12.090
12.243
11.658
12.582
11.673
12.245
10.711
11.693
10.991
11.867
11.716
11.475
9.032
13.529
11.046
12.046
12.399
12.816
12.150
13.670
13.441
12.967
13.629
12.278
10.697
2.192
5.380
13.651
13.209
15.159
12.228
6.952
12.293
14.009
15.546
15.688
14.851
16.742
15.035
15.540
16.551
13.859
2.762
16.204
13.810
14.865
16.073
14.726
14.895
14.988
15.434
14.545
14.035
14.692
16.074
14.410
10.858
13.612
15.004
14.373
16.085
14.551
15.758
14.538
12.433
13.661
10.648
3.316
9.914
14.252
13.780
13.359
13.083
13.731
8.402
0.645
11.791
9.640
1.908
15.623
14.350
13.152
15.242
15.966
14.682
14.885
16.237
17.018
12.634
14.181
14.480
14.329
14.014
15.149
15.272
14.188
15.599
16.249
12.632
15.494
12.696
8.250
15.500
15.443
12.587
14.242
14.263
10.610
8.588
13.221
12.100
13.939
14.230
14.110
13.887
7.358
11.545
13.338
12.677
13.470
12.827
13.071
8.517
13.088
10.875
13.665
14.781
12.758
13.664
12.549
14.767
14.547
14.319
10.547
11.499
11.111
11.431
11.147
11.102
14.710
12.421
12.753
12.919
13.265
11.394
11.041
9.310
5.522
11.255
9.984
9.651
6.651
5.778
8.998
8.320
11.854
12.888
10.850
10.456
15.472
12.530
12.621
14.580
13.785
14.734
12.470
9.252
12.867
14.882
14.771
13.603
10.298
12.950
12.156
14.462
15.403
15.645
14.916
14.478
16.575
14.873
12.987
13.449
13.567
13.625
13.681
13.274
13.542
15.051
11.866
12.869
12.778
13.610
12.540
14.060
13.366
12.419
13.871
12.121
15.794
12.704
12.674
12.903
12.308
13.972
13.871
13.463
12.987
13.205
13.226
14.940
12.079
12.932
8.723
13.918
14.052
14.602
14.354
13.882
13.371
13.419
14.535
13.533
13.269
13.234
12.843
2.664
7.980
14.900
13.462
14.685
15.426
10.362
14.838
15.588
14.608
16.382
15.439
14.695
16.821
16.268
13.989
14.710
2.263
13.988
14.701
14.512
16.185
14.815
16.164
16.628
16.081
14.646
15.426
13.911
15.047
14.375
13.959
11.422
17.260
11.792
14.809
15.125
14.835
16.475
15.662
14.938
12.812
0.453
7.082
12.109
12.313
12.637
10.358
11.030
8.353
0.258
9.020
7.965
1.248
13.420
11.849
11.793
13.328
10.977
11.717
12.460
13.160
13.296
10.864
10.791
11.557
11.897
11.545
14.022
12.150
14.275
15.265
14.341
13.707
14.399
15.302
6.720
12.279
14.229
13.788
16.124
14.537
13.672
8.397
13.953
14.824
14.319
15.123
14.076
14.477
7.271
11.950
13.895
14.922
14.477
13.085
14.559
7.595
14.342
13.772
13.820
13.250
14.879
14.511
13.833
13.282
13.566
12.162
7.825
11.830
13.098
12.250
11.344
11.418
13.990
8.458
13.715
13.208
12.141
11.665
10.686
9.242
4.841
11.294
9.098
10.761
7.711
6.130
7.680
8.421
11.997
15.825
16.327
11.875
15.122
17.451
17.152
15.195
15.809
16.514
15.077
16.340
14.485
18.566
16.859
15.841
12.677
14.686
14.123
15.332
15.525
14.815
16.277
14.131
13.457
15.563
15.385
11.538
11.508
12.530
14.574
14.554
15.182
13.447
10.763
11.111
13.927
13.079
11.482
14.218
12.764
12.609
13.196
13.655
15.947
13.790
12.717
13.420
13.015
13.558
14.429
13.983
13.856
14.830
14.308
14.071
13.686
14.056
12.313
12.460
14.113
14.241
14.745
15.324
14.950
13.928
14.567
14.912
12.708
15.202
13.531
9.139
3.719
13.712
15.016
14.364
14.463
7.165
12.737
13.139
12.723
12.561
12.551
11.009
11.047
12.228
12.042
12.215
3.936
8.909
12.893
11.039
10.561
12.683
12.010
10.788
13.469
11.281
10.367
12.146
11.190
12.763
11.907
8.887
11.978
13.664
11.835
12.354
14.655
12.692
13.532
14.176
14.297
2.331
2.069
11.031
12.238
11.774
11.103
11.146
10.093
8.054
8.817
11.006
1.027
8.104
11.945
10.811
13.281
15.770
12.580
14.789
12.500
13.562
14.075
13.767
12.801
12.451
14.064
14.263
13.840
13.172
16.009
15.147
13.611
12.619
13.245
6.095
11.156
13.709
12.539
17.523
15.557
15.331
8.660
13.239
16.119
14.688
13.735
14.996
13.318
13.191
6.713
12.313
11.420
13.964
12.279
13.404
10.626
9.891
13.615
14.480
11.263
13.012
12.865
13.834
9.462
12.039
10.412
10.723
7.997
9.347
9.831
10.758
7.968
10.194
9.590
12.168
10.472
10.861
10.535
9.252
9.403
4.424
7.949
9.548
9.961
11.429
4.736
9.441
9.434
11.164
