3.131
2.522
3.239
1.746
3.076
2.891
3.432
4.857
3.096
3.156
4.579
2.354
4.518
2.908
2.556
3.192
3.092
3.040
5.039
4.034
2.294
1.569
5.319
3.942
3.966
3.694
4.348
3.305
4.203
3.088
2.902
3.740
5.242
3.480
3.296
4.403
3.795
4.013
2.147
2.789
3.222
2.498
2.489
2.902
2.361
1.843
2.959
5.103
3.626
3.823
3.924
4.593
1.764
3.281
2.713
4.362
2.721
3.574
2.247
4.040
3.318
1.840
1.609
2.525
3.421
4.078
3.228
2.804
2.689
4.400
4.654
3.772
3.222
2.129
4.628
3.185
3.405
2.654
2.449
3.836
3.285
3.669
2.552
2.148
4.462
4.635
3.159
3.590
3.024
3.215
2.038
3.874
3.075
4.730
3.289
4.172
3.187
4.233
3.150
2.279
4.128
3.338
2.851
2.933
2.825
3.529
3.569
1.972
4.474
2.699
2.476
5.046
1.883
3.384
2.900
2.608
2.214
3.828
4.032
3.074
3.294
3.741
2.434
3.048
2.752
2.851
2.441
2.154
4.005
4.144
2.439
2.300
4.536
3.567
3.823
4.417
2.353
2.812
3.249
3.355
2.599
3.803
2.489
2.601
2.957
2.566
3.579
3.867
2.840
2.557
2.654
3.333
3.162
3.401
2.431
3.642
4.227
5.362
3.652
3.201
3.318
3.032
2.685
3.654
3.228
3.219
3.215
3.016
2.633
2.974
2.887
2.507
3.612
4.872
2.601
3.971
3.889
3.364
1.753
3.560
3.621
3.143
2.754
3.944
5.353
2.228
3.816
3.831
3.966
4.645
2.359
3.309
4.603
2.342
3.912
5.235
3.636
3.992
3.907
6.030
4.736
6.413
4.832
5.996
3.253
4.013
5.249
4.910
6.162
6.225
5.169
7.733
4.356
8.106
5.113
6.349
4.169
6.321
6.146
7.291
7.285
5.453
6.295
7.057
8.072
7.388
6.536
7.061
5.783
6.862
4.519
4.823
6.865
7.723
6.658
6.751
7.976
9.115
6.568
3.571
4.279
6.192
5.414
6.164
3.851
5.552
3.548
4.374
8.971
8.317
6.889
8.161
6.008
4.878
4.889
5.585
7.508
5.596
7.759
4.689
7.239
6.738
4.530
2.577
4.120
6.858
6.906
5.835
5.097
6.631
6.353
7.815
6.380
5.585
3.923
6.963
6.874
6.486
5.797
5.179
6.034
6.430
6.200
7.449
3.742
7.565
4.602
4.172
7.034
6.069
8.306
5.208
6.421
6.360
8.133
6.995
6.981
6.341
8.488
7.114
3.169
6.847
6.808
5.552
6.523
5.357
6.724
7.043
4.078
5.368
6.997
3.078
7.482
5.537
5.193
5.186
5.515
4.091
5.882
8.076
5.648
7.044
6.826
5.332
6.432
5.844
6.910
5.809
4.964
6.139
8.478
5.607
5.968
5.611
5.246
5.874
7.186
5.851
5.023
6.574
6.126
5.449
7.020
4.756
4.594
4.202
4.462
6.258
7.569
5.917
5.235
5.835
5.961
6.908
5.778
5.010
6.908
6.020
8.146
5.0
5.843
4.997
6.850
4.348
6.702
5.434
5.739
5.208
5.615
5.461
4.634
5.050
4.807
5.303
8.267
4.069
7.100
6.847
7.138
3.981
4.461
4.313
4.183
5.730
4.743
5.965
4.429
5.794
7.214
6.081
8.200
5.964
5.207
7.530
4.630
6.292
7.190
6.469
7.809
6.823
7.723
7.380
7.427
6.038
7.011
4.084
5.333
7.388
5.886
7.900
7.606
6.733
9.369
4.425
9.336
6.931
6.583
6.332
6.986
6.077
7.997
8.146
6.063
3.309
8.774
7.723
7.533
8.394
7.805
7.105
7.272
5.563
5.788
6.991
9.139
6.989
7.363
8.085
10.027
7.708
4.222
5.095
6.355
5.274
5.796
5.382
6.279
4.059
5.946
9.650
7.397
7.114
7.152
7.615
5.559
6.715
6.137
8.300
5.655
8.227
5.447
7.939
7.437
4.545
2.863
5.596
7.081
7.989
6.279
6.635
6.773
8.256
9.139
8.585
7.194
4.605
9.067
7.738
7.105
6.437
5.581
8.333
7.436
7.738
6.667
4.221
8.758
5.095
6.591
7.989
6.853
8.400
5.391
8.933
8.322
9.866
8.239
8.295
7.299
9.651
8.013
3.495
10.066
8.295
7.134
7.976
6.562
8.306
7.559
5.637
6.872
7.039
4.585
9.574
5.085
6.662
7.171
5.744
4.126
8.604
8.422
6.275
7.210
8.664
6.037
6.806
6.221
7.262
6.543
5.567
7.058
8.736
6.737
6.304
6.992
6.296
7.703
9.103
5.086
6.362
7.262
7.407
5.218
5.886
6.300
6.160
5.960
4.984
7.723
9.115
6.042
6.817
7.353
8.278
7.790
6.081
5.755
7.852
7.662
9.460
7.642
6.525
7.520
6.983
6.536
8.661
6.209
7.890
7.043
7.641
7.162
7.195
7.133
5.190
7.621
9.439
5.690
9.521
9.449
8.461
4.648
6.418
5.693
5.060
7.338
6.101
5.855
4.443
6.966
8.056
7.095
9.371
5.632
6.595
8.902
4.803
7.794
9.561
8.713
7.992
7.497
10.258
9.109
3.191
3.435
2.931
1.279
4.563
2.500
3.862
3.885
3.364
4.365
3.816
3.353
4.264
3.351
2.914
2.851
3.782
3.529
5.665
4.634
2.222
1.971
5.607
3.329
3.933
3.792
3.925
4.699
3.257
3.579
3.651
4.175
4.576
3.642
4.053
5.059
5.013
3.386
3.100
2.219
2.897
3.522
2.178
4.567
2.829
2.697
3.915
5.057
3.660
5.239
2.730
3.659
1.982
5.253
2.922
4.374
3.902
4.477
3.316
3.866
3.324
1.939
2.230
3.628
4.040
3.841
3.963
5.405
3.129
5.405
4.114
2.857
2.384
3.058
3.808
3.309
3.464
3.400
2.621
4.676
3.527
3.380
4.884
2.020
4.752
1.951
3.482
4.417
3.564
3.767
2.673
3.682
3.946
4.947
3.555
3.767
3.612
4.293
2.964
2.426
4.830
2.758
5.160
3.007
3.209
3.557
3.699
3.494
3.599
3.811
2.457
5.063
2.329
4.348
3.950
2.418
2.704
4.053
4.219
3.841
4.436
4.963
2.902
4.142
3.548
4.075
2.765
3.102
4.924
5.229
2.787
3.036
4.627
2.742
4.227
4.250
2.930
3.437
4.557
3.217
3.421
3.762
2.376
3.901
2.070
4.633
4.605
3.892
3.755
3.166
2.914
4.497
5.167
3.457
2.639
4.016
4.561
4.884
3.871
3.550
3.912
2.816
3.905
3.945
3.966
3.375
3.689
3.285
3.073
3.446
2.872
3.123
3.736
4.348
3.166
4.250
4.388
3.634
2.235
3.316
2.510
2.653
2.493
4.437
3.066
2.105
4.657
3.846
4.519
6.052
2.485
4.313
4.481
2.717
4.709
4.617
4.671
4.531
4.693
5.746
5.013
3.699
4.421
4.192
1.681
5.118
3.579
5.253
5.228
3.908
5.060
5.926
4.197
5.739
4.470
3.902
3.351
4.336
4.415
5.199
5.720
2.924
3.094
6.729
4.406
4.936
3.878
5.878
6.358
3.633
5.178
5.087
5.074
6.725
5.263
6.020
7.062
7.677
5.982
4.521
3.979
4.180
5.585
2.606
6.212
3.529
3.446
4.771
7.397
4.987
6.499
4.494
6.093
2.945
6.314
4.169
6.765
6.684
6.167
4.910
5.206
5.017
2.909
3.419
3.895
5.667
5.378
5.003
6.324
4.605
7.415
5.819
4.826
3.674
3.925
7.195
4.161
5.387
5.682
3.936
6.658
4.147
4.659
5.270
3.268
7.610
2.497
4.336
5.146
4.823
5.027
3.588
4.653
6.005
7.230
5.327
4.987
5.929
6.899
3.984
4.796
7.201
4.309
5.462
4.328
4.506
5.393
4.675
4.377
4.987
3.369
5.381
8.090
2.756
4.845
5.518
3.044
4.211
6.551
5.231
4.600
6.304
5.389
3.598
5.956
3.836
6.853
4.290
4.427
6.326
6.711
3.933
3.992
5.630
3.689
7.048
5.745
3.800
4.223
6.614
5.405
7.041
5.010
3.384
4.573
3.253
4.604
5.710
5.162
4.654
3.736
3.779
6.676
6.044
4.631
3.839
4.481
6.693
6.304
4.907
4.576
5.267
3.949
5.712
5.386
5.695
5.074
4.585
4.206
4.313
4.625
3.803
3.659
6.142
5.886
4.133
6.400
6.283
4.424
3.245
3.872
3.371
4.388
3.249
5.718
4.330
4.243
6.730
5.274
5.142
6.764
3.504
5.104
5.724
3.543
6.772
6.117
5.689
6.529
6.454
7.984
7.590
