6.246
5.163
5.498
4.595
4.863
4.707
4.704
5.309
5.376
5.797
5.396
4.990
6.649
5.181
5.231
5.133
3.887
4.691
4.265
4.591
3.567
4.351
4.111
5.234
4.084
3.761
4.862
4.465
5.620
5.260
5.451
4.613
6.095
5.313
6.083
5.209
5.930
5.438
3.607
5.683
6.487
5.079
5.759
6.301
5.472
6.409
5.048
5.749
6.436
4.688
4.398
4.484
4.374
4.604
4.536
5.635
6.304
6.412
4.842
4.638
6.122
5.759
5.027
4.357
4.845
4.915
6.276
5.763
6.075
5.310
5.552
6.483
6.801
5.299
5.267
4.821
6.314
4.446
5.341
4.487
5.274
5.911
6.034
4.768
5.024
3.779
2.640
3.046
2.386
3.816
2.789
5.862
5.495
5.894
5.571
5.238
4.242
4.960
4.710
4.330
4.885
3.676
4.348
6.305
5.156
5.160
5.0
5.701
4.976
6.373
5.680
5.613
5.657
4.600
3.460
6.108
6.730
5.310
5.590
3.828
4.646
3.828
3.511
4.723
3.631
4.465
5.356
4.241
4.743
4.733
5.503
4.620
4.111
4.642
4.404
4.475
4.577
3.545
4.792
5.981
5.106
5.608
5.593
5.664
5.556
5.613
4.680
5.995
6.930
5.874
7.192
7.030
6.552
4.928
5.062
4.357
3.245
3.061
3.774
3.522
5.088
5.346
5.126
4.973
4.768
5.153
5.072
5.227
4.306
3.596
5.435
4.366
4.824
4.158
4.286
3.984
4.833
5.339
4.408
5.055
5.988
5.571
4.677
5.227
5.825
5.107
6.034
5.967
4.484
3.771
3.734
4.014
5.024
4.087
5.613
5.544
5.018
5.299
5.639
5.660
5.126
2.793
1.773
2.035
2.199
2.139
1.918
1.980
2.109
2.528
2.375
1.830
2.361
2.054
2.600
1.645
2.447
1.914
2.045
2.039
1.456
1.696
2.512
2.752
1.639
2.286
1.513
2.941
1.570
2.053
1.761
2.450
2.386
1.659
1.837
2.116
2.267
2.148
1.904
1.765
2.181
2.445
1.984
2.108
2.356
2.654
2.663
2.851
1.767
3.285
2.098
2.338
1.629
2.018
2.680
2.342
1.770
2.258
2.576
2.303
1.431
2.079
1.696
2.092
1.960
1.644
1.807
2.665
2.500
1.837
1.659
1.997
2.867
2.449
2.252
1.515
2.527
2.695
1.836
1.837
2.375
2.920
2.658
1.832
2.108
1.962
2.052
1.496
1.234
1.100
1.933
1.354
1.525
1.698
2.579
2.054
1.905
1.386
1.903
2.301
1.843
1.944
1.434
2.372
2.258
1.633
2.129
2.321
2.304
1.922
1.976
1.846
2.200
1.954
1.842
1.704
2.056
3.211
2.139
2.175
1.558
1.511
1.919
1.759
2.743
1.766
2.100
3.129
1.514
1.584
2.583
2.460
1.849
1.958
1.818
2.241
2.109
1.991
1.826
2.130
2.517
2.155
2.760
2.046
2.274
2.473
2.298
2.434
2.327
2.728
1.587
1.942
1.586
2.130
1.632
1.567
1.914
2.026
1.494
1.810
1.753
2.096
2.096
2.449
1.696
2.379
3.369
4.099
1.903
2.420
2.027
2.154
2.224
1.620
2.035
2.621
2.294
2.605
2.111
2.445
2.644
2.306
1.847
2.644
2.689
2.752
1.918
3.318
1.982
2.574
1.515
2.048
2.016
2.237
2.165
1.970
2.403
2.597
2.704
2.658
1.840
2.157
2.282
2.177
1.776
2.292
2.105
2.122
1.898
2.449
1.903
2.970
1.655
1.641
2.175
2.375
2.022
2.171
1.624
1.497
1.956
1.760
1.515
1.573
1.787
1.494
1.461
1.887
1.900
2.054
1.812
1.661
1.588
2.105
1.957
2.356
1.731
2.045
1.982
1.662
1.372
2.295
2.111
1.837
1.847
2.101
1.918
2.523
2.118
2.256
2.321
2.415
1.440
1.573
1.684
1.699
1.118
1.772
2.322
1.598
1.777
1.767
1.639
1.440
1.571
1.373
1.655
1.638
2.460
2.444
1.501
1.840
2.465
2.114
2.697
2.415
1.644
2.029
2.653
2.181
1.641
1.843
1.704
2.450
2.708
1.975
1.650
1.772
1.365
1.883
0.903
1.359
0.722
1.712
1.970
1.967
2.058
2.566
1.698
1.847
1.573
1.892
1.581
1.303
1.622
2.510
1.517
2.235
1.824
1.772
2.111
1.715
2.109
1.914
2.692
1.840
1.705
2.097
2.341
2.372
2.241
1.509
1.638
1.499
1.502
2.279
1.441
1.958
2.289
2.238
2.146
2.150
2.400
1.759
1.715
1.310
2.083
1.706
1.847
1.834
1.831
2.109
1.837
2.052
1.785
2.500
2.100
1.972
2.035
2.122
2.230
1.639
2.193
1.840
1.843
1.895
1.492
1.644
1.567
1.835
1.377
1.566
1.243
2.241
1.983
1.777
1.240
1.984
2.395
1.928
1.987
1.498
1.621
2.375
1.241
1.707
1.834
1.306
1.900
1.997
1.640
1.793
2.557
1.957
1.967
1.845
2.400
2.111
1.995
1.806
1.646
2.230
1.633
1.978
2.104
1.513
1.717
1.935
1.644
1.917
2.130
2.034
1.713
11.049
10.190
10.826
11.519
10.574
10.786
10.762
9.618
10.874
10.078
10.489
10.355
10.563
11.388
10.303
10.468
9.254
10.328
9.790
9.521
9.715
9.896
9.902
9.845
9.841
10.214
10.168
9.782
9.797
9.892
10.399
9.707
10.903
9.809
11.769
10.582
11.574
11.206
6.873
10.853
11.340
11.072
11.174
10.750
11.433
12.306
10.952
11.373
11.232
9.179
10.613
9.603
9.302
10.161
9.382
10.043
10.622
10.901
10.224
9.836
10.057
9.142
9.713
9.568
10.608
10.036
10.801
12.0
11.378
11.111
10.851
11.246
10.904
10.840
10.144
10.397
11.056
10.218
9.568
10.342
10.325
10.596
11.095
10.556
10.287
8.807
6.865
6.171
5.126
6.731
6.519
9.567
10.418
10.556
11.375
10.534
10.244
9.459
10.128
9.972
10.340
8.807
9.065
11.072
10.280
10.119
10.063
9.302
10.014
10.674
10.620
11.418
11.268
11.595
7.629
10.747
11.111
11.931
11.873
9.633
9.028
9.135
10.198
10.775
10.427
9.611
11.254
9.857
10.319
10.486
10.206
10.007
10.309
9.238
9.605
9.338
10.147
9.386
10.926
10.161
11.252
10.646
11.404
11.484
11.142
9.818
9.850
11.577
10.092
10.406
10.366
11.295
11.472
10.463
9.268
9.993
9.601
9.065
8.717
9.467
9.291
9.838
10.667
9.869
11.321
11.580
11.563
11.025
9.993
9.388
10.120
10.414
9.471
9.344
9.864
9.288
9.936
9.402
9.871
9.558
10.549
10.876
10.136
11.223
9.798
11.246
10.618
10.347
9.986
9.664
9.078
9.544
10.112
8.856
10.406
10.029
10.556
10.575
10.417
10.437
10.218
9.142
8.623
7.857
8.420
9.854
9.289
7.898
8.832
8.790
9.491
8.206
6.717
8.0
8.192
8.477
7.488
7.666
5.491
6.332
7.302
6.599
6.036
8.102
7.784
7.582
7.049
6.489
8.061
8.834
9.217
9.323
9.844
9.161
9.720
8.430
9.091
8.720
7.420
6.187
9.263
9.540
9.179
7.805
8.540
8.345
8.983
8.293
8.702
8.163
7.329
6.122
6.730
5.563
6.405
6.389
6.630
8.799
7.810
7.235
6.649
6.288
6.069
6.233
8.277
6.127
7.766
8.487
8.850
7.614
7.992
9.844
8.749
8.877
8.809
9.464
9.405
10.682
9.952
9.511
9.468
8.696
9.129
8.726
8.420
7.314
6.467
4.413
4.054
3.629
3.766
4.111
5.697
7.895
7.761
7.740
8.114
6.708
6.481
6.713
5.959
5.464
5.753
5.469
8.681
7.942
8.615
9.972
9.474
8.732
8.428
8.425
7.871
7.665
8.720
4.108
8.617
9.812
9.034
8.803
8.025
5.446
6.593
5.673
7.816
6.901
7.898
8.386
8.420
9.650
9.404
10.530
7.850
7.886
7.025
5.915
6.630
6.667
6.190
7.546
8.052
7.305
9.477
8.058
9.040
8.809
8.696
7.803
9.008
8.351
7.989
9.253
7.804
8.112
8.056
5.292
6.525
5.926
5.968
4.362
5.608
7.459
8.252
8.071
8.672
8.374
8.443
8.756
9.028
8.645
5.886
6.186
6.982
6.198
7.346
6.648
7.682
7.603
9.310
9.736
7.617
7.815
9.027
8.526
8.675
8.803
9.117
9.455
8.061
7.671
6.233
5.389
7.698
7.481
7.021
7.382
8.310
9.116
8.745
8.420
8.828
8.639
