3.555
3.047
3.831
3.476
2.672
2.896
3.662
2.405
3.104
3.733
2.739
2.376
2.588
2.540
1.530
2.706
1.538
3.036
2.768
2.809
2.961
3.779
4.075
3.734
3.857
3.189
2.610
2.949
3.804
3.259
3.185
2.335
2.719
2.802
2.639
2.395
3.386
3.100
2.487
3.892
3.441
3.191
3.903
3.362
3.079
3.471
3.318
3.327
3.706
2.848
3.065
3.048
2.639
3.014
4.0
3.761
3.681
2.918
2.295
2.886
3.075
2.919
3.295
3.954
3.895
3.576
3.286
2.093
3.398
4.086
2.537
3.063
4.024
3.617
3.159
3.584
2.978
3.178
2.822
2.739
3.455
3.734
4.068
3.439
2.705
2.656
1.789
2.383
2.322
2.058
1.522
2.265
3.219
3.169
2.991
3.221
2.279
2.518
2.853
2.665
2.012
3.228
4.087
3.087
3.989
3.474
3.297
2.031
3.309
3.624
2.656
3.372
3.504
4.013
3.833
1.903
4.181
3.686
4.206
2.842
2.965
3.150
3.672
4.119
3.200
2.874
3.044
3.069
1.841
3.818
3.016
3.627
4.359
2.844
3.014
3.022
2.549
3.347
2.079
2.349
2.327
2.595
3.610
3.085
3.483
3.821
2.658
2.886
2.708
3.065
3.209
2.071
3.612
2.836
3.297
3.409
2.676
3.304
3.469
2.869
3.318
3.679
4.225
3.069
3.307
2.319
2.164
2.774
3.306
3.481
2.907
3.511
3.761
3.900
3.664
3.342
3.681
3.838
3.583
4.225
2.595
2.003
3.490
3.422
3.489
2.754
3.127
2.963
2.828
2.894
3.159
2.585
3.880
3.073
2.206
3.295
1.798
2.268
3.538
2.395
1.688
1.386
2.054
1.585
1.243
1.378
1.434
1.641
0.782
2.150
1.235
1.645
1.243
1.236
0.845
1.373
1.420
0.972
1.900
1.235
1.713
1.437
1.445
1.650
1.585
1.318
0.651
1.706
1.452
1.448
1.448
1.426
1.054
1.999
1.359
0.985
1.493
1.643
1.985
1.235
1.757
1.248
2.096
1.802
0.903
1.714
1.300
1.447
1.760
1.315
0.647
2.452
1.426
0.787
1.294
1.437
1.500
0.973
1.300
0.716
1.890
1.299
1.726
2.168
2.231
1.895
1.757
1.234
1.034
2.359
1.547
1.501
1.878
2.090
1.629
1.384
1.285
1.235
2.170
1.633
1.504
1.714
1.952
3.160
1.766
0.973
0.914
1.635
1.034
1.101
1.158
1.029
1.639
2.367
1.480
0.774
2.157
1.369
1.631
1.105
1.161
1.436
1.785
1.773
1.566
1.780
1.697
0.717
1.288
1.438
1.578
1.574
2.101
1.641
2.370
1.302
0.837
1.508
1.687
1.919
0.909
1.501
1.720
2.517
1.514
1.169
1.429
1.098
1.173
1.301
1.829
1.232
1.775
1.578
1.493
1.574
1.568
1.567
1.294
1.038
1.294
2.243
1.838
1.848
1.558
1.303
1.373
1.241
1.432
0.778
1.764
1.751
1.163
2.231
1.707
1.568
0.975
1.226
1.045
2.313
1.580
1.426
2.280
2.364
1.694
1.295
1.220
0.975
1.985
1.431
1.240
1.894
1.768
2.158
1.572
1.505
0.838
2.025
1.627
1.295
0.975
1.232
1.429
1.716
1.691
0.839
2.064
1.765
1.319
1.372
1.633
1.769
1.506
1.659
1.457
1.720
1.616
1.231
1.239
1.767
1.507
1.358
1.236
1.440
1.113
1.568
1.641
0.849
1.238
1.167
1.757
1.244
1.433
1.310
1.163
0.909
0.706
1.358
1.101
1.484
1.044
1.557
1.571
1.164
1.570
1.170
2.014
0.977
0.973
1.435
1.445
1.629
1.619
1.229
1.361
1.490
1.040
1.363
1.578
1.516
1.435
0.978
1.177
0.968
1.587
1.510
1.034
1.238
1.040
1.175
1.711
0.975
1.240
1.430
0.832
0.975
1.307
1.498
0.645
1.107
0.835
0.908
1.048
1.040
1.513
1.633
1.773
1.050
1.311
0.772
1.046
1.697
0.711
1.365
1.357
1.829
0.977
1.309
1.109
0.977
1.439
0.914
1.442
1.575
1.653
1.184
1.226
1.428
1.038
1.307
0.643
0.713
0.837
0.906
1.497
1.433
1.096
1.238
1.035
1.158
1.236
0.840
0.966
1.172
1.634
1.894
1.559
1.578
0.974
0.895
1.300
1.494
1.035
1.721
1.363
1.512
2.101
0.706
1.042
1.367
1.307
1.364
1.442
1.506
1.890
1.368
1.362
1.240
0.966
1.097
0.643
1.428
1.429
1.489
2.025
1.222
0.975
1.297
1.036
1.293
1.155
1.288
1.427
1.383
1.813
1.223
1.311
1.564
1.623
2.020
1.428
1.033
1.568
0.776
1.298
1.900
1.633
0.977
1.098
1.445
1.516
1.432
1.292
1.758
1.645
1.239
0.910
0.965
0.908
1.105
1.434
1.905
0.843
1.694
1.431
1.245
1.311
1.159
0.984
1.509
0.841
1.226
1.095
1.303
1.043
1.582
1.034
1.042
1.497
1.905
1.307
1.422
1.302
1.369
1.889
1.305
1.555
1.903
1.096
1.176
1.450
1.367
0.840
8.639
9.302
9.296
9.520
8.208
6.926
7.108
8.076
9.155
8.070
6.934
7.083
7.757
4.916
4.549
5.903
7.868
7.628
8.144
8.351
8.686
8.932
9.058
8.092
7.850
6.899
6.853
8.643
8.864
6.454
6.443
7.963
6.010
6.695
5.903
7.649
8.139
7.786
7.254
8.851
7.078
9.012
9.527
6.758
8.586
8.615
7.889
8.058
7.847
6.741
7.013
5.866
6.572
7.736
8.485
7.188
6.042
6.429
6.685
7.188
7.168
9.422
8.527
9.084
8.363
8.602
4.717
7.384
8.533
7.334
7.687
8.028
8.017
8.213
8.733
7.359
8.400
8.339
9.161
8.714
8.832
9.240
8.316
5.821
6.873
6.354
6.350
5.105
6.723
4.063
5.494
7.839
8.104
7.681
7.703
6.667
5.816
6.887
5.858
5.498
8.110
8.930
9.735
8.345
7.876
8.506
5.310
7.208
8.736
8.011
8.668
9.859
8.563
8.129
5.882
6.154
7.355
7.594
8.263
7.512
9.477
8.752
9.306
7.634
6.764
6.916
6.432
6.522
7.495
8.721
7.933
8.913
8.039
7.992
8.108
7.068
8.031
6.490
6.810
6.825
6.132
6.849
8.258
5.931
8.450
8.110
7.062
8.072
5.628
6.745
4.567
7.321
8.421
8.316
7.654
7.322
7.496
8.369
7.352
7.612
8.686
8.582
8.503
7.379
5.817
4.336
6.704
7.415
8.551
8.351
8.503
10.080
9.588
7.975
8.131
5.765
8.974
6.817
6.694
6.329
5.680
7.654
9.130
7.233
6.804
8.717
9.084
9.104
7.352
8.140
8.400
9.368
9.091
7.486
7.561
7.736
7.354
7.263
8.897
6.215
6.122
7.500
7.441
8.014
6.237
7.074
5.442
6.032
6.216
7.634
6.132
5.878
5.394
5.154
4.270
3.213
4.260
6.529
6.336
5.506
6.392
7.275
7.332
7.412
5.954
6.501
8.138
5.938
7.453
7.435
7.608
7.734
7.682
7.808
7.604
8.633
6.930
8.512
7.275
7.751
5.992
7.682
6.516
7.123
5.349
7.956
6.445
7.099
7.474
7.719
5.789
6.748
3.885
4.444
6.544
6.067
5.414
4.226
4.136
4.530
6.161
6.736
9.003
7.926
7.973
7.320
8.749
5.735
4.670
7.510
5.843
6.398
7.814
6.196
6.563
7.682
6.410
8.311
6.967
7.891
6.339
10.465
7.965
8.204
7.723
8.925
8.159
6.567
4.509
5.777
4.244
4.512
5.657
9.234
8.123
5.586
6.939
4.648
7.297
5.281
3.282
7.021
7.410
6.990
6.718
7.827
6.576
5.324
4.676
5.942
5.967
7.591
8.754
6.842
7.805
6.140
4.119
5.666
5.942
8.201
5.655
7.428
6.991
7.083
6.604
5.353
6.254
4.883
3.956
4.583
7.093
7.446
7.295
5.785
5.778
7.724
6.160
6.086
4.558
5.260
6.894
7.202
7.608
8.386
6.460
6.575
5.184
6.639
7.088
4.277
6.306
6.484
4.688
7.037
9.141
7.867
6.220
6.297
7.247
5.640
6.612
8.033
7.708
7.456
5.192
4.937
3.389
4.953
7.075
8.123
7.565
7.562
7.734
7.509
7.703
7.515
4.662
6.798
6.640
5.720
6.104
5.024
5.456
7.682
6.906
5.791
7.347
6.927
8.546
7.873
6.961
7.661
6.803
8.208
7.211
8.088
9.016
7.581
8.448
8.147
6.801
6.510
