3.038
3.108
2.951
3.485
4.180
2.724
3.331
2.800
3.562
2.578
2.939
2.663
3.763
3.576
2.530
2.774
3.657
4.019
4.310
4.357
3.511
2.619
4.733
3.545
3.390
3.758
1.970
4.237
4.450
3.381
3.329
2.623
2.739
3.536
4.386
3.818
3.803
3.154
3.401
2.943
2.815
2.949
2.554
3.430
3.295
2.467
2.463
4.170
3.304
3.675
4.972
3.206
3.509
3.617
3.878
3.384
3.997
3.032
3.542
3.780
4.150
1.698
2.113
2.649
3.032
3.241
3.041
3.292
2.905
3.655
3.250
2.628
3.259
5.047
4.888
3.864
4.800
4.449
4.067
5.210
4.455
2.768
2.991
3.676
3.441
2.878
2.681
2.945
2.537
3.008
2.819
3.020
2.813
2.554
2.782
3.634
3.193
2.945
3.167
3.460
3.362
4.424
3.289
2.455
3.006
3.284
2.352
2.826
2.128
3.593
3.516
2.971
3.864
3.744
2.705
2.477
3.711
2.632
2.344
2.933
3.034
2.095
2.555
3.495
3.771
3.091
2.109
2.752
1.842
1.661
1.666
2.061
2.003
2.493
2.828
4.117
2.912
3.531
2.492
2.561
2.823
2.441
3.211
3.628
3.620
3.781
4.088
3.106
2.838
3.619
3.694
2.994
3.148
3.661
2.724
2.945
2.340
2.533
3.659
2.904
2.338
2.851
3.282
4.404
3.810
2.918
2.212
3.059
3.134
2.823
3.230
2.628
3.741
3.506
3.358
3.198
3.516
3.148
3.133
2.809
2.931
4.075
2.555
3.989
3.217
3.492
3.291
3.423
3.081
3.340
3.230
2.357
4.086
2.621
3.405
3.508
3.156
4.412
3.564
3.423
4.527
1.841
1.180
3.204
1.776
3.100
1.248
2.439
1.583
2.510
1.777
1.235
2.690
2.086
1.914
1.504
2.104
2.434
2.701
2.181
2.893
2.781
1.688
1.854
3.402
2.039
2.365
1.107
1.561
1.888
3.338
1.961
2.089
1.966
1.721
2.368
2.100
2.094
1.817
2.289
1.294
1.956
1.514
1.767
1.523
1.895
0.910
0.839
1.845
1.170
1.299
2.295
2.417
2.231
2.227
0.971
1.937
1.904
1.176
1.180
2.361
1.782
1.044
1.243
1.316
1.181
2.517
1.379
1.570
1.903
1.632
1.381
1.510
1.886
2.772
3.340
2.348
2.338
1.954
1.980
1.696
2.370
2.022
1.237
3.065
1.057
1.301
1.558
1.697
2.119
2.089
1.239
1.113
2.168
1.373
1.840
2.288
2.457
2.044
2.356
2.165
1.966
2.507
1.722
1.446
1.696
1.451
1.516
2.505
1.170
2.442
2.118
1.303
1.766
3.416
1.776
1.649
1.707
1.583
0.981
1.664
1.044
1.720
2.048
3.079
2.670
2.850
1.708
1.452
2.180
0.847
0.983
1.430
1.761
2.495
1.982
1.696
1.567
2.798
2.373
0.913
1.317
2.096
1.780
3.113
2.874
2.373
2.882
1.243
0.910
1.706
1.699
2.044
1.774
1.910
1.173
1.717
1.307
0.910
2.298
1.646
1.963
1.497
1.576
2.183
2.833
1.427
0.973
1.502
2.713
1.716
1.373
1.836
2.699
2.609
1.391
1.628
2.107
1.757
2.743
1.513
1.575
1.712
2.992
2.128
2.150
2.353
2.105
2.228
1.573
1.115
1.380
2.425
1.558
1.381
1.636
1.309
1.706
2.280
1.574
1.958
2.367
2.489
1.762
1.180
2.292
1.364
0.651
2.767
1.695
1.580
1.299
1.634
2.214
1.813
2.257
2.132
1.426
1.819
2.017
2.300
2.093
1.687
1.434
2.298
1.908
2.664
1.499
0.902
1.503
2.164
2.077
2.045
1.625
0.979
1.774
1.698
1.565
2.386
0.911
1.691
1.032
1.113
1.499
1.699
1.652
1.299
0.774
1.038
1.554
1.295
1.703
1.686
1.492
1.045
1.431
1.033
1.832
1.111
0.713
2.101
1.561
1.641
0.972
1.305
1.236
1.175
1.438
1.179
1.722
1.639
1.380
1.500
1.675
2.146
2.783
3.460
1.173
1.766
2.339
1.506
1.581
2.098
0.646
1.904
2.717
1.230
1.558
1.499
1.561
2.274
1.577
1.371
1.167
1.815
1.828
1.711
1.892
2.696
1.773
1.445
1.168
1.174
2.222
1.648
1.510
1.491
1.366
1.371
1.764
1.892
2.021
2.157
1.300
2.434
2.312
1.689
1.704
2.119
0.778
1.491
1.644
1.235
2.136
2.196
2.562
2.033
2.041
0.979
1.708
2.070
0.911
0.842
1.694
1.380
1.518
1.378
1.377
2.437
3.204
1.696
1.442
1.251
2.037
1.834
2.336
2.027
1.707
1.440
0.775
1.310
2.214
1.230
1.949
1.829
1.307
1.307
1.636
1.163
1.692
2.221
1.366
1.102
1.180
1.107
2.132
1.759
1.170
0.850
2.240
1.705
1.238
1.179
2.177
2.441
2.038
1.560
1.686
1.506
1.313
1.374
1.493
1.903
1.914
2.170
2.228
1.374
1.967
1.506
1.294
1.840
0.921
1.520
1.046
1.243
1.705
1.304
1.430
1.574
1.895
1.500
1.451
1.834
10.048
9.480
8.911
9.046
10.035
9.264
8.680
9.723
9.657
8.821
5.198
7.382
8.920
8.363
8.397
9.153
7.725
9.800
10.035
9.289
9.574
8.607
7.612
9.917
8.858
9.431
7.682
9.021
9.142
8.768
8.859
9.812
7.602
6.532
8.456
8.403
8.750
9.034
7.992
8.677
8.044
6.063
8.997
10.175
9.590
8.333
7.828
8.245
8.674
8.817
8.351
10.071
7.895
8.450
10.142
9.007
9.696
9.391
7.466
8.883
10.658
8.980
7.868
9.865
9.464
9.661
9.737
10.051
9.429
10.417
9.740
9.914
9.807
9.909
11.814
11.732
10.316
9.576
8.551
8.158
8.821
10.028
8.894
10.463
8.079
6.954
7.483
7.475
7.064
4.956
7.039
8.163
6.839
5.642
8.257
8.539
9.084
8.610
7.622
9.737
8.956
8.310
9.650
8.982
9.175
9.595
8.549
8.917
10.049
8.471
7.983
8.774
8.815
10.634
8.548
7.228
7.517
8.425
6.288
7.158
7.956
8.075
8.110
9.504
8.386
8.696
7.963
6.485
6.708
7.392
5.823
5.575
7.547
8.738
8.844
9.477
8.867
8.945
9.275
7.751
7.310
8.635
7.972
10.515
9.431
9.803
9.790
9.199
8.440
7.334
9.072
9.986
8.738
9.110
8.564
9.122
7.521
6.925
7.981
9.345
7.415
7.804
8.850
10.589
9.746
8.554
6.969
8.091
9.623
8.409
7.687
8.537
9.052
10.556
10.119
8.663
9.574
9.236
8.917
7.811
9.046
9.382
9.027
9.244
9.524
9.625
9.964
9.244
7.882
9.923
10.719
9.698
8.680
9.617
9.680
9.520
9.797
8.696
10.873
9.592
9.531
10.429
9.296
9.504
9.634
10.226
6.555
10.258
9.297
10.331
8.894
8.932
8.119
9.046
8.690
8.609
8.832
9.583
9.861
9.008
9.557
10.249
9.224
10.0
10.292
9.923
10.069
8.518
9.889
8.956
9.958
9.662
10.090
8.621
6.930
10.007
10.837
11.352
10.386
10.753
10.304
11.270
11.704
10.853
7.975
9.321
9.203
8.140
9.223
9.842
10.063
11.667
10.615
8.687
8.623
10.127
10.624
9.895
9.563
9.491
11.969
9.831
9.540
8.595
8.431
10.090
10.578
10.534
11.773
10.534
9.889
9.091
8.437
7.902
10.314
11.134
11.011
11.359
9.425
10.070
8.234
10.882
10.596
10.049
9.605
9.368
9.547
8.905
9.447
10.057
6.768
9.348
9.457
8.121
5.780
10.596
10.914
11.950
9.772
10.610
11.331
10.007
8.922
10.0
7.840
7.537
8.011
7.861
8.754
8.844
11.383
9.257
9.306
10.765
10.807
9.046
9.618
10.582
9.700
8.234
9.021
9.758
10.634
10.437
10.423
11.384
12.431
10.461
11.226
10.323
9.173
9.226
10.379
9.435
9.625
8.494
10.629
10.265
10.526
10.981
8.690
9.725
9.626
9.785
10.271
11.555
10.704
9.687
8.345
7.251
9.473
9.211
10.901
10.427
8.322
7.796
9.072
8.138
6.713
9.853
8.287
7.778
8.702
9.212
9.648
9.853
9.497
9.297
9.716
11.479
9.959
9.734
10.918
11.386
9.174
10.274
10.350
11.017
8.741
10.776
9.110
10.328
11.392
10.325
9.831
10.280
11.025
10.900
10.957
8.807
9.240
9.568
7.773
7.618
8.333
8.877
8.801
9.244
10.177
10.985
10.321
10.940
