3.833
5.479
4.390
4.955
2.824
2.943
5.858
5.613
4.438
4.775
4.919
4.850
4.664
5.791
5.673
6.094
4.583
4.621
4.357
3.448
4.249
5.752
5.398
5.109
4.990
7.402
8.059
6.423
6.370
6.863
7.955
6.726
4.830
6.046
5.041
3.272
3.940
4.772
4.672
4.094
4.263
3.248
1.985
2.115
4.069
4.215
5.740
5.114
5.017
4.817
4.843
5.003
3.704
2.701
3.382
4.315
4.232
8.239
6.540
5.995
6.233
4.729
5.038
5.038
6.017
4.891
5.625
7.202
6.167
6.048
7.420
6.186
5.533
6.225
5.178
4.886
2.913
3.598
4.831
4.808
5.203
5.722
5.384
4.229
5.593
3.689
4.247
3.284
2.826
4.697
3.108
5.281
5.085
6.224
6.042
6.114
5.947
6.177
5.146
4.848
6.319
6.754
6.117
6.027
6.015
5.783
5.274
6.818
7.030
6.190
5.174
4.527
4.830
3.174
3.962
4.435
6.892
5.054
5.778
4.616
4.740
4.427
5.404
7.089
5.153
4.410
6.525
5.930
5.321
6.061
6.263
4.810
5.342
5.245
4.956
5.349
5.653
6.383
4.635
5.209
7.766
7.075
6.148
7.622
6.416
5.634
3.241
5.757
5.045
5.119
5.894
3.995
3.071
2.739
5.051
4.298
6.721
5.685
5.306
5.104
5.055
5.118
5.220
6.046
4.976
4.938
5.086
5.112
4.821
6.118
6.396
5.544
4.260
6.362
4.959
5.513
5.472
5.418
6.407
5.730
6.092
2.789
5.635
5.616
5.930
4.651
5.213
6.302
5.445
3.726
4.425
4.484
4.383
4.040
3.880
3.681
3.484
5.172
7.407
6.885
7.271
1.638
1.785
1.393
2.309
1.308
1.588
2.699
3.318
3.262
2.194
1.971
2.322
2.715
2.402
2.477
2.282
2.190
2.078
1.655
1.694
2.600
2.878
3.049
1.736
1.594
2.542
3.490
2.778
1.519
1.777
2.468
2.945
2.268
2.555
1.325
2.408
1.647
1.775
1.714
1.700
1.644
1.376
0.646
0.977
2.247
1.927
2.072
1.847
2.497
2.243
1.858
2.064
1.375
1.447
1.509
1.762
2.444
2.994
2.817
2.623
2.276
1.777
2.236
2.467
2.768
2.387
3.087
2.890
2.549
2.653
2.027
2.603
3.022
1.711
2.673
1.726
1.708
1.707
2.512
1.978
2.957
2.567
2.108
2.090
2.593
2.372
1.448
1.115
1.772
2.107
1.242
1.800
2.527
2.408
3.533
2.830
2.886
2.258
2.941
2.373
3.402
4.0
3.093
1.872
2.307
3.123
3.046
4.410
2.712
2.402
2.265
2.530
2.507
1.593
1.892
1.996
2.336
1.884
1.505
2.096
1.922
1.774
2.350
2.0
1.875
2.667
2.411
2.138
1.529
2.888
3.169
1.520
2.571
1.864
2.547
2.457
2.357
2.274
2.183
2.329
3.014
3.351
3.588
3.270
2.128
3.112
0.914
2.207
2.663
2.054
2.502
1.769
1.181
1.171
1.907
2.282
2.770
2.926
2.172
1.837
2.653
3.217
2.335
2.959
2.844
2.668
2.733
2.046
1.793
2.126
3.286
2.188
1.252
2.121
2.598
2.761
2.142
1.987
2.204
3.250
3.096
1.298
1.989
2.336
2.336
1.444
2.373
2.086
2.288
1.105
0.981
1.830
1.700
1.583
1.497
2.037
1.373
2.121
2.118
2.219
2.280
1.845
2.180
1.723
1.391
0.982
1.513
1.961
2.207
2.276
1.311
1.538
2.107
2.717
1.980
2.397
2.591
1.927
1.860
1.309
1.446
2.642
2.271
2.234
2.116
1.450
3.392
2.815
2.498
1.187
1.775
2.258
2.416
2.132
2.183
1.447
1.449
1.831
1.852
1.917
1.375
1.843
1.176
0.834
0.845
1.638
1.707
2.598
1.711
2.185
2.045
2.194
1.241
0.980
1.315
0.979
1.505
2.146
2.187
2.593
2.857
2.394
1.825
2.512
2.642
2.667
2.520
2.180
2.802
3.067
3.010
2.908
2.288
3.060
2.209
1.917
1.754
1.173
1.965
1.443
1.772
1.842
1.932
1.974
2.295
1.392
1.513
1.446
0.649
1.306
1.434
1.382
2.300
2.037
2.642
2.717
2.196
2.206
2.133
2.324
2.262
2.194
3.030
2.244
1.931
2.945
2.683
2.219
2.898
2.181
1.923
2.651
3.079
1.714
1.314
1.506
2.052
1.841
1.472
1.853
1.985
1.575
2.046
1.905
1.628
1.509
2.293
2.452
2.096
1.948
2.341
2.483
1.831
2.049
1.803
2.715
1.584
3.026
3.331
2.181
2.244
3.607
2.802
2.517
2.607
2.344
2.097
1.521
2.421
2.825
2.183
1.653
1.041
1.376
0.650
2.574
1.647
2.326
2.405
2.175
1.976
2.853
2.108
2.610
2.241
1.927
2.462
1.649
2.578
1.912
2.455
2.255
2.050
1.697
1.834
1.792
1.703
2.527
1.926
2.578
2.089
1.987
1.242
2.221
2.252
2.174
1.312
1.655
2.063
1.583
0.844
0.908
1.492
0.976
1.418
1.500
1.235
0.847
1.802
2.253
2.472
1.836
10.574
11.376
11.955
11.221
8.606
9.399
11.335
12.106
11.827
10.935
11.878
11.479
12.271
11.581
12.042
12.273
12.249
11.968
10.782
10.403
11.378
12.762
11.423
10.616
12.335
12.571
13.160
12.464
11.840
12.670
13.102
13.479
12.704
13.065
11.840
10.786
10.853
11.049
10.029
9.304
9.259
8.663
5.821
4.922
11.087
11.119
12.268
9.514
11.420
11.329
11.656
11.566
10.824
10.0
11.489
10.970
12.659
13.121
12.735
13.419
11.811
11.079
11.398
13.012
13.178
13.069
11.056
12.742
12.571
12.693
12.340
11.991
12.358
11.315
11.337
10.585
9.800
10.891
11.773
11.048
11.364
12.972
11.197
10.062
10.914
11.135
10.169
9.091
9.801
10.440
9.957
11.407
11.744
12.051
13.559
13.578
12.643
12.901
12.242
12.020
12.579
12.473
12.491
11.886
11.931
12.491
13.212
13.015
12.052
12.518
11.271
12.403
11.072
9.680
9.986
11.087
11.731
9.225
11.095
10.692
9.845
10.108
10.652
10.976
10.638
10.545
12.252
11.769
11.279
12.554
12.376
12.336
11.994
12.152
12.100
10.753
12.482
11.849
12.108
11.208
13.324
13.173
12.580
12.866
11.538
11.986
5.952
12.249
11.183
11.917
11.701
10.050
7.103
7.952
9.497
10.136
11.789
10.984
11.404
11.216
11.423
11.080
11.429
12.811
12.828
12.223
12.482
10.999
10.914
11.328
13.309
12.447
10.914
12.686
12.197
12.465
12.173
11.463
12.307
12.396
12.665
8.188
11.603
12.421
11.878
10.886
11.810
11.980
12.144
9.816
9.554
10.125
9.537
9.481
9.585
11.205
10.755
10.976
12.382
13.963
13.237
6.671
7.803
6.991
7.260
5.751
6.113
8.498
9.924
10.859
10.392
10.0
10.873
10.235
10.941
11.652
9.253
7.271
8.630
7.800
5.628
7.973
10.160
9.155
8.895
8.031
9.085
9.544
8.855
8.531
8.183
9.154
8.850
9.633
10.071
6.861
5.281
6.211
8.607
6.983
5.993
6.225
6.625
2.403
2.874
6.429
6.847
9.116
10.198
8.189
7.074
8.293
8.977
6.324
4.680
6.897
6.489
9.186
9.979
10.127
11.180
9.451
8.489
9.085
10.762
10.732
10.629
10.148
10.744
9.550
10.523
9.748
9.930
8.011
8.805
7.818
6.897
4.746
4.990
7.802
7.036
7.382
8.777
8.990
7.420
7.850
6.052
5.657
4.240
5.142
6.761
5.303
9.431
8.287
10.062
9.727
9.739
9.364
10.373
9.986
10.069
11.731
10.325
10.606
9.881
9.287
9.477
9.773
10.932
11.757
10.286
9.421
8.964
8.964
6.517
7.983
7.886
7.986
6.250
6.959
7.178
6.764
5.227
7.413
8.475
9.388
8.477
10.127
9.748
8.623
9.599
10.175
8.036
9.419
9.179
8.702
8.181
8.824
11.307
8.901
8.205
10.519
10.635
10.515
11.103
10.745
9.224
4.659
8.650
7.950
8.976
8.193
5.431
3.522
4.713
5.967
6.818
7.317
7.074
7.788
6.773
7.576
9.979
10.777
9.347
10.265
10.749
9.713
8.931
10.285
9.072
9.691
8.789
7.640
9.221
8.813
8.287
8.459
10.021
9.564
9.444
10.289
3.978
7.148
9.091
7.188
7.015
7.778
8.617
7.369
4.917
5.344
4.637
4.428
6.149
4.680
5.947
5.790
6.452
10.203
10.860
9.404
