6.023
5.394
6.050
5.965
5.356
6.427
6.529
5.158
5.188
5.660
6.486
5.814
5.560
5.088
4.523
6.327
5.551
2.904
6.481
5.051
5.477
5.662
6.043
5.250
2.606
3.104
5.995
5.528
5.839
5.180
5.128
5.830
5.621
5.853
6.083
5.367
4.739
5.671
6.058
5.776
6.744
5.486
6.023
5.688
5.359
6.574
4.786
4.954
5.853
4.576
6.0
4.666
4.324
5.532
6.583
2.639
6.040
5.285
5.560
5.648
4.829
5.681
5.574
5.462
5.637
5.863
5.399
5.719
4.766
5.241
5.657
6.594
6.255
6.369
5.307
5.740
4.572
4.852
5.228
4.232
5.721
5.588
4.387
6.932
5.868
5.769
4.300
5.758
5.638
5.085
5.771
2.244
2.749
6.043
5.945
5.780
5.505
5.676
5.311
5.681
5.897
5.935
5.588
5.736
6.307
6.385
6.153
6.166
5.980
2.774
6.255
5.776
4.983
5.868
6.192
5.392
5.785
5.299
5.921
6.311
5.679
5.790
5.820
6.088
5.882
5.276
5.624
5.761
6.672
3.259
6.245
5.583
6.478
6.743
6.066
5.294
6.112
6.013
7.208
6.489
3.271
6.794
5.410
6.617
5.255
6.678
5.679
5.103
4.908
5.348
5.593
5.684
4.719
6.250
5.761
6.364
6.520
4.895
6.208
5.753
5.285
4.694
5.673
5.985
4.843
6.122
4.520
5.415
6.473
5.569
5.107
6.245
5.975
5.843
5.834
4.843
6.099
5.664
5.556
5.233
5.428
4.975
4.686
5.477
6.043
5.681
5.959
5.849
6.121
4.874
4.268
3.166
5.093
4.996
5.912
5.640
5.410
5.171
3.099
1.964
4.375
6.845
7.293
6.381
7.327
6.514
6.600
6.617
7.244
7.634
7.185
7.629
6.050
6.430
6.341
6.334
5.210
6.728
5.761
3.341
5.848
5.593
6.358
5.814
5.902
3.209
3.840
5.340
5.329
5.476
5.505
5.710
6.008
5.734
6.177
6.516
6.116
6.487
7.179
6.344
6.010
6.126
5.724
5.927
5.957
6.873
6.071
6.297
6.617
5.593
6.902
6.514
6.926
3.181
6.360
5.439
2.804
5.061
6.245
7.155
7.137
7.426
7.571
6.616
6.397
6.756
6.936
6.555
7.161
6.593
6.605
6.292
5.971
7.294
5.887
6.769
6.897
5.868
6.556
6.943
6.735
6.803
7.202
6.514
5.892
6.734
6.086
7.297
6.744
6.474
6.969
6.955
4.633
5.120
4.151
7.227
6.791
6.566
6.650
7.361
6.756
6.590
6.452
6.081
7.395
6.963
6.566
7.577
6.934
7.496
6.495
3.456
7.143
6.784
7.757
6.882
6.917
7.750
7.010
6.134
6.533
7.232
6.882
7.006
7.597
6.035
6.507
6.441
5.679
6.706
3.707
5.062
6.481
6.689
6.606
7.034
6.436
7.699
7.389
6.033
7.601
6.740
3.321
6.030
6.403
5.927
6.345
6.146
6.902
7.239
5.752
6.569
5.702
5.736
5.453
7.516
6.412
7.291
5.761
6.790
5.843
6.638
7.041
6.661
7.445
6.365
7.763
5.171
7.297
7.089
6.145
6.514
6.187
7.485
7.078
5.760
6.495
6.818
6.566
6.297
7.498
6.454
7.119
6.616
6.561
7.010
6.633
5.779
5.966
6.420
6.365
3.070
6.387
3.566
6.385
6.058
6.401
6.408
5.937
6.349
3.582
3.459
5.574
5.814
5.546
6.053
6.266
5.819
6.430
5.877
5.992
6.096
6.106
6.209
5.629
4.606
6.661
5.151
7.018
3.091
5.029
5.985
5.818
6.099
6.265
5.674
3.183
2.721
6.276
6.083
6.061
5.339
6.156
4.489
5.853
6.224
6.148
5.970
5.167
5.359
5.912
6.250
5.224
6.260
5.189
6.475
5.164
6.165
5.186
5.482
6.151
5.736
5.556
4.823
4.024
6.281
5.745
2.986
5.633
6.329
5.985
6.122
5.228
5.674
5.780
5.320
5.676
6.018
6.694
7.376
5.408
5.862
6.639
5.926
5.809
6.056
7.185
4.774
5.051
5.579
5.629
6.340
6.198
6.860
5.100
5.783
6.177
5.752
5.877
6.086
6.163
6.954
5.981
2.739
4.051
6.332
5.514
5.492
5.693
6.446
6.301
6.756
6.401
6.485
6.353
6.495
5.922
5.657
5.946
6.040
5.750
3.606
5.758
5.717
5.660
5.399
6.491
5.984
6.633
5.337
6.788
6.332
6.291
5.671
6.404
6.465
7.155
5.785
5.464
5.947
6.036
3.195
5.455
6.397
6.181
6.650
6.794
5.630
6.781
5.782
5.638
6.728
3.148
5.560
6.392
5.936
5.263
6.582
6.163
5.341
6.460
5.907
4.617
5.450
6.301
5.518
6.199
5.229
6.778
5.061
5.430
6.369
6.385
7.346
4.817
5.780
5.789
6.588
4.437
7.349
6.020
6.119
5.854
5.276
6.173
7.002
4.903
5.034
5.219
6.894
4.817
5.350
6.409
6.245
6.600
5.985
6.203
5.665
6.076
4.793
6.441
5.929
4.265
3.471
5.638
6.538
5.902
5.956
5.946
6.365
3.333
1.678
5.255
6.104
5.961
6.193
5.824
5.254
5.897
5.587
6.187
6.385
5.757
5.662
5.712
4.828
6.007
6.705
6.302
6.497
2.900
6.408
5.917
5.684
5.761
6.360
6.038
3.308
3.376
6.355
5.742
6.260
5.671
6.184
6.936
6.699
5.193
6.153
5.267
6.611
6.091
5.462
6.119
5.565
5.774
6.568
5.311
5.974
5.731
6.068
6.056
6.046
5.950
5.917
5.175
4.914
7.305
6.178
2.899
7.285
5.844
6.101
6.188
5.705
6.376
6.287
6.336
6.131
6.612
5.955
4.876
5.441
4.722
6.911
5.922
6.926
5.165
4.613
6.182
6.949
7.244
6.540
5.912
5.736
6.028
6.117
6.409
5.818
6.645
6.045
6.066
6.782
6.086
5.892
2.517
2.973
6.411
5.412
6.171
5.634
5.214
5.092
6.312
5.843
6.650
5.678
6.015
5.242
6.193
6.462
5.467
6.043
2.983
6.010
6.117
5.970
5.917
5.478
6.343
6.068
5.779
6.348
6.203
5.780
6.877
6.531
5.560
5.925
5.615
6.318
6.322
5.702
2.984
5.992
5.906
5.940
5.221
6.255
5.950
6.343
5.656
5.803
6.116
2.900
6.0
6.766
6.219
5.657
6.399
5.955
5.575
6.540
6.385
6.275
5.758
5.782
5.448
5.917
5.731
5.259
6.023
5.853
6.166
6.650
6.721
6.002
5.922
5.383
5.246
4.443
5.367
5.297
5.912
5.578
6.286
5.824
5.981
5.984
5.624
6.005
5.311
6.081
6.297
5.367
6.711
6.324
5.946
5.721
6.287
5.453
5.698
6.076
3.052
4.459
2.616
5.971
6.281
5.648
5.921
6.392
6.497
3.502
2.986
4.294
6.295
6.373
5.854
5.935
5.911
6.421
5.114
5.703
5.798
6.075
6.947
5.925
7.019
6.321
6.522
6.148
5.646
2.984
4.150
5.858
4.908
5.887
6.250
6.143
3.094
3.569
5.601
5.630
6.899
6.794
6.768
5.532
6.524
5.504
5.946
6.329
5.583
5.688
6.172
5.897
5.752
5.100
7.083
5.259
5.334
5.333
6.650
6.005
5.061
6.600
5.819
7.095
3.118
5.630
6.271
3.043
6.198
6.018
5.872
5.383
6.053
6.323
6.356
5.664
6.914
5.579
6.154
5.455
5.629
5.004
5.643
5.381
5.267
5.623
4.959
4.951
5.340
5.906
5.564
4.491
5.065
5.366
6.188
4.975
4.971
5.333
5.098
6.015
6.167
5.486
6.406
2.809
4.605
4.455
6.589
5.644
5.601
5.497
6.101
6.502
6.167
5.263
5.583
5.702
5.013
6.245
6.240
5.518
5.392
4.341
4.096
4.895
5.263
5.372
5.820
5.254
4.963
6.076
5.063
5.360
5.456
5.109
6.002
5.316
5.615
5.565
6.083
4.726
5.975
3.095
4.996
5.966
5.219
5.356
6.672
5.551
5.998
6.678
5.993
5.325
4.876
4.193
5.574
5.941
5.789
4.833
5.092
4.671
4.455
5.505
4.508
5.678
5.021
4.958
5.927
4.381
4.742
5.013
5.451
5.017
4.007
5.738
5.698
4.817
4.878
4.691
3.815
4.722
5.665
5.013
4.523
5.016
5.602
5.470
5.122
5.224
5.220
4.983
5.644
5.196
6.224
5.281
5.646
5.892
5.887
5.892
5.897
5.155
5.818
5.167
2.090
4.530
3.502
5.451
5.584
5.952
6.760
5.385
5.721
1.847
4.531
