3.512
2.497
3.525
3.310
3.221
2.739
4.895
4.204
3.432
4.973
3.273
4.065
3.934
3.785
4.411
4.192
4.440
4.419
4.762
4.035
3.102
3.617
3.271
3.072
2.387
3.014
4.366
5.689
4.589
4.626
4.620
4.297
4.582
4.462
4.591
5.178
5.089
3.940
3.930
4.856
3.932
3.455
2.983
3.356
3.174
4.113
3.908
3.483
3.588
3.550
4.075
4.863
4.946
4.542
3.893
4.607
5.128
5.274
4.573
4.683
4.693
4.472
4.226
4.511
4.697
4.144
2.680
2.863
2.507
3.548
2.114
2.573
4.125
3.356
4.192
5.153
4.710
4.588
5.020
2.830
4.616
5.187
5.071
3.901
4.598
4.601
4.268
4.419
3.893
3.598
4.054
4.684
3.828
4.577
6.017
6.910
4.918
4.903
3.964
5.024
4.195
3.711
3.815
4.514
4.110
4.292
3.763
4.003
5.409
5.205
4.047
4.514
4.976
4.054
4.082
2.625
3.641
3.741
4.561
4.684
5.327
4.289
4.626
4.524
4.386
4.357
5.121
3.841
3.978
5.181
3.704
3.753
3.304
2.044
2.838
3.336
4.422
4.680
4.746
4.286
5.442
5.077
5.109
5.890
5.384
5.427
4.768
4.969
5.172
4.842
4.398
4.858
4.336
4.858
4.580
4.294
4.833
4.172
3.215
3.439
3.962
3.514
4.040
3.271
2.828
4.201
4.005
4.394
4.631
4.019
4.693
5.0
5.003
4.464
4.038
4.231
4.208
3.776
4.412
5.191
5.241
4.472
4.686
4.788
4.862
5.345
4.855
5.054
4.170
5.227
4.821
4.524
4.348
4.105
4.817
4.588
4.327
4.817
5.518
5.321
5.623
1.436
1.628
1.488
1.619
2.557
2.306
1.304
1.177
1.774
2.119
1.498
1.505
2.082
2.313
2.030
1.919
1.759
2.234
1.694
1.232
1.300
1.363
1.961
1.030
1.957
1.830
1.847
1.969
1.308
1.619
2.037
2.259
1.698
1.944
2.164
1.782
1.948
1.555
1.494
1.823
2.216
1.431
1.707
1.756
2.364
2.368
1.102
1.621
1.902
1.757
1.571
1.954
2.013
1.899
1.995
1.913
1.445
1.386
2.310
1.628
1.378
1.440
1.776
2.105
1.509
1.556
1.357
1.841
1.367
0.914
1.227
2.341
1.759
2.092
2.133
2.030
2.502
1.372
1.227
1.180
1.915
2.092
1.766
1.824
2.034
2.291
1.878
1.499
1.174
1.494
1.907
1.363
1.112
1.435
2.547
2.104
1.829
1.636
2.417
1.980
1.502
1.636
1.428
2.154
2.632
1.983
1.492
2.039
1.908
1.954
1.568
1.304
1.775
1.611
1.109
1.562
2.022
1.643
1.888
1.318
1.528
1.972
2.267
2.014
1.700
2.201
2.172
2.090
1.580
1.376
1.884
1.499
0.841
1.287
2.286
2.362
2.026
1.685
2.367
2.344
1.703
1.623
1.684
1.723
2.372
1.646
1.831
1.890
2.102
1.694
1.562
1.753
2.158
2.101
2.418
2.552
1.376
2.426
1.234
1.300
1.356
1.429
2.077
1.036
2.050
1.516
1.988
1.378
1.821
1.122
2.175
1.958
1.903
1.429
1.655
1.985
1.307
1.420
1.636
2.215
1.843
1.495
1.897
1.707
2.313
1.647
1.764
1.381
2.044
1.656
1.502
1.882
1.638
1.924
1.573
2.234
1.560
1.970
1.712
1.500
1.948
1.303
1.162
1.613
1.357
1.629
1.380
1.173
1.624
1.834
1.823
1.564
1.899
1.503
1.776
1.567
1.257
1.373
1.630
1.381
1.295
1.297
1.048
1.371
0.893
1.578
1.840
1.899
1.559
1.569
1.376
1.632
1.508
1.180
1.499
1.704
1.640
1.248
1.437
1.173
1.632
1.588
1.036
1.685
1.239
1.437
1.897
0.910
1.173
1.497
1.421
1.048
1.313
1.044
2.042
1.639
1.703
1.700
1.961
1.770
1.042
1.240
1.243
1.569
1.887
1.753
1.429
1.112
1.427
1.424
0.960
0.909
1.628
1.237
1.686
1.840
1.509
1.775
1.357
0.906
1.374
1.572
1.685
1.252
1.447
1.309
2.025
1.440
0.784
1.562
1.231
1.564
1.237
1.559
1.825
1.892
1.770
2.022
1.638
1.377
1.297
1.518
1.300
1.111
1.505
1.503
1.378
1.629
1.629
1.951
1.250
1.876
1.512
1.239
1.365
1.105
1.244
1.442
1.227
2.026
1.700
1.501
1.700
1.836
1.772
1.821
1.385
1.717
1.586
1.451
1.229
1.766
1.034
1.107
0.771
1.834
1.780
1.898
1.443
1.641
2.087
1.303
1.446
1.377
1.902
1.634
1.507
1.442
1.571
1.962
1.444
1.567
1.442
1.513
1.497
1.579
1.375
1.306
1.561
1.281
1.110
1.094
1.693
1.422
1.295
1.819
1.761
1.768
1.685
1.365
1.369
1.761
1.695
1.296
1.427
1.632
1.434
1.424
1.236
1.823
1.623
1.623
1.367
1.760
1.107
1.781
1.715
1.689
1.445
1.958
1.766
1.681
1.291
1.627
2.027
1.689
1.904
1.570
1.765
1.633
1.305
1.373
9.253
8.444
7.843
9.104
7.785
6.574
9.624
9.892
9.163
10.394
9.733
8.638
9.680
10.149
9.744
9.805
10.515
9.317
9.110
8.514
8.778
8.653
7.964
7.586
4.284
8.777
10.298
10.333
10.036
9.809
9.404
10.433
9.558
10.294
9.621
10.269
9.682
8.824
8.883
9.412
8.708
7.475
8.536
8.292
9.540
9.477
9.001
7.692
7.831
6.942
10.231
9.930
10.620
10.222
11.485
10.340
9.836
9.391
9.979
10.007
10.712
9.585
10.742
9.958
9.078
8.605
6.114
7.940
8.472
8.571
5.210
7.639
8.840
8.541
10.078
9.739
10.519
10.021
9.315
5.353
8.851
9.823
9.872
10.050
10.467
10.493
10.634
8.357
8.826
8.286
8.192
9.288
9.335
8.511
10.197
10.430
10.253
9.740
9.893
10.137
9.650
9.740
9.419
9.588
9.241
8.954
9.123
9.223
10.401
9.763
10.198
10.289
8.875
8.942
8.391
4.997
8.427
8.793
8.374
9.008
9.818
9.872
9.972
9.958
9.979
10.752
10.386
10.284
10.112
9.711
8.056
9.033
8.362
4.105
7.498
8.362
9.950
10.482
10.799
10.210
10.085
9.887
8.911
9.052
10.246
10.206
10.381
10.340
10.121
10.049
10.376
10.078
10.308
10.740
10.042
10.712
10.309
10.274
9.059
9.156
8.526
8.776
10.196
7.507
8.742
8.142
8.351
8.421
9.613
10.185
9.993
10.148
10.396
8.702
8.476
10.462
8.650
7.910
8.726
10.293
10.099
10.931
10.684
11.064
10.295
10.734
9.709
9.659
10.432
10.408
10.0
10.108
7.975
9.155
9.123
10.140
10.969
9.434
9.872
10.370
10.337
6.164
4.019
4.441
4.447
5.351
4.800
6.356
5.771
6.416
6.599
6.566
7.624
7.283
6.584
6.880
7.157
7.360
6.275
8.225
6.143
5.469
5.175
4.629
4.444
2.850
5.695
6.820
7.493
8.080
7.661
7.640
7.033
6.739
7.083
6.356
6.612
6.911
6.465
6.986
7.109
8.008
7.050
6.861
7.025
5.886
6.297
5.774
5.309
5.198
4.298
7.609
7.143
6.845
6.983
6.882
6.913
7.036
6.937
7.746
5.833
7.580
6.865
7.516
7.539
7.597
5.699
2.761
4.088
4.275
4.194
2.408
5.387
5.511
5.803
7.495
7.591
6.224
7.443
7.528
3.358
7.365
7.187
7.660
6.361
7.568
7.182
6.165
5.874
5.344
5.132
5.742
5.034
6.081
6.133
7.061
7.191
7.609
7.900
7.729
6.871
7.560
7.192
7.778
7.934
8.714
7.708
7.074
6.871
7.897
7.033
6.199
7.428
6.667
6.399
6.400
3.995
4.997
5.653
4.842
6.748
7.148
8.916
7.246
7.143
7.274
6.866
8.231
7.099
6.883
6.795
4.648
6.149
4.960
3.046
4.583
5.381
7.064
7.133
6.948
7.212
6.685
6.502
6.639
7.103
7.387
7.297
6.925
6.722
6.531
6.944
7.591
7.010
6.763
7.772
6.901
6.630
6.003
5.400
5.400
5.703
5.112
5.094
4.602
5.203
6.551
6.797
7.761
6.148
6.423
6.776
6.865
7.073
6.438
6.242
5.048
4.785
5.444
4.798
4.624
6.485
6.434
6.685
7.060
6.469
7.687
6.726
7.307
7.618
6.449
7.407
7.191
7.304
7.531
7.471
6.607
6.851
6.233
5.886
6.901
6.309
6.585
