3.102
3.579
2.744
3.571
2.918
3.144
3.439
3.432
2.896
3.053
3.098
2.778
3.555
3.769
3.723
2.973
2.733
3.365
3.360
2.633
2.058
1.599
2.663
2.525
3.924
3.333
2.909
2.989
1.870
2.651
2.561
2.564
3.681
2.744
3.165
3.823
3.260
4.186
4.629
4.167
1.603
2.739
3.392
2.705
2.637
3.049
2.264
3.182
1.199
2.072
2.655
3.274
3.270
2.903
3.067
2.890
2.178
1.598
1.478
2.273
1.513
2.343
2.550
2.421
3.127
2.824
2.258
1.336
2.653
3.040
3.721
3.043
3.867
4.052
3.944
3.247
2.386
3.322
3.828
2.482
1.503
3.439
2.706
3.756
3.617
4.620
3.506
3.911
2.787
3.306
3.388
3.148
2.961
2.821
2.686
3.016
1.929
1.714
2.552
2.617
2.593
3.264
2.294
2.973
3.684
2.701
2.817
3.908
3.955
4.059
3.540
2.074
1.874
2.268
2.869
2.288
3.057
3.106
3.167
2.549
3.032
2.623
2.578
2.710
2.234
2.626
2.532
1.733
2.870
2.774
3.162
2.428
2.799
2.639
3.362
3.089
1.476
2.963
2.708
2.703
2.917
2.637
2.614
4.101
2.898
2.291
1.684
2.158
3.278
1.389
1.857
1.598
2.200
2.961
3.008
2.316
3.549
2.923
1.663
1.863
2.085
2.619
2.371
2.228
3.882
3.302
2.537
2.015
3.517
3.049
2.842
2.544
1.952
1.521
2.757
2.646
2.655
2.907
2.539
3.112
3.313
2.757
3.644
4.218
4.465
2.903
3.210
2.076
2.016
3.113
1.389
3.102
2.705
2.139
2.754
2.637
2.639
2.274
3.254
2.054
2.164
1.655
1.586
1.566
0.992
2.112
1.568
1.052
1.512
1.918
1.978
1.118
1.513
1.776
2.071
2.160
1.713
0.975
1.914
2.300
1.571
0.711
1.093
1.443
1.378
2.061
2.005
1.598
2.105
0.648
1.558
1.304
1.391
1.976
1.908
1.858
2.126
1.175
1.119
1.571
1.389
1.717
1.371
1.107
1.176
2.540
2.136
0.907
1.830
0.789
1.118
1.781
1.503
1.377
1.527
2.403
1.239
0.973
0.780
1.783
1.632
0.778
0.981
2.082
1.585
1.185
1.052
0.589
1.110
1.443
1.375
1.773
1.645
2.621
1.300
2.697
1.644
1.838
1.922
1.400
1.038
0.846
2.102
0.984
1.905
2.129
2.670
2.114
1.321
1.044
1.449
1.963
2.038
1.110
1.042
1.940
1.772
0.709
0.711
1.390
1.893
0.903
1.182
1.042
2.318
1.796
0.916
1.163
1.581
1.961
1.034
1.180
1.307
1.438
1.112
1.247
0.909
2.104
1.174
1.057
1.298
1.046
1.919
1.490
1.378
1.497
2.164
1.834
1.100
1.837
1.246
2.054
1.490
1.054
1.713
1.914
2.052
0.897
1.505
1.589
2.123
1.700
1.316
1.382
2.204
2.654
1.057
0.913
1.107
2.126
1.368
0.779
0.906
1.497
1.671
1.698
1.315
1.781
2.626
0.786
0.653
0.846
1.508
1.825
1.042
1.987
1.513
1.512
1.434
1.436
2.108
1.386
2.431
1.034
0.914
1.187
1.782
1.102
2.098
1.385
2.717
1.974
1.582
1.445
1.586
2.340
1.635
1.528
1.526
0.921
1.445
0.770
1.637
1.655
1.579
1.327
1.248
1.518
1.625
2.255
0.777
1.109
1.687
1.443
0.913
1.513
0.983
0.977
1.299
1.509
1.309
1.574
0.983
1.327
2.073
1.566
1.169
1.624
1.246
1.927
1.238
0.909
0.582
1.173
1.359
0.851
2.510
1.653
1.635
1.382
0.649
0.779
1.309
1.508
1.838
1.045
1.698
1.774
1.041
1.442
1.714
1.635
1.234
0.789
0.858
1.040
1.708
1.630
0.845
1.043
0.778
1.035
1.656
1.503
1.053
1.181
1.978
0.986
0.582
0.776
0.850
0.909
0.778
0.838
1.444
1.576
1.316
1.294
1.106
0.713
1.110
1.435
1.236
1.227
2.513
1.676
1.689
1.739
1.100
1.707
1.313
1.097
0.583
1.712
1.052
1.965
1.709
2.656
2.210
1.498
0.967
1.770
1.184
1.918
1.252
1.044
0.784
1.050
0.900
0.900
1.179
1.180
1.230
0.975
1.097
1.057
1.118
1.568
1.236
1.452
0.916
1.231
1.229
1.311
0.851
0.843
0.712
1.041
1.312
0.971
1.186
1.235
1.440
1.502
1.111
1.760
0.644
1.560
1.169
0.781
1.775
1.239
1.305
1.243
1.247
0.981
1.516
1.645
0.387
1.564
1.436
1.825
1.509
1.113
0.980
1.255
1.640
1.300
0.977
1.373
1.661
1.032
0.967
0.774
0.851
1.194
0.847
1.354
2.321
1.638
1.107
0.903
0.715
1.311
1.233
0.906
1.636
1.185
0.904
1.041
1.181
1.988
1.645
1.439
0.584
0.647
1.564
0.909
1.164
1.712
1.246
1.380
1.521
1.262
1.101
1.582
1.451
1.108
1.798
1.187
1.052
1.234
0.647
1.557
1.375
1.373
1.372
1.179
1.248
1.113
1.187
0.907
1.170
8.028
8.221
8.026
9.038
9.279
8.020
7.887
7.741
9.302
8.263
8.209
7.900
9.180
9.922
8.801
8.878
7.510
8.705
9.117
8.659
7.867
6.011
6.695
6.206
7.650
9.225
7.516
8.033
7.633
6.555
7.274
8.509
9.002
9.065
8.269
8.251
8.006
7.930
8.176
9.429
7.843
6.553
7.741
9.201
8.809
9.859
8.619
6.463
7.428
6.676
6.263
8.662
7.605
7.915
8.351
9.104
5.898
3.939
5.098
6.916
6.233
6.113
6.395
8.886
8.078
8.939
6.931
6.548
6.960
8.079
7.621
9.117
8.514
8.460
9.059
8.824
6.560
6.770
8.298
7.687
5.587
3.865
8.232
8.648
8.439
9.302
8.368
9.287
8.097
8.205
8.763
9.084
7.637
8.954
7.978
8.693
8.621
6.553
6.993
8.292
5.960
7.287
8.479
8.435
8.369
8.945
8.298
6.472
7.703
6.485
6.962
8.298
7.077
6.133
6.732
6.914
7.008
8.988
7.153
7.461
7.315
9.410
7.875
8.068
7.867
6.913
7.698
5.017
6.021
7.597
8.227
8.665
8.523
8.506
8.760
10.079
8.368
5.708
9.257
9.507
8.493
9.207
9.318
8.404
9.174
8.965
7.784
6.648
9.311
8.269
4.614
6.601
5.300
6.833
9.591
9.187
9.193
10.183
7.917
4.405
6.719
7.867
7.983
6.517
7.746
9.227
8.068
6.722
8.469
8.745
9.473
8.584
8.677
6.472
7.407
8.114
7.113
6.793
8.945
10.355
9.914
9.142
7.178
7.676
9.730
7.444
7.479
8.803
7.585
6.084
5.528
4.474
7.194
7.148
7.384
7.951
9.006
7.066
7.350
8.333
5.903
6.456
6.845
6.829
7.975
5.792
4.924
8.466
6.923
7.913
7.778
7.660
7.714
7.628
7.358
6.344
7.798
7.305
6.657
7.773
6.606
5.734
4.213
4.670
4.448
6.856
9.637
8.601
7.415
4.951
5.031
7.275
6.402
7.766
9.008
7.133
7.182
5.841
7.741
8.252
9.602
5.765
5.073
7.449
7.580
7.392
8.842
5.182
6.241
6.181
3.760
6.681
10.042
6.708
8.293
6.579
8.995
5.744
6.314
7.816
7.922
4.924
4.804
6.821
7.469
6.137
7.268
6.146
4.087
6.501
6.648
8.553
7.789
5.854
7.618
9.060
6.502
6.346
8.207
9.693
6.528
3.754
7.098
8.687
9.349
7.274
11.343
10.897
9.798
7.223
7.148
7.735
10.672
8.500
5.402
5.744
7.818
4.746
4.150
7.390
7.099
5.911
8.732
7.104
8.723
6.804
7.057
4.948
8.451
5.718
4.658
5.890
4.969
3.491
3.949
3.798
3.706
6.875
5.882
7.915
6.658
7.187
7.536
5.598
7.820
6.946
7.509
7.598
5.593
7.931
8.396
7.084
5.021
6.998
8.287
6.588
7.268
4.571
6.529
8.345
6.880
7.307
7.338
7.692
8.328
5.907
5.344
5.424
4.709
6.880
4.514
2.925
4.897
4.437
7.937
6.534
6.061
8.020
8.339
5.398
3.912
4.632
6.853
5.788
5.197
6.634
7.456
5.683
5.838
6.042
8.449
8.028
6.393
6.232
4.172
4.467
6.985
6.358
7.078
8.502
9.430
9.263
8.059
7.327
8.437
6.964
6.947
8.583
8.0
8.269
6.546
4.285
8.940
8.567
7.256
4.061
7.003
6.073
6.216
7.918
5.813
4.444
