3.358
2.502
3.441
3.267
3.235
3.674
3.117
3.416
3.854
3.079
3.439
2.813
3.946
4.078
3.0
3.079
3.215
3.407
3.347
2.819
2.901
2.392
2.703
3.644
2.846
3.289
3.581
3.358
3.176
3.087
2.670
3.098
3.691
2.765
3.131
2.869
3.552
2.253
2.865
2.947
3.055
2.485
2.676
3.018
2.533
3.156
2.552
2.840
2.327
2.722
3.175
3.213
4.505
3.230
3.304
3.059
3.184
3.152
3.360
3.488
2.686
3.091
3.083
3.464
2.870
3.211
3.448
3.481
3.228
2.523
2.297
3.545
3.726
3.100
2.528
2.517
2.892
2.545
3.200
2.414
3.104
3.372
3.636
3.051
3.654
2.824
3.654
3.014
3.391
3.723
2.998
3.196
3.300
2.200
3.071
3.159
2.945
3.574
2.703
2.969
2.708
3.028
2.898
2.981
3.358
2.607
2.783
3.627
3.117
2.739
3.831
2.441
4.791
3.591
3.154
3.045
3.631
3.140
2.730
3.127
3.455
3.789
3.743
3.267
3.057
3.295
3.598
2.821
3.471
2.791
3.484
2.770
2.826
3.028
3.049
2.981
3.297
3.711
2.963
3.627
2.806
3.273
3.981
3.034
3.148
3.156
3.289
3.676
3.711
2.847
3.204
2.557
3.898
3.411
2.763
2.525
2.828
3.383
3.391
3.075
3.024
3.569
3.803
2.823
3.529
3.063
3.250
2.549
2.414
2.660
3.304
3.098
3.045
3.245
3.748
3.274
2.817
2.809
2.750
2.783
3.219
2.865
3.962
3.402
3.146
2.799
3.342
2.830
3.219
3.651
3.119
3.020
3.984
3.049
3.598
2.838
3.416
3.159
3.041
3.353
3.018
2.128
2.271
2.593
2.112
2.309
2.450
1.508
2.375
2.181
2.515
2.227
2.101
2.130
2.658
2.185
1.898
1.969
2.772
2.121
2.225
1.966
2.038
3.271
2.390
1.966
2.042
2.319
2.487
1.837
1.913
2.164
2.462
2.468
1.521
1.915
2.249
2.241
1.388
1.969
1.965
2.460
2.109
1.801
2.067
1.976
2.527
2.330
1.637
1.909
2.301
2.230
2.087
2.224
2.378
2.128
2.157
2.444
1.782
2.578
2.174
2.674
1.779
2.838
2.710
2.039
1.909
2.104
2.246
2.567
1.630
2.214
2.437
2.538
2.365
1.643
1.879
2.489
2.306
1.958
1.644
2.489
2.802
2.319
2.347
2.301
2.441
2.621
1.908
1.638
2.637
2.647
1.838
2.307
1.319
2.597
2.253
1.765
2.285
2.306
3.088
1.884
1.837
2.256
2.567
2.253
2.078
2.216
2.785
2.772
1.912
2.177
2.219
2.431
2.721
2.163
2.027
2.452
3.086
1.775
1.993
2.083
2.525
2.653
1.779
1.715
2.329
2.312
2.042
1.767
2.046
2.653
2.307
1.978
2.030
2.067
2.724
2.118
2.384
1.969
2.838
2.623
2.033
2.277
1.602
2.900
2.044
2.255
1.987
2.644
2.452
2.035
2.102
2.931
2.710
1.854
2.107
1.327
2.876
2.439
1.514
1.645
2.552
2.793
2.031
2.306
2.158
2.172
2.518
1.822
1.699
2.780
2.439
2.290
2.507
1.775
2.384
2.111
2.027
1.825
2.035
2.235
2.079
2.335
2.322
2.449
2.767
1.781
1.915
2.442
3.059
1.899
1.984
2.193
2.968
2.713
1.897
2.050
2.074
2.387
1.639
1.919
1.893
1.718
1.905
1.846
2.190
2.219
2.029
2.092
1.918
1.893
1.899
1.722
2.699
2.183
2.101
2.033
1.708
2.227
1.505
2.232
1.714
2.240
2.295
2.022
1.693
2.098
2.157
2.087
1.712
2.030
2.155
1.914
1.837
1.772
2.150
2.167
1.510
1.741
1.711
1.913
2.868
1.567
2.253
1.711
2.025
1.845
1.525
1.699
1.565
1.708
1.514
2.065
2.699
2.029
1.967
1.971
1.768
1.851
1.905
1.909
1.765
2.247
2.887
1.962
2.232
1.899
2.025
2.301
1.952
1.444
2.295
2.164
1.974
1.769
1.757
1.565
1.639
2.023
1.646
1.576
1.963
2.165
2.065
1.635
1.913
2.098
1.516
1.764
2.085
1.597
1.772
2.163
1.834
1.507
1.838
2.009
1.832
2.035
1.843
2.087
1.767
1.834
2.122
1.634
1.562
1.384
1.516
2.031
2.592
1.963
1.449
2.508
2.439
2.053
1.830
1.993
1.645
1.892
2.102
1.849
2.429
2.885
2.058
1.847
2.279
1.915
1.831
2.170
2.094
2.477
2.165
2.105
1.993
1.915
2.479
1.772
2.167
2.286
2.495
2.151
1.946
2.623
2.241
2.434
1.954
1.905
1.582
1.766
2.093
2.034
2.042
2.237
1.857
1.578
1.848
2.561
1.957
1.782
2.038
1.857
1.595
2.798
1.697
1.590
1.503
2.240
2.121
2.502
1.772
1.912
1.723
2.498
2.562
1.636
1.781
2.035
1.762
1.504
1.583
2.092
1.445
1.913
2.252
1.900
1.989
1.904
2.799
2.219
2.188
1.907
1.974
2.115
2.249
2.104
1.647
1.846
2.277
2.313
2.348
2.052
1.832
7.172
6.026
7.635
6.449
6.889
6.726
6.341
6.449
6.489
6.721
6.288
6.920
7.051
8.206
5.728
5.946
6.065
7.222
6.566
6.704
6.172
6.293
6.054
7.315
7.315
6.964
6.177
6.460
6.132
7.202
6.211
6.263
8.410
6.962
6.083
7.241
6.894
5.697
5.806
6.837
6.562
5.960
7.676
6.774
5.176
5.071
5.590
5.590
5.357
4.467
6.340
6.359
8.509
6.806
7.351
6.769
7.188
6.115
6.259
6.952
6.250
6.228
8.380
7.233
6.367
6.194
6.797
6.993
6.601
6.774
6.662
7.799
8.711
7.660
7.779
6.570
7.078
6.801
6.508
6.405
7.258
6.755
7.351
7.320
7.212
6.906
6.704
6.536
6.032
7.371
6.561
5.773
7.958
6.648
6.593
7.148
5.797
6.379
7.138
7.448
6.699
6.977
7.420
6.552
7.040
6.177
6.301
7.843
6.685
6.834
6.768
7.207
7.550
7.486
6.840
6.125
6.804
7.426
6.430
6.823
7.123
7.202
7.479
6.974
6.608
6.778
6.954
6.735
6.414
6.986
6.052
7.827
8.396
6.793
6.588
7.192
7.013
6.639
6.759
7.030
6.825
7.891
8.242
7.256
7.173
7.602
6.880
7.729
6.927
6.764
6.402
6.791
6.598
8.427
6.612
6.198
7.505
6.671
7.108
6.740
6.102
6.763
7.958
7.039
6.745
6.986
6.494
6.807
6.648
6.901
6.285
7.310
7.192
6.958
7.812
6.904
7.782
7.019
7.034
7.118
7.236
7.167
7.456
7.849
7.037
7.192
6.634
6.489
6.625
7.133
7.382
6.993
7.805
6.918
6.809
6.856
6.092
6.189
7.714
5.936
6.760
7.069
8.408
7.565
7.940
7.387
7.397
7.983
7.459
7.708
8.678
7.236
8.099
8.118
7.909
6.746
7.034
7.831
7.395
8.293
7.285
7.740
6.377
8.230
7.583
7.843
7.462
8.179
7.735
7.842
8.022
7.804
7.651
7.148
6.813
5.756
7.645
6.114
5.847
7.951
7.757
6.541
6.778
6.983
8.392
8.478
8.072
8.998
8.114
8.683
8.516
7.034
6.528
6.653
7.163
6.607
7.133
7.292
7.157
7.572
7.119
6.731
6.948
7.994
7.020
7.319
8.186
7.349
7.519
7.809
6.727
7.344
6.186
6.730
5.716
6.122
5.974
6.490
8.033
7.877
7.745
8.148
7.497
6.956
7.734
7.519
7.392
8.431
7.687
7.639
7.379
6.456
6.635
5.495
5.655
6.899
8.049
7.765
8.116
8.781
7.212
8.425
6.572
7.850
7.803
6.124
7.054
8.072
8.247
7.466
7.698
7.030
7.602
7.640
8.316
7.060
7.917
7.250
6.801
7.880
7.838
7.581
6.727
7.635
7.118
7.783
8.437
5.862
6.708
6.373
7.032
7.315
7.192
6.272
7.433
7.265
6.607
8.558
6.597
7.596
6.621
7.351
6.699
6.190
7.756
7.397
6.966
7.241
7.287
6.685
7.103
6.868
7.438
7.782
7.433
6.949
7.038
6.966
6.899
7.099
6.547
6.069
6.538
6.190
7.044
6.768
7.059
6.787
6.593
7.025
6.769
6.840
7.650
7.153
6.875
6.584
7.227
6.787
5.503
5.988
5.894
5.926
6.573
5.838
7.975
6.554
7.114
6.970
6.280
6.785
7.094
7.556
6.846
6.735
6.909
7.197
6.516
7.339
7.198
7.370
7.198
7.554
