4.775
3.457
4.983
3.142
5.030
4.362
4.434
4.223
3.206
4.518
4.692
4.633
3.362
4.527
3.748
3.679
3.960
5.203
4.409
4.428
4.730
6.321
3.230
4.772
4.061
4.391
5.073
5.511
4.144
5.041
4.633
5.319
3.684
4.244
4.628
4.603
3.336
4.437
5.176
4.354
5.629
5.817
4.147
4.980
6.233
5.921
3.401
4.809
5.224
5.046
6.377
4.831
4.615
6.246
6.658
4.927
3.571
4.408
2.822
5.878
7.092
3.995
3.247
2.273
4.192
5.326
4.120
5.106
4.731
4.552
5.567
4.418
5.699
2.279
4.702
3.532
5.0
4.794
5.007
5.057
5.976
4.515
7.459
4.437
4.476
5.057
4.092
4.743
3.925
4.290
4.211
4.016
5.235
4.908
4.236
4.088
2.793
4.987
5.350
5.053
4.990
4.615
5.409
5.997
5.515
5.210
3.973
6.179
4.612
3.444
3.844
4.756
5.382
5.336
4.424
4.155
4.013
5.874
6.012
3.976
4.597
2.449
4.342
3.859
5.288
3.296
3.421
4.434
5.245
5.040
3.684
3.471
4.494
4.374
4.765
4.797
4.067
5.116
4.736
5.559
3.714
3.344
4.016
4.615
5.037
4.244
4.091
5.135
4.784
6.045
4.161
3.650
4.342
3.880
4.784
3.716
3.351
4.698
5.937
2.889
4.800
4.026
4.847
4.305
3.054
5.355
3.508
4.211
4.298
4.816
5.649
3.245
4.051
3.867
5.459
4.260
3.331
4.050
3.889
5.676
4.922
3.270
3.995
5.277
4.557
3.892
4.947
3.723
4.285
5.334
5.756
4.685
4.125
3.198
5.344
4.829
4.128
3.504
4.032
4.557
5.475
4.950
4.654
5.420
4.617
6.032
6.636
6.609
4.206
5.348
6.445
5.898
5.526
5.130
5.855
5.239
5.652
5.400
6.030
6.676
5.655
6.204
8.072
5.113
5.890
5.391
6.325
5.918
7.483
5.323
7.043
5.449
6.501
4.512
5.302
6.920
6.538
3.750
5.871
5.369
6.032
6.296
5.118
5.040
6.296
6.608
7.076
4.181
5.284
5.941
6.089
5.676
5.556
4.601
5.756
7.826
5.733
3.786
5.245
2.243
6.536
6.351
5.106
4.910
2.537
4.720
5.570
5.485
5.638
4.682
4.977
5.099
5.253
5.843
2.479
3.729
3.446
6.036
5.952
5.996
6.409
6.901
5.500
6.667
6.087
4.980
6.233
3.954
5.985
5.478
5.804
4.438
5.274
6.805
5.795
4.570
5.600
3.892
7.257
7.072
6.192
4.645
4.325
6.179
7.928
5.762
6.830
6.013
7.425
6.627
4.126
5.497
4.434
6.653
7.243
5.805
6.835
6.147
6.963
7.553
5.973
5.298
2.647
5.753
5.151
6.359
4.944
4.339
6.387
7.143
4.651
5.634
4.421
4.231
4.371
6.640
5.902
5.217
6.954
6.764
5.981
5.393
4.103
4.588
5.253
5.518
4.630
4.415
5.976
6.966
5.977
4.061
4.933
3.890
5.459
5.965
5.522
5.281
7.028
6.964
4.0
6.150
5.941
5.615
5.345
4.307
5.023
3.820
5.474
5.992
5.068
6.004
4.579
4.316
5.270
5.425
4.804
3.966
5.284
3.968
5.827
5.473
3.437
5.425
5.164
4.521
4.479
4.913
4.816
4.958
6.724
7.383
5.511
5.967
4.686
6.048
5.604
5.013
4.676
4.976
6.117
4.983
4.740
4.503
5.256
4.750
5.770
5.236
5.066
4.705
4.876
5.242
5.267
3.906
4.712
4.977
3.818
5.402
4.097
6.689
5.577
4.825
5.197
6.530
4.257
5.235
4.521
4.503
4.682
5.926
4.930
6.848
4.784
5.404
3.783
4.125
5.730
5.578
3.694
5.097
4.672
4.883
5.630
4.415
3.912
4.421
4.893
5.366
3.963
4.316
4.765
5.445
4.083
3.769
5.343
5.260
5.660
5.197
4.117
3.965
2.471
5.281
5.178
4.139
3.987
2.592
5.371
4.530
3.938
5.267
4.067
4.046
3.882
4.114
4.653
2.532
3.511
3.066
4.616
4.097
4.153
5.169
6.052
4.178
5.902
5.323
4.024
4.415
3.986
3.992
4.061
4.365
3.753
4.178
4.169
4.120
3.150
4.178
3.098
5.357
4.950
4.960
3.897
4.336
4.453
5.312
4.585
4.412
4.111
5.604
5.418
3.607
3.805
3.386
5.0
5.040
3.718
4.167
3.974
5.063
5.120
4.756
4.230
2.798
5.242
4.787
4.648
3.826
3.517
5.130
5.758
4.563
4.542
3.900
3.952
4.319
4.597
4.267
3.979
5.720
5.284
4.976
4.310
3.902
4.425
4.255
4.916
4.539
4.960
4.679
5.327
4.950
3.902
3.920
3.607
5.175
5.060
4.597
4.131
5.434
5.396
3.375
4.060
4.299
5.316
4.867
3.519
4.443
3.104
4.781
5.991
5.138
4.142
3.271
5.168
4.464
4.759
4.973
3.946
3.895
3.874
5.111
4.784
3.173
3.962
4.762
4.064
3.995
3.919
3.928
3.874
5.330
6.136
4.050
3.920
2.549
4.933
5.703
4.542
4.122
5.603
4.476
3.895
4.003
3.595
4.467
3.746
4.618
5.228
4.823
4.333
4.016
3.957
3.954
4.481
4.094
4.450
3.251
4.679
4.778
5.024
5.260
4.097
5.478
6.906
4.189
4.640
4.270
4.724
4.993
5.362
4.208
5.735
4.533
5.384
3.191
3.987
5.563
5.366
3.395
4.485
5.190
4.868
4.963
5.347
3.820
5.710
5.245
6.065
3.316
5.144
4.640
4.804
4.409
4.485
4.400
5.238
5.537
4.374
3.721
3.767
2.964
4.927
5.160
4.241
4.452
2.139
4.913
4.963
4.883
5.389
4.527
4.914
5.0
3.803
5.855
2.078
3.769
2.599
4.899
4.980
4.937
4.071
5.330
4.630
5.544
5.017
4.899
4.775
4.330
5.388
4.648
5.020
3.524
4.524
6.095
4.310
3.425
4.019
3.716
5.674
5.745
4.867
4.515
3.751
5.898
6.773
5.921
5.288
4.388
6.143
5.762
4.809
4.494
4.588
5.316
6.530
5.812
5.508
5.076
6.262
6.163
4.944
5.773
2.310
6.042
5.824
6.086
3.526
3.933
6.105
4.509
4.045
4.048
3.785
5.456
4.371
4.823
4.615
3.916
5.333
4.438
5.126
4.627
3.418
4.545
5.445
5.665
4.216
4.721
4.752
5.882
5.559
3.736
4.230
4.348
5.500
4.765
4.503
4.545
4.582
6.283
2.765
4.591
4.633
5.871
4.967
4.368
4.648
3.133
4.424
5.072
5.344
5.953
3.111
5.113
4.427
4.973
6.246
4.048
4.083
3.333
5.948
5.968
3.384
4.667
5.010
4.531
3.694
4.640
4.088
4.230
5.418
5.795
3.907
3.751
3.455
5.945
4.876
4.244
4.475
4.506
4.637
3.761
3.430
2.589
3.068
3.292
3.260
3.605
3.987
3.018
3.652
3.164
3.630
2.846
3.851
2.351
3.676
2.635
4.388
3.621
3.928
3.741
2.980
3.619
4.158
2.566
3.696
3.533
3.876
3.805
3.411
3.752
3.892
4.205
3.801
2.829
4.251
4.368
4.362
4.260
3.801
4.417
4.274
3.806
4.112
3.287
4.608
4.270
4.664
2.633
4.693
3.505
3.974
4.296
3.148
4.175
4.997
5.559
4.677
2.719
2.657
3.958
4.080
4.083
2.706
3.036
1.812
4.474
4.305
3.979
3.623
3.142
3.457
4.236
3.034
2.750
2.493
4.385
2.406
3.889
3.467
3.444
4.654
3.877
3.469
5.359
3.119
4.417
3.844
3.170
3.891
3.966
4.188
3.268
3.654
3.786
3.270
2.880
2.955
3.189
3.992
4.086
3.635
2.966
4.167
4.021
4.677
3.989
3.331
3.264
3.777
3.955
3.392
2.912
4.013
3.245
3.336
4.131
3.187
3.437
4.374
4.053
3.876
3.285
2.632
3.781
3.209
3.731
2.887
3.545
3.524
4.250
3.743
2.794
3.125
3.166
3.271
3.046
3.469
4.101
3.165
4.008
3.689
2.897
3.441
4.196
4.536
4.470
2.452
3.874
3.360
4.380
2.804
3.428
3.119
3.931
3.726
3.859
3.264
2.941
4.0
3.887
2.616
3.711
2.976
3.465
3.488
2.329
4.497
2.387
5.062
3.706
4.258
3.235
2.770
3.605
2.961
4.452
2.276
3.183
3.560
3.266
3.931
3.427
1.992
2.774
3.331
3.694
3.564
3.831
2.630
3.691
3.724
3.854
3.152
3.215
2.778
4.636
4.421
2.449
3.371
4.139
2.588
