4.389
5.391
4.942
5.378
5.623
6.018
5.0
4.781
5.514
3.386
4.876
5.087
4.508
6.048
5.027
5.781
4.993
4.733
5.585
5.181
5.263
5.303
5.655
5.034
6.387
5.548
5.759
5.431
5.716
5.798
5.898
6.027
5.256
6.092
5.055
6.075
6.237
5.846
5.902
5.306
5.597
4.117
4.362
5.213
5.162
6.250
5.469
6.106
4.665
4.707
5.458
5.346
4.983
5.139
5.089
5.048
5.381
6.034
4.727
5.930
5.942
5.332
4.920
5.446
5.631
5.541
4.970
5.003
6.157
5.938
5.806
5.450
5.950
6.348
5.074
5.815
4.360
5.613
4.997
5.374
5.202
4.845
5.660
4.929
5.761
5.582
5.031
5.085
5.712
4.890
5.771
5.797
5.556
5.769
4.929
6.330
5.710
5.303
4.891
5.522
5.655
5.778
4.536
4.443
5.155
4.972
6.061
5.003
4.880
5.238
5.476
5.007
5.151
5.898
5.234
5.206
5.260
5.116
5.123
5.381
5.078
5.106
5.563
5.827
4.206
5.639
6.434
6.036
5.645
4.983
5.997
5.839
5.252
5.695
4.675
5.522
5.458
5.677
5.800
4.953
5.072
5.654
5.153
4.918
5.544
6.208
5.020
5.205
5.609
5.681
6.224
4.742
5.416
5.370
5.357
6.061
6.114
5.195
6.008
6.088
5.352
6.267
6.125
6.079
5.552
5.340
5.044
4.814
5.757
5.288
5.646
6.079
5.137
5.525
5.659
6.162
5.498
4.823
4.727
5.160
5.452
5.955
5.132
5.245
4.558
5.118
5.583
5.163
5.613
5.149
4.976
5.170
4.959
5.045
5.085
5.424
5.462
5.267
5.160
5.732
5.191
4.051
5.404
4.615
3.378
3.617
4.885
4.372
4.175
3.908
2.922
4.366
4.318
4.043
4.251
4.752
5.017
4.290
4.684
4.090
4.885
4.653
4.360
4.418
4.348
4.362
4.313
3.997
4.248
4.739
4.536
4.241
3.769
3.411
4.591
4.124
4.083
3.844
4.749
4.855
3.728
4.410
3.718
3.831
4.158
3.826
4.607
5.044
3.919
3.010
3.347
4.749
4.595
4.600
3.774
3.618
5.503
4.189
3.649
4.186
4.330
4.497
4.209
4.021
4.211
4.768
3.638
4.032
3.973
4.484
4.274
4.122
3.849
4.868
4.736
3.496
5.238
4.327
4.481
3.810
4.297
3.596
4.130
4.710
4.130
4.206
3.523
2.961
4.345
4.138
3.898
3.815
4.632
4.318
3.984
3.761
4.823
4.203
4.095
4.292
3.782
3.962
4.057
4.155
4.133
3.721
5.356
3.627
3.864
4.016
4.573
4.071
3.344
3.629
4.363
4.195
4.345
4.108
4.027
4.586
4.289
3.817
3.932
4.336
5.010
3.666
4.580
4.158
5.484
4.648
4.503
4.094
5.027
4.441
3.823
4.056
4.362
3.823
4.234
3.771
3.981
4.348
4.416
3.911
4.865
4.108
5.786
4.043
3.882
3.973
4.274
4.807
4.237
4.079
3.651
4.453
4.240
4.749
3.784
4.035
4.198
3.465
3.849
3.924
5.260
3.909
5.078
3.537
4.181
4.791
3.789
3.898
4.310
4.229
3.932
3.772
4.585
4.345
4.472
4.111
4.172
4.312
4.645
3.857
4.591
4.008
4.953
4.689
3.880
3.630
3.807
4.898
3.946
3.378
3.372
4.147
4.691
3.828
4.130
3.511
4.300
3.591
4.0
3.767
3.948
4.130
3.224
3.663
4.487
3.411
3.817
3.524
3.552
3.656
4.083
3.981
4.564
3.689
3.992
3.322
4.133
3.984
4.254
4.536
4.281
3.890
3.401
4.304
3.483
3.374
3.460
4.141
3.995
2.725
3.608
4.030
3.846
3.758
3.791
4.122
3.674
3.634
2.865
3.694
3.129
3.327
3.709
3.986
4.186
3.586
2.667
2.677
3.492
4.038
4.275
3.075
3.627
3.588
3.932
3.691
3.091
3.484
4.530
3.890
3.437
4.175
4.720
4.885
3.089
3.684
2.909
3.666
3.239
3.618
3.976
3.862
3.523
3.975
3.820
3.555
4.301
3.803
3.559
4.083
3.872
3.499
3.659
3.397
3.681
3.638
3.581
3.872
3.704
4.467
4.211
3.488
4.005
3.771
4.043
3.356
3.828
4.145
3.997
3.492
2.896
3.295
3.957
4.640
3.800
3.877
3.864
3.588
3.906
3.646
3.555
3.351
4.438
3.562
4.046
3.815
3.583
3.992
4.0
3.521
3.766
4.659
2.921
3.451
4.124
4.198
3.378
3.671
3.506
4.086
4.175
3.598
4.046
3.349
4.161
3.562
3.631
3.338
3.704
3.607
3.495
3.714
3.838
3.571
3.372
3.469
3.610
3.791
4.003
3.805
3.351
3.555
4.078
4.115
3.304
3.574
4.150
4.049
3.666
3.893
3.644
4.049
4.172
3.252
3.940
3.619
4.475
3.656
4.133
3.833
4.046
4.435
3.779
3.550
3.624
4.111
3.979
3.771
3.562
4.049
3.270
3.691
3.584
3.936
4.0
4.088
4.278
3.723
4.603
3.522
4.091
3.800
3.893
4.435
3.779
3.887
3.331
4.730
4.061
7.442
8.425
7.713
8.271
7.809
8.299
8.771
7.947
7.772
5.442
8.546
7.906
7.756
7.891
7.923
8.443
7.448
7.714
7.336
7.629
7.994
7.529
8.198
7.645
8.558
9.197
7.672
8.145
8.214
7.933
8.585
8.230
8.809
9.173
7.778
9.280
8.442
8.258
8.770
7.995
8.293
8.082
4.781
7.931
8.455
9.566
9.276
8.333
8.264
6.271
8.874
8.897
9.399
7.671
8.116
9.347
9.040
8.464
8.648
8.589
7.475
8.818
7.531
8.937
9.195
9.388
7.372
8.791
8.811
8.316
8.627
7.882
8.345
8.515
8.591
8.942
8.170
8.522
8.060
8.230
7.666
8.116
8.750
8.438
8.605
9.296
7.650
8.050
7.888
8.271
8.144
8.420
8.287
7.724
8.247
8.494
8.803
7.528
8.140
8.059
8.091
9.198
8.153
8.690
8.587
8.779
8.271
8.287
8.542
8.270
8.479
7.698
8.436
7.825
8.448
9.724
8.445
9.351
8.678
8.657
8.568
7.671
7.884
8.791
8.172
8.901
7.819
8.270
8.408
8.132
8.552
7.902
7.143
7.423
7.714
8.397
7.891
7.088
7.618
7.188
6.801
7.282
6.699
7.167
7.014
7.798
7.666
7.750
7.469
7.167
7.931
8.264
7.525
7.824
7.812
8.569
8.621
7.756
7.371
7.490
7.784
7.369
8.190
8.069
7.787
9.047
7.629
7.886
7.698
8.138
8.038
7.341
8.119
7.682
7.724
8.705
8.489
7.413
6.775
7.063
7.981
7.687
8.328
8.448
8.797
9.243
8.773
8.014
6.994
8.414
7.676
8.921
6.713
7.650
8.744
9.135
7.981
8.665
7.820
7.904
8.965
8.184
7.713
7.756
7.932
7.771
8.425
7.703
7.187
8.196
5.461
7.010
7.973
8.213
7.797
8.148
7.640
8.147
7.833
7.084
7.902
8.595
7.445
8.059
8.210
7.445
8.568
6.885
7.927
7.355
7.932
7.897
7.186
7.604
7.692
7.264
6.977
8.046
7.687
7.931
7.877
7.775
7.090
5.508
7.002
8.602
7.337
8.211
7.997
7.666
6.809
8.283
7.453
5.930
6.566
6.690
6.789
5.486
6.229
5.995
7.074
6.589
6.726
6.629
6.916
6.671
7.814
6.186
6.323
7.339
7.650
7.182
7.430
6.935
7.886
7.070
6.776
7.012
6.469
7.314
6.471
7.417
7.202
7.430
6.186
6.065
6.745
7.157
6.785
7.036
7.027
6.520
6.962
7.397
7.212
7.519
7.346
6.689
8.008
6.648
6.514
7.255
7.582
6.707
8.055
7.687
7.186
7.362
7.900
7.635
7.734
7.682
8.191
7.266
8.033
8.254
7.927
7.745
7.572
7.172
8.249
7.682
8.104
8.104
8.121
8.293
8.651
8.705
7.880
8.418
7.776
8.556
7.880
7.734
7.913
7.212
7.955
7.871
9.153
8.270
8.681
8.514
8.299
8.127
7.945
7.635
7.729
8.368
8.073
7.654
8.669
8.117
7.650
8.194
7.745
7.830
8.258
7.871
7.650
8.243
7.483
7.624
7.824
6.831
8.431
6.953
7.339
7.390
7.450
7.202
7.981
8.061
7.861
6.090
6.616
5.396
6.639
6.602
6.555
6.293
6.791
7.405
7.654
6.686
6.143
6.572
6.588
6.662
7.034
6.717
6.768
6.440
6.940
6.327
7.433
6.797
6.358
6.972
7.250
6.103
7.020
7.634
