4.277
3.540
3.659
3.089
4.225
2.416
2.750
4.051
4.220
3.182
3.854
3.554
3.699
4.616
3.794
3.320
3.781
3.486
3.276
3.053
3.654
3.146
3.422
3.131
3.486
4.152
3.812
3.883
3.178
2.597
2.871
3.967
3.104
3.521
3.481
3.401
3.739
4.141
1.848
3.825
4.110
3.666
3.499
3.394
3.924
4.181
3.919
3.376
3.106
3.458
2.635
2.999
3.072
3.802
3.946
4.096
3.404
2.853
3.463
3.189
3.378
3.199
3.363
3.550
4.438
5.037
4.470
5.823
3.953
3.664
3.691
3.533
3.263
4.860
2.892
2.884
4.401
2.973
3.367
3.812
3.535
3.802
3.117
3.656
3.964
4.124
3.097
3.615
3.951
4.111
3.927
3.854
3.668
3.719
4.620
3.309
4.254
4.461
3.992
3.734
4.111
3.919
3.820
4.155
4.284
4.172
4.084
3.397
4.755
3.736
3.810
3.479
4.158
3.001
4.144
3.825
4.172
4.133
3.880
3.938
3.610
3.784
3.313
3.867
3.851
3.418
3.625
4.181
4.527
3.327
3.938
2.739
3.291
2.826
3.351
3.038
2.853
2.710
4.324
4.073
4.225
4.167
2.974
3.108
4.357
3.992
3.569
3.970
3.989
3.439
3.895
4.052
4.354
4.431
4.049
3.959
3.465
4.014
3.661
4.107
4.189
3.306
4.195
4.149
4.228
3.815
4.096
4.033
4.386
4.014
4.662
3.948
3.927
4.268
3.739
4.390
4.579
4.127
3.885
3.981
3.804
3.932
3.608
4.0
4.354
3.694
3.503
3.836
3.729
3.650
4.221
3.664
4.351
3.586
3.186
3.668
3.761
4.003
3.537
3.797
3.523
3.371
2.668
2.851
3.340
3.659
2.485
2.520
2.276
3.163
3.144
2.598
2.405
3.391
3.596
2.125
3.163
2.988
3.230
3.146
2.996
2.349
3.018
3.476
3.318
3.555
2.848
3.526
2.973
2.545
2.207
2.744
3.293
2.576
2.742
2.910
2.626
3.056
2.165
1.376
2.876
2.701
2.863
3.121
2.998
3.165
3.282
2.118
2.416
2.605
2.817
2.190
2.538
2.274
3.306
3.329
2.434
2.530
2.793
2.664
2.139
2.632
2.544
2.959
3.813
2.617
2.935
3.091
3.232
2.119
2.670
2.252
2.670
3.204
2.804
1.594
2.341
3.014
2.364
2.537
2.694
2.540
2.595
2.306
3.318
3.022
3.526
2.573
2.741
2.454
2.630
2.804
2.535
2.402
3.271
3.071
2.138
2.865
2.508
3.380
3.056
2.708
2.261
2.878
3.774
2.831
2.265
2.441
2.661
2.686
2.708
2.379
2.804
3.347
2.470
3.235
2.455
3.402
3.202
2.765
2.974
2.840
3.460
2.121
3.614
3.131
3.386
3.540
2.926
2.573
2.865
3.081
2.096
2.118
2.761
2.256
1.995
1.907
1.904
2.863
3.191
2.842
2.405
1.635
3.252
3.184
2.886
2.359
2.927
3.008
2.497
2.861
2.326
3.414
3.674
2.681
2.262
3.414
2.621
1.975
3.269
2.972
3.474
3.232
3.156
2.733
2.935
2.983
2.733
2.540
2.660
2.939
3.144
2.533
2.583
3.302
3.559
2.785
2.672
2.301
2.967
2.789
2.780
2.390
3.121
3.726
2.620
2.772
2.465
3.241
2.619
2.449
2.625
3.187
3.672
2.125
2.586
2.902
2.941
3.067
2.656
2.855
2.891
2.640
2.383
2.848
2.434
2.939
1.854
2.968
3.032
2.840
2.452
2.402
3.395
3.241
3.209
2.375
2.827
3.305
3.113
2.315
2.895
3.567
2.918
2.674
2.505
2.931
3.609
2.787
2.697
2.703
3.239
2.297
2.507
3.056
2.715
2.523
2.646
2.012
2.838
3.131
2.724
2.850
3.264
2.870
3.133
2.902
2.640
2.243
2.642
2.758
2.644
3.400
3.030
3.571
3.292
2.726
2.588
3.464
3.162
3.048
2.651
2.988
3.014
3.215
3.150
3.236
3.129
3.006
2.809
3.050
2.850
3.183
3.816
3.414
2.402
3.329
2.116
2.326
2.787
2.590
2.943
2.522
2.513
3.723
3.067
2.533
2.653
3.441
2.518
2.918
3.264
2.785
2.909
3.012
2.544
2.140
2.898
2.672
2.931
2.193
1.952
2.552
2.939
3.200
3.111
2.844
2.802
3.063
2.146
2.450
2.574
2.821
2.787
2.882
2.882
2.207
3.133
2.730
2.477
2.576
2.603
2.533
2.633
2.686
2.658
3.416
2.411
2.413
2.992
2.406
2.232
2.177
1.781
2.259
2.333
2.054
2.104
2.802
3.362
2.859
2.347
2.060
1.989
3.478
2.699
2.326
2.473
3.213
2.848
2.075
2.947
2.674
3.234
3.269
2.212
2.668
2.851
2.327
2.735
2.910
2.770
2.352
2.554
3.191
2.804
3.219
2.133
2.660
2.450
2.802
2.607
2.781
2.681
2.996
2.874
2.267
2.455
2.332
3.084
2.145
2.715
2.191
2.470
2.965
2.527
2.004
2.488
2.392
2.472
2.512
2.009
3.183
2.791
3.209
1.980
2.273
2.262
2.916
2.789
2.129
2.094
8.247
9.015
8.832
7.961
8.815
7.397
6.823
8.106
8.959
8.196
8.264
8.200
8.861
9.924
8.787
8.989
9.314
9.249
7.565
8.292
9.231
8.714
7.799
9.883
9.193
8.638
8.462
9.284
9.028
7.660
9.028
8.872
9.916
10.357
10.035
9.237
8.530
9.085
4.051
8.948
8.613
8.964
8.623
9.711
9.797
9.223
9.267
9.393
9.034
9.297
8.783
9.299
8.298
9.691
8.201
8.439
8.652
8.327
8.644
9.001
8.058
7.997
8.605
8.708
8.380
8.112
8.304
8.980
7.467
8.598
8.031
8.135
6.882
9.554
7.724
6.775
7.863
6.362
8.939
9.711
8.397
8.114
8.375
9.142
8.723
7.820
8.227
7.618
9.072
8.339
8.771
9.477
8.033
8.554
9.147
9.022
8.811
9.224
9.671
8.915
8.872
9.148
8.828
9.517
8.774
7.774
8.200
7.628
8.298
8.183
8.756
7.271
8.932
9.425
9.511
8.287
8.467
8.571
7.902
8.654
8.304
8.865
9.198
9.123
10.119
9.276
8.138
8.768
8.561
8.118
9.167
7.762
8.204
8.463
8.748
8.638
8.537
7.804
7.997
8.799
8.322
7.441
4.139
9.540
9.393
8.193
8.680
8.286
7.941
8.345
9.243
9.161
8.600
9.123
8.952
8.842
9.497
9.315
9.474
8.420
8.760
9.078
8.465
10.035
8.328
8.753
8.927
6.840
7.956
8.583
9.161
8.852
8.696
9.945
8.142
7.162
7.531
7.516
8.530
8.622
8.252
8.175
7.692
9.732
9.459
8.217
8.149
8.193
8.106
8.990
8.020
7.847
8.110
9.273
9.135
9.187
8.380
9.110
9.234
7.906
9.180
10.178
10.626
11.407
10.407
11.073
11.276
10.632
10.807
10.407
10.739
11.227
10.297
10.117
10.340
11.188
12.161
11.715
11.327
11.695
10.333
10.692
10.880
10.712
11.197
11.822
10.734
11.972
10.323
12.271
9.250
9.924
9.483
8.991
8.681
8.929
9.741
12.031
6.702
10.950
10.230
11.005
10.523
10.860
10.028
10.864
9.268
9.807
8.298
8.601
9.029
8.881
9.603
10.504
10.669
10.187
10.809
9.839
10.301
11.220
10.078
10.626
10.853
10.104
9.861
10.265
10.809
9.564
10.530
10.501
11.282
9.805
11.748
11.634
10.570
10.132
11.621
12.061
10.856
11.150
10.402
10.306
9.831
9.910
9.972
10.644
10.437
10.807
10.680
10.995
10.890
10.468
10.957
10.662
10.904
10.125
10.786
10.475
11.217
10.530
10.949
10.578
9.771
10.719
10.464
11.134
10.739
10.762
11.490
10.124
10.981
10.519
10.788
10.421
11.386
10.592
10.602
10.811
10.707
11.266
11.180
10.764
10.882
10.744
9.944
9.739
10.452
11.235
10.526
10.178
9.673
6.371
6.996
7.410
5.021
7.898
6.332
5.757
9.666
10.159
9.944
10.607
7.273
9.135
9.333
11.234
10.640
10.208
11.165
10.618
9.560
10.548
10.879
11.848
10.323
10.152
8.526
8.428
9.382
9.958
11.057
10.798
9.662
10.801
9.820
10.188
11.227
11.142
10.347
10.724
11.150
11.696
10.431
10.559
10.596
11.357
11.607
11.288
11.189
10.234
11.174
11.257
11.736
10.852
10.152
11.439
11.942
11.212
10.871
10.588
11.096
10.882
11.064
11.150
10.274
10.161
10.979
10.383
10.862
11.509
10.704
10.247
