3.805
6.036
8.640
7.433
7.157
6.950
6.693
7.185
7.311
6.015
4.515
6.142
6.769
7.997
8.116
7.468
7.619
7.490
6.225
7.328
6.875
6.357
5.482
5.039
6.769
6.667
6.362
7.295
8.011
10.0
6.698
6.613
6.217
3.127
6.458
7.328
7.543
8.451
7.460
6.563
6.608
7.873
7.502
6.698
6.099
6.267
6.107
5.070
7.819
8.644
9.031
6.568
6.187
7.133
7.307
7.460
6.352
5.622
4.966
6.531
6.288
8.079
7.692
8.542
6.884
5.948
6.458
6.465
5.203
4.290
3.217
5.479
6.685
7.288
7.307
6.962
7.497
6.923
7.437
7.188
7.644
5.792
5.589
5.344
6.535
7.118
8.017
5.739
3.593
6.769
7.577
7.240
7.407
8.499
4.913
3.709
7.650
7.320
6.770
6.186
4.620
6.342
6.458
6.760
7.393
8.399
7.452
8.657
5.596
5.380
7.238
6.182
6.972
6.914
5.658
6.465
6.843
7.938
7.018
5.598
5.518
6.735
6.165
6.586
6.434
6.587
7.548
5.206
3.320
6.676
6.150
7.445
6.973
8.155
6.471
4.778
5.184
7.512
7.656
6.403
5.411
5.627
7.008
6.982
6.782
5.793
3.204
4.524
7.346
8.447
8.181
8.299
7.192
6.334
6.207
5.440
7.215
8.737
7.216
4.699
5.882
6.438
7.325
7.933
5.777
6.373
7.417
5.200
6.288
6.497
6.934
8.173
8.406
6.689
5.498
4.868
7.575
5.797
7.355
8.162
6.316
5.514
6.499
6.767
6.846
6.592
6.751
6.779
7.152
6.614
6.619
6.490
6.319
7.765
6.263
7.989
7.631
8.667
7.081
6.922
7.262
2.783
5.274
8.223
6.992
6.960
6.271
4.627
5.614
6.415
5.374
3.571
4.080
6.266
6.775
7.067
5.475
6.574
5.699
5.533
6.421
7.071
4.814
4.067
2.848
4.497
4.316
4.412
5.999
6.045
7.081
6.221
5.215
5.386
3.138
6.130
5.898
7.500
7.908
7.021
7.344
6.653
6.552
7.569
6.197
4.503
3.611
4.957
3.997
6.065
7.143
6.403
5.863
3.282
7.713
9.038
9.218
5.611
4.403
3.706
5.132
5.135
6.258
5.890
6.980
4.572
3.586
3.979
5.214
5.316
3.156
2.743
3.944
5.433
6.806
6.067
7.420
5.563
6.548
7.080
7.330
7.682
4.048
4.554
4.686
3.780
5.094
5.140
5.400
2.294
4.800
6.192
5.400
6.539
7.219
4.282
2.812
4.285
7.143
6.443
5.402
3.871
3.904
4.624
5.767
6.300
5.737
6.560
6.089
3.732
5.692
5.398
6.082
6.885
6.041
5.402
4.859
5.933
7.119
7.020
6.423
5.245
6.071
6.081
6.742
5.436
6.069
6.136
4.838
2.635
3.867
5.480
6.985
5.600
7.038
4.403
4.500
4.790
7.110
7.646
6.137
5.680
4.034
5.433
6.700
6.750
6.946
3.034
4.142
5.556
7.550
7.283
8.066
7.133
5.295
5.056
4.768
5.637
8.042
6.469
4.128
5.416
6.184
6.626
8.520
7.898
6.402
5.043
3.960
4.718
4.045
4.555
6.125
6.326
5.686
3.805
3.056
4.310
5.270
7.129
6.910
3.731
5.284
5.481
4.639
5.504
3.460
6.297
8.854
7.709
5.530
4.950
3.940
4.579
5.753
5.090
5.589
6.204
6.024
5.636
4.932
4.003
4.953
6.732
9.735
8.498
8.453
8.906
7.267
6.693
7.590
7.034
5.013
5.701
8.339
8.0
8.730
7.182
7.779
7.651
7.493
8.218
7.288
6.428
6.901
5.336
6.981
7.317
7.035
6.955
7.622
8.800
8.764
7.0
7.718
4.421
6.151
7.245
8.322
9.458
9.289
8.744
7.642
7.682
7.997
8.019
6.447
5.777
7.042
6.507
7.885
8.300
9.774
8.239
5.910
8.502
8.092
7.961
7.826
7.503
6.764
6.782
7.666
9.296
7.982
9.853
7.299
5.479
5.910
7.746
7.649
4.293
4.167
7.292
6.944
8.257
8.742
8.501
7.829
8.528
8.611
8.945
9.097
6.938
7.571
7.322
6.028
7.338
8.090
8.696
4.762
7.245
8.132
8.794
8.923
9.921
8.022
5.065
6.355
8.438
8.471
6.974
6.785
6.349
6.517
8.361
8.528
8.048
7.214
9.073
5.618
6.132
5.755
7.491
7.435
8.466
7.186
6.372
8.217
9.556
9.779
7.157
6.367
8.070
8.049
8.182
7.723
6.020
7.656
7.276
2.997
6.917
7.400
7.958
6.986
7.533
6.994
6.729
6.003
7.542
7.847
7.367
5.385
4.201
6.635
7.353
6.869
6.858
7.367
6.855
7.407
8.266
8.451
8.713
7.656
5.914
5.0
5.284
6.759
8.021
9.036
4.435
4.397
5.703
7.604
8.361
6.980
7.167
7.357
5.434
7.770
6.742
6.558
7.795
8.169
7.973
6.958
4.573
5.489
5.023
8.728
7.754
6.233
7.759
8.300
7.570
6.772
7.037
6.538
7.243
7.331
7.052
7.090
7.403
6.320
8.505
7.100
8.399
8.699
8.560
8.791
7.912
6.935
4.781
6.577
8.099
8.081
7.951
6.708
4.570
5.977
6.903
3.987
4.933
4.823
7.167
6.582
6.878
6.604
5.933
6.631
5.803
7.345
7.289
4.588
4.424
3.187
6.343
6.081
5.633
5.866
6.022
7.796
5.993
6.246
5.500
3.340
6.414
6.414
7.190
8.742
7.276
6.506
7.743
7.038
7.475
5.463
5.556
5.902
5.522
5.585
6.875
8.312
6.769
5.820
5.277
7.609
6.959
6.326
7.022
6.516
5.710
5.760
6.389
7.795
8.139
8.443
6.422
5.556
6.874
6.529
5.644
5.585
3.905
6.012
7.525
7.609
6.220
7.235
7.375
7.410
8.651
7.946
7.470
5.339
6.242
4.980
5.332
6.387
7.114
4.784
4.412
5.355
6.379
7.589
6.375
7.472
4.285
3.871
7.548
6.894
5.604
5.943
4.186
5.633
6.283
6.220
5.977
6.143
6.739
5.993
4.673
5.474
6.117
6.087
6.892
5.773
5.473
5.743
6.220
7.973
5.948
6.351
6.454
6.635
6.724
5.958
6.795
6.757
7.034
4.424
4.660
6.698
7.459
7.626
5.545
6.991
4.937
4.503
6.175
8.079
7.748
6.770
4.368
5.347
6.221
8.101
7.148
5.890
2.926
4.960
6.462
8.728
7.309
7.790
5.925
6.530
4.576
5.633
6.830
7.744
6.019
4.465
5.850
6.242
7.211
6.288
5.298
5.567
4.135
8.242
5.611
6.623
6.889
7.498
6.292
6.689
4.368
3.435
4.570
6.034
7.553
6.887
5.281
6.975
7.587
7.659
7.338
6.184
6.271
6.225
5.812
5.614
5.754
5.622
5.295
6.840
6.685
7.662
6.760
7.764
6.376
6.963
5.836
7.687
10.306
10.306
9.416
9.423
9.242
8.312
8.273
8.899
7.672
7.398
9.305
8.932
9.756
9.350
10.226
9.892
8.161
10.132
8.492
7.488
7.640
6.229
5.668
7.294
8.479
6.986
8.962
7.981
8.922
8.108
9.079
6.372
5.152
7.060
8.333
9.444
9.817
8.890
9.732
8.646
9.152
9.803
7.850
7.413
6.199
5.874
7.625
8.210
9.177
8.845
5.514
8.456
8.230
7.221
6.658
7.906
6.151
7.065
7.713
8.871
8.402
8.889
8.781
7.397
6.141
7.893
9.145
4.987
5.470
6.561
8.608
9.259
9.066
9.042
9.489
9.387
8.754
9.604
10.159
8.853
8.460
8.575
7.014
7.235
8.728
8.937
4.797
6.915
7.816
8.892
9.036
10.643
7.713
5.463
5.640
8.675
8.203
8.583
8.542
7.319
7.734
9.024
9.348
9.543
9.434
10.155
7.056
6.667
7.588
8.132
8.664
9.686
8.254
7.888
8.883
10.142
9.892
8.819
7.783
8.033
9.600
9.365
9.121
8.907
10.033
7.114
5.149
7.628
9.401
8.804
8.631
8.690
8.293
8.166
7.542
9.413
9.818
10.020
7.958
6.433
8.110
7.628
8.356
9.584
6.426
5.253
6.735
9.809
9.796
10.519
9.060
7.893
6.982
7.057
8.125
10.215
10.234
6.931
7.440
8.152
9.492
9.310
8.873
7.297
7.896
8.300
8.687
10.171
9.324
10.256
10.800
9.218
7.568
5.151
6.081
7.152
10.297
9.775
8.621
8.602
9.352
8.890
8.863
8.733
7.335
8.600
6.844
8.038
7.358
8.114
8.210
9.838
8.063
10.290
8.806
10.299
9.953
9.284
7.962
7.687
