4.602
4.224
4.564
3.807
4.414
4.707
4.684
5.252
4.247
4.837
5.267
5.162
4.855
5.751
5.088
5.177
4.911
4.746
4.620
4.158
5.438
5.182
4.237
4.659
4.681
4.517
4.016
4.333
5.075
4.530
5.324
4.138
3.851
3.968
3.783
3.306
3.351
3.070
3.901
4.603
4.661
4.514
4.493
4.607
6.164
5.278
6.024
5.263
4.204
4.583
4.749
4.401
4.963
4.438
4.749
5.090
2.965
5.149
4.093
4.579
5.007
4.318
3.776
5.007
4.167
4.775
4.488
4.868
4.518
4.794
5.078
4.570
6.085
5.484
5.730
5.256
4.788
4.304
4.785
5.341
4.527
4.618
4.730
4.530
6.418
4.778
5.306
3.557
4.509
3.694
5.084
4.172
4.970
4.416
4.797
4.973
5.020
5.0
5.384
4.810
5.473
4.749
4.201
4.533
4.427
4.465
5.158
3.994
4.561
4.345
4.398
4.762
4.158
5.082
5.0
4.235
4.720
5.024
4.402
5.292
5.121
4.469
4.804
4.158
7.153
5.802
4.883
4.508
5.468
4.038
4.011
4.765
4.729
5.400
6.399
4.850
5.910
5.095
5.503
5.088
4.650
5.227
5.427
5.202
5.303
4.835
4.665
4.631
4.612
4.404
4.116
4.251
4.141
3.841
4.357
3.661
4.195
5.203
4.407
5.253
4.416
4.404
4.654
4.561
5.167
4.959
4.234
5.567
4.749
5.128
4.775
5.062
4.775
5.095
4.155
4.270
5.007
4.713
5.256
4.186
4.694
4.032
5.031
4.324
5.104
4.983
4.788
5.238
4.946
4.490
4.585
4.888
4.111
4.755
5.444
4.703
5.205
4.309
5.010
3.762
5.398
3.810
3.791
3.497
3.709
3.509
3.208
4.232
3.356
3.439
4.394
4.217
4.891
3.614
4.294
4.093
4.427
3.430
3.476
3.564
3.681
3.906
3.232
3.344
3.204
4.631
2.994
2.408
3.989
3.311
4.107
3.607
3.756
3.150
3.666
3.070
3.297
2.898
3.736
3.324
2.935
3.714
2.979
4.354
3.981
3.502
3.636
3.841
4.060
3.564
3.689
3.548
4.221
4.048
2.923
3.817
3.497
3.646
2.705
3.135
3.016
4.300
2.997
3.176
3.646
3.591
3.935
3.696
3.184
2.846
4.014
3.055
3.271
4.987
3.749
4.723
3.854
3.631
2.855
4.672
3.976
3.002
3.800
3.576
3.888
3.734
3.280
2.861
3.751
2.957
2.628
3.662
3.836
4.380
2.931
4.433
2.823
4.561
3.320
2.865
3.495
3.590
4.049
3.557
3.171
4.125
3.664
4.094
3.765
3.571
3.775
3.815
4.027
3.617
4.030
4.141
4.601
2.859
3.766
4.178
3.614
4.542
3.966
3.792
5.206
3.810
2.890
3.769
3.152
3.903
3.483
3.511
3.198
4.369
4.245
4.099
4.313
3.694
4.021
4.491
3.731
2.896
3.807
3.576
3.656
3.799
3.986
4.091
3.065
2.826
3.028
3.908
3.559
2.813
3.748
3.984
3.360
3.854
3.864
3.002
4.549
3.483
3.079
3.516
3.659
4.016
3.776
3.557
3.241
4.419
4.670
3.414
3.540
3.252
4.545
3.838
4.136
3.838
4.410
4.424
3.018
3.789
4.014
3.529
4.091
4.932
3.686
3.901
4.0
3.681
3.607
3.877
3.555
3.142
3.261
3.785
4.051
2.901
3.374
4.099
4.485
3.659
2.941
3.836
3.020
3.789
4.080
2.498
3.268
2.896
3.318
3.239
3.593
4.035
3.262
3.318
3.769
3.427
3.228
3.016
3.327
3.906
3.351
2.613
3.600
3.915
3.446
3.699
3.222
3.859
3.550
3.862
3.696
3.437
3.232
3.228
3.895
3.273
2.922
3.056
4.024
3.569
3.939
2.785
4.024
4.016
2.898
3.271
3.877
3.624
3.600
4.005
3.142
3.774
3.386
3.476
3.579
3.508
3.425
2.931
3.820
3.146
3.067
3.662
2.988
4.223
3.911
3.978
3.911
3.096
3.751
3.297
3.766
5.530
3.925
3.624
4.057
3.430
3.781
3.302
4.391
3.915
3.169
3.820
3.300
3.506
4.024
3.790
3.176
2.761
2.971
3.365
3.651
3.581
3.771
2.851
3.624
3.765
3.968
3.221
3.522
3.427
3.960
3.121
3.293
3.384
4.072
3.664
3.746
3.555
3.605
3.467
3.202
3.411
3.562
3.818
4.068
3.156
3.515
3.579
3.448
3.579
3.313
2.761
3.485
3.554
3.140
2.933
2.772
3.213
3.008
3.313
3.536
3.204
4.318
3.614
3.248
3.746
3.815
3.351
4.223
2.920
3.322
3.358
3.753
3.230
2.882
3.598
3.267
2.947
3.221
2.354
3.602
3.416
2.806
3.195
3.280
3.741
3.557
3.548
2.716
3.400
3.672
3.211
3.769
3.119
3.324
3.407
3.771
2.733
3.676
3.069
4.030
3.691
3.405
3.569
3.744
3.460
4.258
3.605
3.880
3.224
3.154
3.533
3.490
3.228
4.348
3.706
4.051
3.204
3.043
2.447
3.211
3.089
3.010
2.690
3.243
3.504
3.676
3.133
2.703
3.786
2.878
9.212
10.198
10.679
10.395
10.788
9.455
10.105
10.238
9.761
9.872
11.017
10.049
10.021
9.828
11.243
10.249
9.958
10.752
9.780
9.744
11.473
10.299
10.371
10.734
11.049
10.578
9.957
9.944
9.833
9.850
9.711
10.049
7.259
8.549
9.301
7.741
8.170
9.393
7.633
8.714
9.931
10.362
10.519
9.986
9.364
9.716
9.187
8.549
9.314
10.289
9.296
10.489
9.785
10.105
11.620
10.092
10.686
10.934
10.788
9.768
8.696
8.906
9.225
9.279
10.342
9.328
10.196
10.314
9.851
9.761
9.722
9.104
9.593
10.496
10.923
10.141
10.405
8.720
10.345
9.250
9.727
8.633
8.915
10.673
10.274
9.944
8.158
8.133
7.555
8.561
9.386
9.749
10.194
9.288
10.684
11.408
9.677
9.097
9.168
9.268
9.943
9.553
8.569
10.918
10.515
10.321
10.737
10.837
10.656
11.306
10.534
9.514
9.951
10.338
10.446
8.669
8.708
9.811
8.824
9.577
8.702
10.628
9.595
10.246
10.739
10.070
10.387
10.440
9.413
10.813
10.549
9.230
9.782
9.979
9.882
9.653
9.337
9.605
9.544
9.537
9.266
9.979
9.629
10.631
10.127
10.832
8.878
7.601
8.201
8.508
7.762
8.106
8.638
7.198
9.320
8.884
9.785
9.517
8.605
9.366
9.004
8.351
9.047
9.293
10.537
9.583
10.260
10.028
9.399
8.496
8.690
9.580
9.219
10.035
9.711
9.091
9.349
8.530
9.797
10.732
10.411
10.859
10.644
9.393
10.152
9.136
9.129
9.751
9.280
9.587
10.021
10.497
10.167
10.664
11.235
11.119
10.946
10.154
9.986
9.958
10.217
12.860
12.899
13.646
12.205
11.823
13.671
12.833
12.448
12.623
13.555
12.413
12.317
13.296
14.840
12.014
12.691
14.276
12.466
13.169
11.642
12.353
11.989
11.018
11.493
10.007
11.134
12.421
11.003
12.682
12.422
12.058
11.797
13.194
12.429
12.341
12.742
13.633
14.840
13.973
12.159
13.545
11.928
12.172
12.928
12.829
13.484
13.150
13.347
12.353
13.184
14.517
11.525
12.697
12.551
10.172
12.283
11.644
10.197
12.138
11.272
11.961
14.841
12.136
12.571
12.413
13.893
11.823
12.323
12.536
13.0
12.587
14.108
12.735
12.631
12.971
12.465
12.997
12.729
12.216
11.986
11.810
12.448
12.020
12.421
11.381
11.204
12.028
12.316
12.262
12.229
12.107
12.140
11.923
14.975
11.297
11.613
12.711
12.673
11.936
14.616
11.460
12.229
11.936
12.397
10.876
10.599
11.825
11.490
10.994
11.172
11.111
12.378
12.631
11.421
11.874
12.715
14.168
13.495
12.360
14.952
13.246
12.660
12.249
12.624
12.067
10.076
12.094
12.411
11.563
10.395
12.172
12.123
12.051
12.597
12.438
12.871
12.663
12.333
12.438
11.961
12.465
12.456
11.975
13.808
11.568
12.306
13.707
13.329
13.534
16.343
12.815
12.571
12.615
14.147
13.445
13.136
13.110
13.007
12.275
12.273
12.657
12.474
12.500
12.892
13.544
13.798
12.660
13.655
12.962
12.307
12.928
13.582
13.728
12.604
12.219
13.467
12.562
13.016
12.578
12.360
11.915
11.736
10.483
11.785
13.506
13.292
13.370
11.393
12.683
11.818
11.728
11.846
10.965
11.699
11.765
11.472
10.512
11.549
13.384
13.627
12.894
