6.727
6.493
6.869
7.743
5.236
7.459
6.065
6.026
5.511
7.876
6.924
7.667
7.917
6.864
6.341
6.291
6.689
5.177
4.840
6.864
6.775
6.702
6.949
5.457
5.977
8.234
6.300
5.404
5.648
7.743
5.017
3.642
6.045
5.902
6.500
8.641
7.738
7.317
6.513
4.560
7.285
7.207
6.358
6.786
7.185
6.644
7.947
5.769
5.078
5.640
5.418
5.882
5.504
6.614
8.224
7.483
7.472
7.351
6.225
5.637
5.867
7.395
6.415
7.490
7.738
4.960
7.995
5.976
6.204
7.455
7.550
4.422
3.640
6.422
7.276
8.284
6.995
6.803
7.014
8.261
6.733
6.324
5.836
6.126
6.077
7.646
4.606
8.965
5.508
3.654
7.601
7.292
6.477
7.427
6.456
6.280
5.388
5.644
7.388
7.548
6.851
6.393
8.185
7.378
7.707
6.134
5.780
6.483
5.720
6.101
7.462
4.447
8.112
7.593
6.667
7.743
7.0
6.546
5.882
8.173
5.176
5.582
7.895
6.688
7.208
8.262
5.988
7.637
2.890
8.013
6.980
7.794
5.359
5.809
6.704
7.215
7.075
7.889
7.351
6.858
7.598
7.463
8.986
7.344
6.135
4.591
6.432
7.872
7.814
6.520
7.692
7.340
5.906
7.252
7.007
7.432
5.871
6.432
4.667
7.304
5.882
7.592
8.764
8.730
7.395
6.565
7.383
6.872
5.145
7.304
6.332
7.107
6.290
6.268
6.755
6.618
7.933
6.178
4.791
3.504
6.564
5.529
5.292
6.766
6.165
5.910
5.137
6.291
6.649
6.233
6.093
6.373
5.116
4.889
5.221
6.475
4.382
5.270
5.014
5.461
5.760
5.515
3.957
5.541
6.985
4.150
5.293
4.315
3.581
5.306
5.522
6.225
5.003
6.321
4.637
3.691
5.140
3.311
2.586
4.921
5.183
4.983
5.418
7.255
5.164
6.516
5.886
3.839
3.548
5.013
6.109
4.830
3.249
5.326
3.918
4.631
5.918
5.544
5.092
3.740
3.954
6.117
7.692
8.673
5.366
4.622
6.292
5.480
4.271
3.569
2.783
4.061
4.609
3.369
4.615
6.179
5.071
4.932
5.302
4.941
4.441
6.465
4.921
4.947
6.627
5.221
5.242
5.291
3.313
5.999
6.176
5.828
3.692
3.094
4.208
5.989
6.733
6.073
6.346
6.648
7.268
5.333
5.945
4.920
4.133
5.585
4.310
5.007
6.577
3.241
4.351
6.653
6.023
6.099
5.619
4.509
5.177
2.937
7.072
7.098
5.106
4.711
6.136
7.167
5.459
4.771
5.053
3.726
4.111
4.913
6.599
4.322
5.277
5.438
5.820
5.996
5.611
5.398
4.098
6.904
4.933
4.044
5.476
7.129
4.480
6.903
4.459
6.085
4.944
2.339
6.241
5.850
6.499
3.560
3.567
5.260
6.005
7.872
6.029
6.135
6.662
8.011
7.251
6.746
5.711
4.058
3.401
5.556
7.204
5.855
6.305
6.590
6.733
6.250
7.380
4.639
4.749
4.803
4.099
6.116
6.078
4.834
6.604
7.586
5.987
4.109
4.570
5.764
3.995
4.328
4.345
4.784
6.890
5.434
6.940
4.914
4.927
6.800
6.188
3.607
4.322
4.756
5.132
6.196
6.720
6.430
4.380
3.327
6.250
7.005
5.605
5.020
3.667
4.449
4.285
3.204
3.451
5.228
3.699
4.606
5.162
5.922
7.005
5.985
7.355
6.142
7.062
4.950
4.983
6.121
7.861
6.761
8.988
7.948
8.640
6.275
4.977
7.333
5.796
5.200
7.417
7.790
7.497
7.0
7.958
4.794
8.835
8.317
6.103
5.556
8.008
6.887
4.680
5.123
6.843
7.195
8.051
8.272
8.824
8.0
6.089
6.903
7.584
7.171
6.826
7.223
7.333
9.814
8.550
5.563
6.314
3.818
6.275
6.722
5.935
7.448
7.485
7.723
8.133
7.383
5.855
6.409
6.439
5.965
6.676
8.462
6.191
6.622
6.926
5.674
6.878
7.625
7.083
5.351
5.718
6.823
9.404
8.139
8.704
7.609
8.054
8.232
6.304
6.739
6.844
5.574
8.255
6.428
7.498
7.210
5.104
8.228
8.117
6.913
7.118
6.788
6.174
6.821
4.957
7.325
6.372
6.707
7.697
8.115
8.322
7.390
5.882
6.577
5.812
5.246
6.118
6.516
5.052
8.602
8.367
7.863
7.473
7.895
6.329
6.514
7.368
5.682
5.710
5.764
8.742
4.970
8.199
6.698
8.0
5.534
4.005
6.832
9.048
7.162
4.133
4.539
7.257
7.733
8.384
8.066
7.257
7.820
8.933
8.571
7.191
6.372
5.626
5.902
7.595
8.609
6.969
8.073
8.899
9.030
8.494
9.857
6.671
7.171
7.723
4.731
7.864
6.723
7.550
9.628
9.860
8.427
6.747
6.887
7.412
5.366
6.972
5.925
5.843
7.148
7.005
9.441
7.312
8.383
8.128
7.219
4.990
7.507
6.179
6.906
7.877
8.300
7.733
7.510
6.715
8.051
8.816
6.675
7.232
7.361
6.475
6.320
6.684
4.368
7.814
6.129
6.023
6.676
7.631
7.172
6.590
6.600
7.923
4.567
6.361
5.514
4.714
6.552
7.802
6.875
6.878
6.649
6.305
4.829
5.641
6.387
4.415
5.085
5.464
6.560
7.235
5.303
4.310
6.120
8.908
5.954
5.590
4.820
7.630
4.642
2.908
4.310
5.747
7.234
7.692
6.421
6.729
5.878
5.482
5.645
5.414
4.524
6.757
5.345
6.821
6.658
3.877
5.541
5.305
4.651
5.839
3.654
5.026
7.820
6.513
7.238
5.647
6.445
5.468
5.147
6.424
6.374
7.744
6.085
4.558
6.883
5.394
6.935
7.199
6.396
3.386
3.457
5.332
7.287
7.224
5.886
6.887
6.304
6.707
6.645
6.402
5.313
4.990
4.321
5.256
3.681
6.372
3.531
3.093
5.678
6.015
5.044
5.044
4.430
5.691
3.828
4.585
5.185
4.952
4.827
5.142
7.027
5.823
5.511
4.209
4.398
4.298
4.801
4.407
5.310
3.010
5.818
6.204
6.188
5.668
5.941
4.552
5.567
4.936
4.255
4.229
6.913
5.218
6.577
5.929
5.084
5.851
2.680
5.394
6.383
6.621
5.055
4.592
5.164
6.805
6.500
7.542
5.459
6.030
5.918
6.752
7.186
6.267
4.397
4.503
4.609
6.770
7.301
5.707
5.563
5.438
6.643
6.579
5.578
6.079
5.066
5.603
5.142
6.974
4.841
7.115
7.309
8.317
6.497
5.741
5.760
5.800
4.618
6.154
6.356
5.274
5.921
6.791
5.087
6.085
7.385
6.321
5.249
4.555
7.019
5.612
5.733
7.176
7.042
6.150
4.983
6.503
6.534
6.925
6.958
5.678
6.067
6.242
5.843
7.076
4.126
5.680
6.267
5.563
6.775
8.079
7.634
8.035
10.495
6.168
8.456
4.772
6.608
8.132
9.933
10.200
8.987
9.029
8.094
7.871
9.499
7.821
7.016
7.766
7.734
8.542
9.980
8.739
6.369
9.335
11.060
7.525
7.588
7.900
10.093
7.407
6.608
8.675
8.305
8.742
10.382
10.877
8.993
7.267
7.609
9.331
8.641
7.467
9.662
8.591
10.087
10.164
6.449
8.048
7.153
8.568
8.250
6.689
9.313
9.845
10.095
8.873
10.579
8.511
8.037
8.013
8.432
8.345
10.624
9.632
8.501
9.675
5.952
9.669
10.013
8.635
5.570
5.934
8.154
10.607
10.933
10.081
9.473
10.079
8.964
9.133
9.695
9.218
8.203
10.047
9.013
7.971
11.009
5.514
6.609
10.205
10.519
8.921
8.879
9.356
9.454
5.925
9.926
8.083
8.970
8.728
9.886
10.979
10.719
9.440
8.759
8.696
8.227
6.681
8.026
8.596
6.829
9.316
9.299
8.810
9.738
8.499
7.545
8.924
7.858
6.963
7.884
9.228
7.223
10.714
8.844
8.141
7.328
5.059
8.233
9.751
10.093
6.419
7.076
7.186
9.632
9.993
9.927
9.967
8.606
9.358
9.473
10.285
9.650
8.249
6.454
7.682
9.626
10.106
7.365
8.128
9.463
9.371
10.554
8.344
9.231
7.744
8.161
6.538
8.696
7.723
9.993
10.685
10.201
8.675
8.870
9.133
8.523
7.191
9.268
8.367
9.060
7.966
9.774
9.637
8.820
9.740
9.517
7.157
7.958
9.134
8.472
8.239
10.100
11.229
9.031
7.556
9.146
10.054
9.940
9.641
7.917
6.913
7.889
7.559
6.300
6.383
6.317
6.447
5.753
8.048
