3.621
5.147
9.091
6.874
6.379
9.199
9.332
7.462
5.703
5.246
8.389
7.138
8.128
8.681
7.987
5.960
4.803
5.925
4.630
5.941
6.565
7.902
7.768
7.483
6.613
5.474
4.919
4.322
7.195
6.400
8.061
7.366
4.319
7.053
5.886
4.612
3.836
4.746
5.585
2.646
7.328
8.416
6.873
6.929
5.263
7.091
6.689
5.890
6.702
8.196
4.555
8.355
7.361
6.016
6.613
6.465
5.941
5.589
6.855
7.789
7.676
6.382
6.684
6.036
7.692
7.831
6.363
6.525
4.643
8.284
7.349
5.398
5.137
5.505
8.202
9.174
6.636
6.476
7.356
6.439
7.390
3.676
6.969
7.560
6.715
8.757
5.921
7.299
7.019
7.252
7.541
4.813
5.235
6.880
7.383
6.720
4.030
4.966
6.989
7.518
3.714
5.164
6.631
7.049
6.814
6.326
6.680
4.612
5.541
4.328
4.746
6.212
7.077
7.209
4.762
6.623
8.135
6.556
6.391
6.325
7.244
8.181
8.005
7.392
6.242
4.598
7.462
5.190
7.251
5.922
5.242
7.538
6.441
7.518
7.301
6.406
6.023
6.417
5.894
2.872
5.981
6.196
8.043
7.333
7.358
6.217
5.819
6.417
4.956
5.980
4.388
7.109
8.350
8.499
5.689
6.899
6.516
5.253
6.742
7.251
2.706
6.063
4.488
7.378
6.848
3.419
5.767
5.678
4.838
7.550
5.773
6.585
7.397
6.689
6.846
4.673
7.417
7.697
7.713
5.829
5.918
6.516
7.058
7.585
7.743
4.644
6.520
7.015
7.487
8.764
5.217
5.847
3.571
4.307
5.267
5.980
5.772
7.815
6.195
7.646
8.189
4.359
5.824
8.977
7.940
5.949
8.451
8.748
7.677
5.352
6.742
7.971
7.805
7.353
8.661
9.680
5.585
6.329
7.220
6.360
7.802
8.339
8.713
7.992
8.957
8.626
7.081
6.873
6.582
8.983
6.826
9.301
8.681
5.382
9.377
7.053
6.338
5.231
6.308
8.112
7.158
9.574
9.960
8.125
8.406
6.162
9.832
8.193
7.143
6.963
7.895
5.707
8.455
8.506
6.631
9.001
7.244
7.478
7.129
8.644
7.937
6.473
7.447
7.981
7.796
9.381
8.925
7.172
7.717
6.601
9.980
9.085
7.372
5.855
4.101
10.122
8.861
7.662
6.526
9.707
8.790
8.088
5.529
7.928
9.091
7.119
8.975
6.297
7.697
7.432
8.154
6.777
6.183
7.548
9.097
9.675
9.097
5.031
6.826
8.964
8.658
4.156
7.138
7.744
7.687
8.596
8.687
8.151
7.893
7.798
4.886
6.283
8.344
8.965
8.445
5.878
8.105
10.329
6.513
8.311
7.471
8.108
9.273
8.251
9.061
8.059
6.516
8.658
8.433
7.435
7.672
7.047
8.079
8.573
8.730
8.870
7.475
7.562
8.558
9.179
7.097
8.713
7.848
9.406
9.241
9.433
8.273
6.403
6.383
6.867
6.763
5.768
8.239
8.963
8.311
6.711
6.555
6.001
5.882
7.109
6.079
3.800
7.124
5.347
9.054
8.384
3.675
7.201
6.808
7.270
8.289
6.986
7.713
7.810
9.350
6.901
4.696
7.541
8.428
9.139
5.731
7.400
6.233
6.321
7.219
6.737
4.924
7.508
7.718
8.027
9.279
7.923
7.651
4.810
4.742
6.067
7.682
7.422
8.874
7.267
9.187
9.527
5.387
6.776
8.196
5.937
5.070
7.800
7.081
6.296
4.708
5.467
7.356
6.147
7.030
8.470
8.003
6.061
5.507
5.585
5.229
5.855
7.799
7.713
8.045
7.023
6.759
6.606
5.614
6.159
6.972
6.484
8.664
7.718
6.779
7.317
6.587
5.416
4.827
6.596
5.381
3.579
9.316
8.205
6.972
7.879
5.003
8.455
7.606
6.583
6.836
7.214
5.686
7.733
7.979
4.803
8.231
7.171
7.016
7.219
7.955
5.563
4.617
6.403
6.539
7.642
8.787
9.138
6.205
6.204
5.965
7.940
7.576
6.447
7.444
6.373
9.455
8.861
6.720
7.044
8.431
6.387
6.883
5.671
7.828
8.023
7.059
7.708
6.951
7.728
8.581
7.921
5.945
5.530
7.067
7.030
7.487
7.708
3.923
7.298
7.228
8.699
3.694
7.662
7.867
7.035
6.497
7.867
5.644
5.824
7.256
4.221
5.330
7.288
8.328
6.601
5.430
7.829
7.077
6.917
7.485
6.830
7.566
9.151
7.290
7.677
6.376
4.756
6.622
8.008
6.608
5.450
5.796
8.564
7.682
8.806
8.059
8.328
7.937
6.894
5.432
4.018
6.797
7.607
8.058
8.670
7.677
6.513
6.352
4.928
5.809
6.403
5.310
8.731
9.145
8.491
6.667
6.894
5.924
5.650
7.763
6.136
4.656
7.783
5.595
8.626
7.573
3.859
6.662
6.567
7.738
7.743
8.052
7.627
7.982
8.055
7.621
6.563
7.931
9.228
6.177
6.291
5.937
7.001
7.611
7.510
4.569
5.806
6.662
7.420
8.465
9.049
6.997
6.684
4.686
4.980
7.296
6.954
7.171
7.602
7.167
8.289
8.618
2.994
8.845
7.942
6.522
6.437
9.467
7.912
6.800
3.346
6.372
7.182
6.556
7.368
8.725
8.406
3.338
6.841
3.859
4.610
4.720
6.967
7.248
8.027
7.851
7.023
5.339
3.588
6.751
7.234
6.533
8.110
5.686
6.267
7.270
5.337
3.974
3.694
5.819
3.028
4.512
8.589
8.074
7.039
5.804
5.295
6.876
6.516
4.465
8.008
5.349
6.166
6.750
6.486
6.356
7.870
4.591
5.616
6.675
8.081
5.144
4.598
6.484
6.475
5.500
8.065
6.373
5.064
4.281
7.309
8.609
5.937
6.342
2.789
6.467
8.550
7.223
5.214
7.738
7.148
7.261
5.906
4.485
8.699
6.567
7.784
5.638
6.850
8.121
7.545
6.380
6.113
5.941
6.769
6.823
9.115
6.350
4.834
7.301
7.262
6.155
3.010
8.032
6.671
6.784
6.456
8.794
4.365
4.220
5.486
5.648
5.687
7.854
8.154
4.622
6.312
7.427
7.023
5.182
6.572
6.333
8.133
8.101
7.784
7.579
5.677
6.746
7.110
6.242
5.780
5.977
6.760
7.984
8.367
6.233
7.831
7.238
6.944
6.908
3.813
4.279
7.667
7.328
8.626
7.437
7.515
6.958
5.964
6.020
6.489
5.537
6.458
8.399
9.115
7.264
6.841
6.671
4.819
6.250
7.029
4.374
4.032
5.430
7.502
9.290
7.233
3.201
6.933
6.990
8.311
6.151
7.119
7.677
7.586
7.586
5.375
6.426
7.497
7.368
6.176
7.076
5.960
6.283
6.832
6.613
4.336
6.546
6.588
8.251
9.414
7.611
7.708
4.927
3.480
4.391
6.785
7.609
7.298
6.097
7.769
7.307
7.596
2.361
7.023
7.129
4.862
5.066
7.723
6.299
5.142
3.260
5.311
5.992
7.555
6.488
7.677
6.729
2.423
5.323
3.234
4.740
4.918
6.137
7.223
7.371
5.937
6.667
5.347
3.616
5.945
6.132
6.263
6.387
4.477
5.003
6.781
5.709
3.859
3.355
6.579
2.893
3.553
7.053
6.516
5.355
5.096
4.762
6.689
6.246
4.729
6.995
4.881
4.784
5.886
6.019
4.206
6.312
5.059
5.145
5.793
7.011
4.759
5.023
5.754
5.171
4.888
6.994
5.968
4.660
3.740
5.496
7.095
6.012
4.552
1.976
4.627
8.032
6.333
5.653
6.370
6.899
6.279
4.868
3.752
6.552
6.439
5.611
3.887
5.496
5.678
5.773
4.380
4.230
4.005
5.420
6.506
6.839
4.398
3.012
6.208
4.724
6.806
2.826
6.246
6.715
7.034
5.418
6.835
3.871
4.034
4.497
3.505
3.069
6.101
6.915
3.859
3.947
5.847
5.154
4.464
5.132
4.087
5.941
7.025
5.050
5.137
4.918
4.420
5.036
3.974
5.537
3.820
4.844
4.937
4.743
5.126
5.192
3.627
4.718
5.044
3.626
2.614
4.250
4.122
5.634
5.611
3.880
3.960
4.277
4.606
4.200
4.117
3.774
5.167
6.363
5.037
4.092
4.829
3.198
6.164
5.574
2.874
3.595
4.557
5.168
5.937
3.706
2.799
5.523
4.596
5.828
4.494
5.459
5.295
5.284
6.716
3.564
4.425
5.393
6.525
4.003
5.026
3.862
4.122
5.344
4.693
2.810
5.459
4.406
5.358
6.676
5.526
4.500
3.981
2.829
3.256
5.380
4.997
5.400
5.727
5.977
5.541
5.878
