2.201
2.470
2.116
3.217
2.998
3.286
2.294
2.568
2.450
2.060
2.282
1.999
3.914
3.521
2.955
2.250
3.131
2.991
2.823
2.830
2.595
2.376
3.089
3.219
3.195
3.273
2.502
2.842
3.169
3.485
2.840
3.367
2.668
3.388
4.008
3.282
3.759
3.502
3.674
2.791
4.063
3.028
2.418
3.488
2.676
2.898
2.649
2.721
2.394
2.717
2.642
3.002
2.133
3.639
3.274
3.549
3.502
3.581
2.844
3.398
2.993
3.511
3.437
3.230
1.258
3.140
2.799
3.237
3.887
3.106
3.579
2.265
5.407
5.146
3.679
3.593
2.931
2.855
3.930
2.649
2.874
2.483
3.579
3.008
1.497
1.515
2.333
2.200
1.652
3.198
3.036
3.567
3.584
3.230
3.148
3.831
3.418
3.425
3.169
2.907
3.716
2.904
2.945
3.634
4.108
3.152
3.362
3.245
2.644
2.412
2.552
2.783
3.780
3.550
2.566
2.667
1.868
1.602
2.249
1.940
2.291
2.695
3.914
3.180
2.046
1.832
1.525
1.646
1.774
1.121
1.110
2.338
3.569
2.651
2.785
3.286
3.054
3.851
3.327
2.971
3.374
2.319
3.701
3.167
2.602
3.469
3.684
3.877
3.451
3.351
2.890
2.701
4.447
3.903
3.588
3.537
2.915
4.041
3.123
2.757
2.813
2.750
3.291
3.743
3.595
3.224
3.236
3.478
2.639
3.036
3.144
1.178
3.903
3.267
2.566
2.981
2.349
2.280
2.097
2.739
2.276
3.104
2.363
3.509
2.493
3.511
2.963
2.571
3.100
2.508
2.649
3.453
2.472
2.658
3.167
2.891
3.786
2.774
3.071
2.688
3.129
1.374
1.838
0.906
1.706
1.639
2.116
1.367
1.768
1.560
1.515
1.381
1.100
1.382
2.404
1.660
0.710
1.960
1.112
1.382
1.643
0.785
1.175
2.129
1.909
1.120
1.504
1.244
1.517
1.585
0.919
1.445
1.984
1.646
1.734
1.468
1.121
2.060
2.115
0.721
0.781
1.985
1.921
0.924
1.720
1.375
1.837
1.576
0.777
1.234
1.303
1.440
1.432
0.978
1.859
2.196
1.712
1.172
1.586
1.641
1.246
1.239
2.307
1.713
1.882
2.098
1.308
1.374
1.721
1.918
1.242
2.326
1.036
3.462
2.754
1.367
1.448
1.903
1.579
0.991
1.503
1.040
1.697
2.489
1.753
0.780
1.227
1.303
0.711
0.972
1.636
1.644
1.971
1.580
2.196
1.788
1.840
1.373
1.881
1.639
1.394
1.567
0.845
1.235
1.730
1.831
1.300
1.970
1.294
1.967
1.824
1.038
0.983
1.922
2.418
1.909
1.496
0.905
1.297
1.439
1.042
0.977
1.109
2.033
1.783
1.231
0.387
1.173
1.034
0.914
0.965
1.161
1.183
1.310
1.394
1.510
1.970
1.910
1.365
1.114
1.493
2.172
1.103
1.852
1.569
1.180
1.315
1.377
1.327
1.795
1.242
1.511
1.047
1.836
2.207
2.450
1.494
1.448
1.644
1.697
1.448
1.581
0.836
2.119
2.184
1.440
0.979
1.556
1.433
0.904
1.574
0.898
1.033
2.191
1.434
1.561
1.500
1.781
1.035
1.509
1.623
1.568
1.714
1.429
1.804
1.851
2.246
1.105
1.500
1.637
1.723
2.232
1.043
1.234
1.451
2.318
1.501
2.018
1.305
1.575
1.442
1.567
0.972
1.234
0.910
1.241
1.167
2.300
1.042
1.397
1.172
1.103
1.294
0.975
1.754
1.774
1.246
0.582
1.373
1.637
1.167
1.573
0.911
1.101
1.113
1.367
0.987
1.107
1.181
0.858
1.383
0.777
1.174
1.529
1.110
1.438
1.398
1.240
1.731
1.445
1.103
0.845
1.646
1.436
1.235
0.919
0.982
1.239
1.494
0.972
0.846
1.104
0.911
1.044
0.645
1.569
1.512
1.766
1.442
1.179
1.036
0.722
1.709
1.243
1.979
1.496
1.228
1.311
0.586
1.848
1.696
1.045
1.119
1.746
1.962
2.315
1.953
1.967
1.711
1.292
1.698
1.291
1.748
0.971
1.826
1.812
0.452
0.450
1.295
0.775
1.100
1.372
1.106
1.456
1.637
1.114
1.107
1.915
1.494
1.115
1.368
1.441
1.307
1.224
0.970
1.300
1.385
1.115
1.256
0.718
1.309
1.309
0.774
1.580
1.308
1.857
1.314
1.310
1.036
0.839
0.775
0.712
0.908
1.105
1.715
1.788
1.235
0.706
0.646
0.970
0.709
0.578
0.450
1.364
0.908
1.432
1.576
1.393
1.365
1.242
1.111
1.381
1.244
0.838
1.557
1.314
0.854
1.902
1.245
1.899
1.962
1.593
1.231
1.233
1.915
1.444
1.708
1.107
1.242
1.640
1.294
1.170
1.118
0.970
1.042
1.715
1.502
1.168
1.026
1.103
0.520
1.774
1.233
0.641
1.164
1.495
0.792
1.385
1.438
1.228
1.686
1.036
1.232
1.382
1.618
1.580
1.825
1.446
1.168
1.435
1.575
1.579
1.176
1.491
1.164
0.907
1.970
1.439
1.526
1.819
1.683
0.903
1.431
8.500
7.113
7.762
7.622
7.740
7.351
7.363
7.906
6.440
6.229
5.870
6.829
9.333
8.705
6.114
6.593
9.281
7.943
7.634
6.782
7.488
7.961
8.569
8.057
8.144
8.112
7.489
7.558
9.476
6.033
8.997
7.756
8.530
8.514
8.194
8.415
9.324
8.339
5.798
8.736
8.783
7.188
7.594
9.796
7.864
7.767
7.043
6.393
6.401
6.285
7.736
6.100
8.168
10.169
8.333
8.663
9.483
7.397
9.698
7.654
8.798
8.059
8.801
4.433
8.392
7.861
8.393
8.956
7.886
8.517
8.292
7.767
10.854
10.242
9.170
8.382
7.955
7.912
8.644
6.809
6.863
7.799
8.089
5.017
3.530
6.321
5.066
6.425
8.062
8.275
8.221
9.388
8.659
9.263
8.644
8.909
7.643
7.552
8.057
7.556
7.462
6.052
7.138
9.615
8.617
9.422
9.507
8.878
7.741
4.363
7.183
8.794
10.377
9.922
6.293
6.583
6.115
5.509
4.910
7.389
6.184
7.912
8.757
7.941
5.314
5.186
5.151
5.373
5.598
3.002
7.153
7.578
8.434
7.989
8.963
7.469
8.322
8.506
8.198
7.302
7.405
8.441
8.514
8.123
7.462
7.778
8.386
8.969
9.065
7.953
7.735
9.281
9.972
9.299
9.707
8.129
9.324
8.467
7.854
8.584
7.158
7.514
8.774
9.818
6.461
6.611
7.158
5.396
6.408
7.472
4.443
6.549
9.149
8.611
7.714
6.875
6.014
6.080
6.844
5.237
7.0
7.698
9.207
7.638
8.298
9.143
6.936
9.078
8.890
8.051
8.429
8.220
5.850
9.275
8.526
7.465
9.124
8.124
6.529
7.797
7.670
5.362
6.418
5.014
5.744
5.328
8.766
7.838
8.281
6.831
6.460
7.425
5.730
8.758
7.044
5.922
3.883
8.069
7.750
5.730
5.582
5.898
7.622
6.835
5.464
7.263
4.928
6.758
8.022
7.565
5.660
8.140
9.009
5.367
7.021
8.693
7.068
9.336
6.718
5.328
6.717
8.936
6.990
5.394
6.367
6.382
6.104
5.882
5.353
5.457
4.484
6.079
6.267
4.124
8.490
9.116
7.703
7.591
7.809
6.980
4.700
8.771
9.229
8.409
6.980
6.698
6.842
7.433
9.486
7.634
8.078
8.460
5.947
10.640
8.856
8.385
8.907
8.996
5.503
8.469
6.501
6.717
7.660
8.144
4.101
3.144
2.949
5.024
4.357
5.327
8.305
7.302
8.912
8.362
7.473
8.022
8.974
9.390
8.819
7.893
8.687
5.756
4.953
5.442
6.585
8.660
9.103
8.986
7.349
8.785
4.937
7.629
8.717
9.301
8.351
8.622
9.041
5.235
6.067
5.559
5.798
5.645
6.942
7.559
6.704
3.734
2.621
3.656
3.008
4.413
3.448
2.780
4.919
6.938
5.199
8.136
7.428
6.024
7.682
7.891
6.280
7.193
5.870
6.483
4.422
5.407
6.407
7.666
8.527
9.173
7.522
6.735
7.402
9.187
7.928
8.305
6.177
7.226
7.459
5.761
7.628
7.534
5.506
8.735
6.782
5.537
5.552
3.880
4.345
3.699
6.537
4.755
3.567
6.821
6.520
7.193
6.781
6.541
6.316
9.129
7.550
7.942
7.624
7.207
8.581
8.063
7.897
5.935
6.913
7.984
8.744
7.245
7.021
5.974
4.938
8.088
7.478
8.0
7.329
6.529
5.655
7.650
