4.942
4.659
5.094
5.338
4.884
4.934
4.275
4.805
5.790
4.622
4.921
4.854
2.469
5.086
5.341
4.829
5.412
5.588
5.263
5.795
5.130
5.174
4.888
4.674
4.628
5.062
2.348
5.276
4.809
5.210
4.722
4.699
5.597
5.333
5.224
4.966
5.0
5.167
5.495
4.624
5.100
4.424
5.083
5.117
4.958
4.957
4.626
4.220
5.298
5.329
5.464
4.967
6.045
5.281
5.215
2.336
5.157
4.715
5.096
5.207
4.822
5.193
4.996
5.922
4.864
5.808
5.662
5.736
1.972
4.937
4.817
5.674
4.413
5.207
5.734
4.967
4.868
4.890
5.055
4.722
4.854
4.530
4.975
4.790
4.971
5.215
4.628
5.083
5.643
5.514
4.778
5.259
4.694
2.403
4.715
4.864
5.764
5.551
5.126
4.832
5.063
4.330
4.860
4.435
5.916
5.267
6.568
4.691
5.892
4.866
5.062
5.151
5.468
4.417
5.743
3.318
3.936
5.096
4.825
4.458
5.495
5.570
4.762
4.963
5.250
4.801
5.916
3.990
2.812
5.334
4.149
4.726
4.925
5.359
5.745
5.156
5.062
5.025
3.631
3.415
4.943
4.512
4.686
5.025
4.595
4.469
5.700
4.950
2.601
4.591
4.899
5.630
5.150
5.128
5.426
5.187
5.635
4.519
5.214
4.663
5.921
5.105
4.704
5.740
5.325
5.211
5.356
5.246
5.421
4.798
5.181
5.523
3.123
4.426
4.698
4.914
4.955
5.740
5.551
5.122
4.847
5.435
5.374
5.347
4.898
5.021
5.255
5.823
5.537
5.378
5.162
5.441
4.563
4.104
5.473
4.870
4.845
5.728
4.634
5.676
5.428
5.743
4.959
5.907
4.929
4.882
5.316
5.203
5.643
5.130
5.441
5.307
6.053
2.156
5.523
5.341
4.511
4.933
5.188
5.188
5.167
5.118
5.670
5.714
6.296
5.941
6.167
4.212
4.094
6.150
6.166
6.533
5.951
6.531
6.007
5.537
5.592
5.843
6.250
5.813
5.583
6.656
5.769
5.635
5.922
6.414
4.826
5.191
6.784
6.073
5.995
6.002
5.629
6.156
6.287
5.812
5.096
4.006
6.213
6.271
6.213
5.228
6.208
6.392
6.509
6.605
6.035
6.071
6.117
4.330
3.547
6.167
5.570
5.579
5.772
6.430
5.931
6.081
5.683
6.291
5.736
6.010
5.707
5.877
6.239
6.005
6.234
6.134
5.476
5.745
6.134
6.250
6.234
6.661
4.992
4.553
6.879
6.516
5.551
6.043
6.536
6.470
5.922
5.013
6.071
6.994
6.577
5.902
5.927
6.311
5.569
6.367
5.500
5.897
6.533
5.947
5.569
3.396
5.630
6.473
6.424
5.774
5.779
4.876
5.570
6.066
5.822
5.392
6.367
3.0
5.828
6.053
5.882
4.575
5.619
6.518
5.569
5.188
5.976
5.620
2.369
6.239
5.485
5.902
5.523
5.882
6.427
5.227
5.980
3.024
4.778
6.287
5.369
5.638
5.473
5.858
6.349
6.794
6.018
5.911
6.250
5.034
5.833
6.131
6.068
5.823
6.701
5.317
6.119
5.303
5.755
6.229
6.460
4.083
6.600
5.476
6.111
6.423
5.966
6.091
5.853
6.392
6.330
5.523
6.349
5.719
6.218
5.597
5.201
5.303
5.973
5.546
6.302
5.676
3.729
6.061
6.794
6.395
6.590
6.433
5.013
5.106
5.280
5.237
5.078
5.417
5.533
4.413
5.211
5.259
6.097
5.426
5.966
4.176
3.950
5.667
5.219
5.993
5.633
5.332
5.565
5.332
5.736
5.013
5.233
6.188
6.163
5.171
3.392
5.145
5.341
5.791
6.544
6.261
6.061
5.430
5.462
5.076
5.174
5.579
4.215
5.105
6.255
5.487
5.828
4.839
5.004
5.080
5.690
5.630
6.922
5.435
5.215
5.394
4.444
5.008
5.250
2.549
5.289
5.038
5.464
5.285
5.075
5.396
4.480
4.707
5.116
5.228
5.643
5.597
2.763
6.183
5.533
5.745
5.818
6.063
5.643
4.983
5.705
5.233
5.315
5.745
5.033
5.392
4.782
6.083
4.605
5.583
5.990
6.401
5.499
5.403
5.721
5.818
5.337
2.437
5.228
5.774
6.318
5.700
5.008
4.333
5.390
6.240
5.220
5.771
4.201
5.623
4.884
5.464
5.137
4.822
5.246
5.289
5.426
5.714
5.162
3.006
5.096
5.202
5.145
4.719
5.505
5.150
5.143
5.158
5.272
5.643
5.172
3.370
4.040
5.648
5.606
5.789
5.700
4.795
4.899
4.373
3.821
4.893
3.304
3.892
4.946
5.103
5.168
4.814
4.160
4.738
4.384
4.423
2.961
4.387
4.762
3.897
4.412
4.828
4.285
4.301
4.894
4.586
4.899
4.866
4.526
4.841
4.344
4.694
4.234
4.236
4.036
4.833
4.195
5.481
4.774
4.671
3.256
5.161
4.188
4.671
4.921
5.054
4.448
4.824
5.375
5.103
4.812
5.519
4.431
5.004
4.184
4.672
5.099
4.933
5.092
4.505
2.864
4.184
4.945
4.782
4.381
5.633
4.527
4.959
4.929
4.950
4.866
5.086
4.825
4.370
5.975
4.640
4.971
5.789
5.316
5.098
4.200
2.466
5.272
5.785
5.635
5.122
4.561
5.620
4.839
5.072
4.209
5.698
5.403
5.210
5.311
4.581
3.783
5.611
5.124
4.988
5.985
4.441
5.193
5.441
4.545
4.580
5.482
4.592
4.232
5.551
5.446
5.825
4.979
4.774
5.233
5.467
5.029
5.220
5.177
5.135
4.428
4.942
5.045
5.078
3.978
3.118
5.241
5.495
5.211
4.723
5.152
6.204
5.354
5.185
5.551
4.812
4.950
4.657
3.678
5.111
5.139
5.361
5.523
5.189
5.330
4.802
5.455
5.372
4.726
6.112
5.428
5.347
5.059
5.627
6.053
4.512
4.864
5.911
5.254
4.971
5.250
4.904
3.262
3.785
5.311
4.682
5.560
5.272
5.688
5.363
5.399
5.394
5.302
4.738
5.987
5.473
5.316
5.082
4.864
5.408
4.926
5.122
5.574
5.254
5.012
3.170
5.371
4.954
4.758
5.089
5.643
5.688
4.898
5.068
5.281
4.212
5.426
2.932
4.271
4.866
5.360
5.236
6.023
5.307
5.455
4.080
5.071
4.275
2.198
5.267
5.021
5.643
4.798
5.100
5.154
5.100
5.037
2.507
6.318
4.508
5.686
5.219
6.027
5.122
5.623
5.122
3.350
5.556
5.486
5.486
5.178
5.285
5.911
5.174
4.976
5.268
5.810
4.450
5.376
4.710
5.132
3.258
5.724
5.042
5.597
5.372
4.659
3.891
4.222
4.409
4.492
4.825
4.545
4.932
4.908
4.254
5.013
3.983
3.986
4.167
4.341
4.609
2.506
4.114
4.508
4.431
4.691
3.780
4.283
4.907
4.373
5.412
5.353
5.164
5.501
4.676
4.450
4.962
4.568
5.760
5.263
5.802
3.482
4.481
4.690
5.171
5.473
5.232
5.321
5.615
4.746
5.038
6.224
5.276
5.094
5.302
3.182
5.477
4.858
4.892
5.560
4.884
5.707
5.399
5.012
4.603
5.054
4.793
4.674
3.964
4.659
4.587
5.430
4.678
4.746
4.637
5.008
4.858
5.089
5.041
5.206
4.971
4.996
4.950
4.538
2.129
5.090
5.847
5.096
4.798
5.588
5.473
4.754
4.606
5.800
5.025
5.061
4.647
2.655
5.648
4.849
4.501
4.975
5.188
5.546
4.583
4.545
5.299
4.323
4.572
5.766
4.191
4.682
5.733
5.041
5.542
4.511
4.914
4.938
6.203
4.428
5.237
5.482
3.008
5.042
5.593
5.099
4.526
4.366
5.810
5.455
5.109
4.534
4.599
5.289
5.560
4.797
5.078
4.703
5.579
5.0
4.971
5.839
4.187
5.105
2.395
4.837
5.337
4.167
5.290
4.813
5.193
5.172
4.514
4.900
5.579
4.406
3.440
4.583
4.837
4.963
3.960
5.194
5.800
5.365
5.344
5.833
4.599
3.524
3.462
4.634
6.101
5.514
4.490
5.334
6.083
5.419
4.238
2.790
5.784
4.831
4.722
5.013
5.054
5.481
5.416
5.148
4.890
4.892
5.740
4.444
5.462
4.208
4.992
4.786
4.892
4.937
5.405
4.515
5.143
4.634
3.983
3.377
5.168
4.699
4.870
4.801
5.848
5.629
4.829
5.100
5.387
5.734
4.674
5.565
5.220
4.672
4.933
5.365
5.135
5.487
5.556
3.189
4.497
5.290
6.076
4.377
5.333
5.021
5.120
4.852
