18.583
18.099
16.754
26.512
27.286
43.923
31.614
21.434
35.833
17.228
27.645
30.831
27.502
24.474
16.654
17.178
26.386
31.672
17.278
27.340
32.329
21.913
29.567
20.300
23.370
17.463
25.654
29.299
26.681
19.328
22.853
17.692
17.358
18.127
17.731
40.996
21.901
28.445
20.774
27.057
19.756
29.740
18.140
24.044
26.354
34.783
16.385
38.762
19.910
16.453
20.408
22.768
27.509
17.647
22.132
18.862
35.174
20.868
18.573
21.794
31.201
19.862
30.409
29.351
22.700
21.201
23.739
16.540
31.309
18.431
26.374
36.455
24.441
28.251
29.889
32.964
27.921
35.193
17.957
50.207
17.106
19.499
36.224
21.859
26.087
25.203
26.824
33.553
29.369
31.232
17.138
19.401
25.074
21.503
33.674
12.758
18.326
18.885
20.830
24.776
17.795
34.375
25.929
21.521
25.529
21.434
15.867
39.986
28.953
34.228
17.345
18.437
26.412
44.882
20.887
24.547
16.577
36.284
18.049
27.233
40.071
24.125
21.167
21.033
34.284
29.520
26.049
17.125
26.711
26.765
20.811
21.434
34.814
16.604
24.982
21.697
28.571
33.619
21.854
15.963
27.405
27.712
37.924
18.126
33.767
17.908
24.907
25.092
20.520
30.674
15.901
30.707
16.960
23.336
18.834
29.649
21.648
40.690
34.516
24.666
20.862
16.617
20.830
26.920
25.242
18.830
29.862
18.494
18.507
20.507
30.212
29.348
24.836
23.939
20.226
33.137
26.129
29.170
20.711
19.925
27.902
21.746
27.368
36.922
21.141
27.266
20.635
26.979
38.664
15.975
17.045
23.164
18.787
21.749
28.009
17.318
16.717
30.871
26.233
26.180
16.845
27.965
30.824
27.697
20.368
33.067
16.403
38.764
27.974
29.309
20.135
23.565
21.700
19.956
22.929
21.677
17.329
18.668
27.487
24.419
18.593
18.250
30.511
25.091
32.389
26.183
28.196
16.779
29.881
19.595
28.666
17.362
39.099
20.950
25.334
18.182
22.429
34.674
25.972
23.982
17.272
34.510
25.410
30.848
20.916
24.706
33.309
17.841
37.884
30.663
26.560
30.837
35.465
30.504
17.678
35.905
16.831
35.075
17.943
26.447
26.920
19.705
23.921
32.545
28.551
39.273
19.001
40.043
22.373
28.215
28.232
21.509
26.943
22.322
36.212
25.355
21.933
17.846
29.056
16.844
27.944
23.547
26.0
24.381
29.537
19.472
24.521
21.898
20.045
24.852
30.548
18.958
40.142
18.652
18.250
18.271
30.914
21.837
17.160
23.721
19.391
30.691
37.509
31.350
29.209
21.049
21.124
24.153
33.427
21.068
31.002
18.507
17.813
17.908
30.548
26.045
24.397
28.978
16.102
29.382
27.286
18.736
19.751
28.778
44.069
31.598
25.678
29.857
34.910
22.323
37.069
17.424
25.731
22.420
18.405
18.114
29.572
28.364
21.749
19.023
17.249
42.203
31.668
42.273
20.437
16.793
19.062
29.769
18.195
23.277
31.693
28.200
17.084
37.535
28.780
24.667
36.455
17.204
23.400
23.647
22.604
27.055
28.224
18.862
27.226
29.720
17.077
33.286
25.744
25.422
23.140
30.403
25.314
27.452
25.959
30.860
25.075
21.833
33.864
17.058
29.678
47.525
33.238
22.205
45.352
16.591
17.270
29.619
18.905
43.201
17.607
24.723
31.385
20.292
23.657
21.824
28.624
26.216
22.206
33.676
38.160
35.439
30.992
23.733
17.528
29.471
17.487
38.853
17.247
18.437
36.167
27.632
52.080
22.872
26.164
20.090
23.157
19.926
24.762
18.127
42.604
32.282
20.420
36.338
23.019
17.781
34.811
22.745
23.060
21.056
41.869
21.269
34.265
29.301
40.796
17.988
21.791
19.386
39.858
29.004
27.225
25.037
18.443
21.037
28.169
35.834
33.236
17.620
48.008
31.567
20.874
23.015
30.175
26.265
20.137
18.447
20.947
27.485
20.830
46.218
17.656
20.544
33.333
20.705
23.485
19.611
25.597
43.198
22.114
21.257
17.634
22.230
29.356
16.654
19.639
28.105
20.846
30.562
28.623
16.818
41.118
20.719
22.687
16.842
37.993
16.498
44.122
18.603
33.237
21.634
29.896
22.009
20.0
17.329
19.026
25.338
12.128
30.574
30.227
26.895
38.664
20.908
23.088
23.982
17.828
16.865
22.305
14.375
39.028
20.133
31.047
19.383
31.693
28.393
17.682
26.706
25.445
21.825
16.642
28.751
32.101
19.365
32.211
29.142
20.224
16.884
16.153
20.312
26.109
18.407
27.373
17.316
36.305
24.577
27.133
33.981
23.008
36.895
20.030
29.399
37.173
31.227
22.230
20.410
34.083
23.659
40.368
30.381
26.701
28.561
22.683
30.413
26.672
31.791
19.392
16.489
33.357
18.755
31.884
22.074
36.115
22.700
18.983
29.109
18.557
17.809
31.727
29.007
26.077
28.446
29.956
20.549
24.889
16.995
21.551
38.347
17.831
15.857
20.544
37.973
19.575
21.174
23.898
21.577
21.486
21.297
31.022
20.196
24.464
23.292
44.622
17.714
26.416
32.634
30.336
31.704
22.239
21.219
20.573
19.985
20.827
23.077
21.806
35.401
24.122
31.129
17.976
41.892
18.516
22.874
21.316
21.429
31.545
16.756
36.997
16.957
20.243
26.906
28.855
32.990
40.213
19.590
25.219
25.546
22.272
19.911
28.177
20.942
18.202
26.389
19.005
16.768
25.731
22.354
20.935
35.683
24.550
24.073
22.038
23.902
22.457
47.205
20.528
22.138
33.987
19.263
16.827
18.919
23.834
27.876
31.435
31.664
26.152
23.494
20.167
16.819
40.733
30.480
31.930
29.285
25.546
34.201
18.591
24.481
19.472
33.066
35.127
29.718
26.909
28.947
23.894
26.391
27.179
35.719
16.983
18.290
23.380
15.460
36.351
24.464
17.590
35.776
16.956
37.536
26.966
40.072
23.621
35.192
25.830
19.162
17.532
42.546
18.057
26.425
39.127
42.188
32.762
17.674
21.570
21.412
36.206
22.354
41.465
38.703
32.480
17.475
20.285
36.650
16.603
15.627
34.141
29.126
21.542
27.131
47.718
24.009
29.304
21.980
27.840
18.024
20.548
22.003
23.048
26.039
20.721
22.815
18.311
21.201
17.594
35.036
26.262
34.942
24.890
22.902
52.510
18.909
20.208
38.462
37.911
31.540
33.043
17.112
38.456
18.087
19.120
35.931
19.280
23.065
39.661
23.236
22.163
25.111
23.624
16.768
30.205
32.867
20.120
29.740
22.247
17.110
28.603
31.915
15.718
18.550
43.185
29.795
26.304
20.666
19.838
22.947
24.743
25.309
21.493
17.057
27.422
25.259
17.447
19.520
17.743
49.058
20.0
31.594
17.909
30.678
47.472
16.489
20.542
24.348
22.475
38.357
17.629
20.920
17.262
36.541
17.173
19.033
38.292
17.236
27.892
23.182
17.830
28.215
17.805
21.488
21.957
18.812
15.562
15.608
23.985
23.936
40.200
18.231
17.835
34.767
15.537
16.705
24.530
25.937
22.926
26.146
16.042
20.349
27.910
23.401
34.214
15.493
29.572
19.955
25.704
22.043
16.805
24.260
21.673
18.113
33.929
17.661
18.712
21.840
20.362
14.920
22.090
28.298
22.098
18.605
22.083
22.003
21.164
28.940
16.603
19.098
16.849
21.212
17.801
24.963
42.785
25.037
43.278
15.530
20.297
18.598
31.172
17.252
22.030
22.398
16.977
17.916
17.125
27.581
17.860
16.489
25.706
21.101
38.532
16.092
18.997
20.416
39.745
34.230
15.680
20.690
17.679
21.913
26.042
34.725
17.708
25.428
22.768
34.032
21.791
27.299
33.765
27.612
19.073
38.877
19.242
25.811
17.718
18.745
34.423
20.927
17.803
30.314
22.034
18.297
20.497
20.429
28.405
25.387
16.667
39.090
14.996
31.118
17.492
24.963
35.421
25.204
40.014
23.574
16.339
33.912
17.523
31.309
16.449
15.409
28.175
23.321
16.717
17.378
17.696
16.500
22.130
20.930
21.835
15.055
19.216
22.164
21.762
16.307
27.720
16.910
17.271
17.121
44.366
14.706
38.397
14.841
16.844
17.494
18.459
21.957
28.498
23.282
34.940
21.794
15.596
29.678
32.793
23.341
20.289
17.086
18.831
16.918
27.663
19.308
37.110
26.226
35.658
18.516
16.277
31.210
24.796
27.307
19.104
25.444
20.391
16.427
35.760
25.862
16.942
17.414
30.758
17.927
33.741
27.732
15.578
23.525
21.859
27.531
18.721
25.538
23.881
36.714
18.541
24.236
33.406
18.841
40.170
18.182
19.866
38.177
23.547
24.777
44.564
16.768
31.329
