6.234
7.270
6.379
7.426
5.676
6.728
6.160
6.102
6.667
6.723
6.605
6.588
5.611
7.530
6.503
6.655
3.757
6.372
7.195
6.964
7.009
6.977
7.071
7.161
7.569
7.583
6.583
5.833
7.197
7.089
7.927
6.436
5.902
7.204
5.920
3.979
6.588
6.795
6.473
6.667
6.511
6.749
6.522
7.195
7.819
7.149
7.038
7.386
6.837
7.231
7.944
7.107
6.214
7.071
4.083
6.616
6.007
6.582
5.683
6.937
6.485
7.286
7.448
6.449
6.281
7.197
5.941
7.392
6.560
7.346
7.143
5.439
6.891
6.757
6.043
7.660
7.214
6.853
5.508
7.919
7.276
5.829
6.010
6.495
5.484
6.106
6.556
6.270
5.024
3.790
7.023
6.801
3.544
4.735
7.389
6.578
6.078
7.358
6.379
7.279
7.035
7.203
6.951
6.616
7.724
6.571
6.505
7.309
5.468
6.684
6.721
6.207
6.395
6.560
7.282
6.449
6.213
6.828
6.091
2.874
3.902
6.908
7.986
7.297
7.654
3.481
6.068
6.787
6.841
7.346
6.695
6.446
6.937
6.383
3.039
6.839
6.441
6.531
7.498
6.313
6.189
6.287
6.297
6.578
7.125
7.439
6.971
6.245
6.545
3.622
7.282
6.381
7.054
7.279
6.182
6.784
6.845
6.891
5.961
7.149
6.822
6.481
6.977
4.064
6.498
7.083
6.767
7.377
6.498
6.452
6.218
6.661
7.423
6.240
7.558
6.849
4.201
6.098
6.672
7.410
8.144
7.680
6.824
7.167
6.856
6.711
3.563
5.134
6.355
7.299
7.173
6.920
6.728
6.672
6.204
6.946
7.245
6.589
6.340
6.911
7.367
6.334
5.327
5.492
5.228
6.809
6.385
7.036
6.374
5.369
6.203
6.235
5.643
5.736
5.747
6.360
3.308
5.259
6.344
5.537
5.0
5.922
6.578
5.684
5.951
5.487
6.441
6.209
6.425
5.995
6.513
6.286
6.219
7.261
5.175
2.792
5.642
6.590
5.823
5.500
5.588
5.528
5.285
6.255
6.344
6.313
5.628
6.500
4.983
5.634
6.081
6.276
5.974
6.245
4.055
5.242
7.091
5.990
5.829
5.533
6.138
6.402
5.987
5.565
6.261
5.607
5.674
5.877
5.763
6.093
6.645
5.272
5.473
6.397
5.556
6.777
6.276
5.963
6.198
6.465
5.602
5.789
5.263
5.387
6.672
4.288
5.719
5.768
6.096
2.732
5.922
5.491
6.173
2.458
5.323
5.942
6.119
6.623
6.041
5.763
6.043
5.839
5.698
5.804
5.624
6.198
5.931
6.327
6.433
4.860
5.771
7.282
5.887
5.430
6.390
6.276
6.699
6.927
5.246
5.379
2.211
4.082
6.245
5.062
5.435
4.827
2.630
6.595
5.752
5.276
6.255
5.809
6.168
5.828
5.791
3.086
4.979
5.838
5.597
5.931
6.360
5.629
6.914
5.076
6.134
5.624
5.378
5.532
5.798
6.106
2.905
6.194
6.462
6.794
5.624
6.854
6.229
6.544
6.771
5.438
6.500
5.017
6.071
3.446
6.454
6.271
5.667
6.276
5.588
5.951
5.372
7.047
5.815
6.111
6.355
5.607
6.061
2.535
6.628
5.683
5.917
4.894
6.706
4.833
4.553
4.388
2.984
4.455
5.700
5.745
5.458
4.895
4.726
5.342
4.407
3.953
4.391
4.950
4.856
4.645
5.637
3.021
6.313
5.072
6.286
5.570
6.722
5.981
5.892
5.426
5.597
6.020
6.308
6.504
6.033
6.112
6.838
3.173
5.695
6.538
5.853
4.876
6.711
5.106
5.724
6.106
5.462
5.285
6.192
6.533
5.180
6.281
6.552
5.298
6.816
5.646
2.616
5.733
6.582
5.237
5.237
5.630
6.540
6.606
5.745
5.747
6.136
6.040
6.577
6.101
6.344
5.702
5.769
5.350
5.684
3.688
6.020
5.630
5.175
5.137
6.271
5.207
5.688
5.615
5.478
5.228
5.551
5.519
5.412
6.003
5.984
6.684
6.068
5.468
6.522
5.848
5.387
5.397
6.441
5.338
5.970
5.546
6.271
5.853
6.177
5.008
5.008
5.882
5.302
5.444
2.637
6.811
6.155
4.848
3.169
5.385
6.083
6.116
5.099
5.405
5.828
5.197
5.347
6.584
5.607
5.588
7.303
5.945
6.544
6.505
5.976
5.122
6.136
6.427
6.043
5.980
6.162
6.088
5.932
4.913
3.219
1.702
5.979
5.333
6.364
6.081
4.640
3.443
5.936
6.839
7.463
6.998
5.833
5.054
5.705
3.403
4.746
6.784
5.177
5.877
6.992
5.122
5.916
5.124
5.621
5.542
5.640
5.042
5.626
4.682
4.837
4.167
6.151
5.374
6.265
5.455
5.738
5.004
5.588
5.356
4.645
7.398
6.339
6.116
3.248
5.359
6.011
6.291
5.784
4.833
5.785
5.858
6.203
6.717
5.659
6.099
5.328
5.185
3.075
5.185
5.143
6.081
3.639
5.712
5.496
6.333
6.457
3.503
4.988
6.219
6.083
5.430
5.370
6.0
6.441
6.045
6.628
6.392
5.112
5.906
6.213
5.650
2.740
6.417
4.913
6.208
6.457
5.863
5.565
6.465
6.547
6.203
6.114
5.688
5.763
5.511
6.871
5.200
5.824
3.377
5.464
5.931
5.405
6.961
5.990
6.812
6.444
6.010
6.297
6.091
5.419
5.809
6.271
5.605
6.167
6.271
6.436
6.214
3.134
6.706
5.533
6.122
6.276
6.894
6.678
6.667
5.376
5.992
5.683
6.129
6.998
5.401
6.957
6.018
7.364
7.019
6.240
3.130
6.934
5.626
5.533
5.560
6.181
5.936
5.584
5.814
5.660
5.760
6.474
6.239
6.078
5.626
6.751
6.155
5.050
5.168
6.507
6.099
6.111
5.764
6.474
6.121
5.450
7.414
5.636
7.228
5.791
5.611
5.646
6.129
5.302
5.579
3.209
5.453
6.163
4.231
3.638
6.360
6.146
5.456
5.690
6.545
5.684
6.030
5.046
6.452
5.848
6.332
5.828
5.698
6.369
4.938
6.476
5.804
5.356
6.182
6.782
6.879
6.218
6.559
5.686
5.660
3.017
3.927
7.389
5.882
5.359
7.346
3.709
5.963
5.748
7.203
6.086
6.914
5.421
7.253
6.224
2.592
7.389
6.035
5.838
7.077
6.914
5.410
5.952
6.524
5.955
6.628
6.208
5.607
6.276
5.760
3.788
5.310
5.931
5.717
6.438
5.932
5.724
5.570
5.719
6.129
5.145
6.390
5.412
6.828
3.701
6.318
6.761
6.911
6.454
5.444
5.862
5.922
5.833
6.767
6.287
6.811
6.553
4.225
4.109
6.656
5.921
5.204
6.066
5.719
6.433
5.955
7.380
3.443
5.435
6.255
6.229
6.297
5.985
6.051
6.601
5.798
7.967
5.316
5.963
5.887
5.916
6.204
5.546
5.653
5.456
5.857
6.151
6.053
5.419
5.063
4.917
4.446
5.897
5.621
4.840
5.532
5.417
4.858
3.163
4.530
5.085
4.855
5.546
5.098
5.055
6.239
5.462
4.983
5.509
6.102
5.470
6.007
5.250
5.442
5.164
5.556
4.245
3.765
5.721
6.079
5.651
5.772
5.968
5.852
5.952
5.857
5.408
6.282
6.303
5.763
6.173
6.403
5.912
6.422
5.410
5.709
3.306
5.259
6.159
5.912
5.785
5.686
5.324
6.414
6.656
5.912
7.060
7.143
6.303
5.285
6.767
6.276
6.764
5.936
5.211
6.418
6.292
5.643
6.868
6.717
6.812
6.318
6.046
6.276
6.605
6.830
6.392
6.951
6.150
4.856
5.054
4.890
7.161
6.610
3.659
5.155
6.812
6.882
7.214
6.831
7.407
6.937
6.318
6.045
6.812
6.871
7.573
7.047
7.361
6.505
6.091
6.824
6.452
6.387
6.492
7.317
6.706
6.733
6.873
5.987
6.271
2.685
4.215
6.951
6.822
7.438
7.207
3.443
6.994
5.987
6.271
6.593
6.514
6.462
5.702
7.102
3.226
6.383
7.078
5.464
6.507
7.636
6.538
7.131
7.361
6.739
6.086
6.520
6.433
7.042
7.137
3.188
6.981
7.262
6.899
6.760
7.083
6.600
5.611
6.756
7.113
6.178
6.561
6.805
6.111
3.727
6.589
6.167
6.777
6.266
7.654
7.271
7.522
6.639
7.373
6.374
5.960
6.811
3.252
6.672
5.971
6.853
6.321
6.634
5.843
5.709
7.055
6.747
3.328
4.992
6.266
5.912
6.114
6.414
6.007
6.744
7.003
6.601
6.520
7.149
6.522
6.417
6.538
