8.733
6.614
5.441
7.251
9.562
8.898
8.155
8.383
9.338
6.176
4.601
6.617
8.056
7.210
9.498
7.631
8.351
8.924
7.497
7.440
5.076
5.805
7.615
9.900
9.193
6.929
8.159
8.120
7.530
7.841
6.424
7.469
8.268
8.577
7.283
7.764
8.256
6.859
4.164
3.803
7.944
8.539
8.499
8.237
8.384
7.537
6.233
6.631
6.978
7.863
7.311
7.067
8.029
7.397
8.666
6.242
6.254
5.728
7.448
8.728
7.348
8.013
8.311
8.417
7.785
6.799
5.053
7.905
7.989
6.904
8.077
7.912
8.074
6.334
7.200
7.115
5.969
6.481
8.003
8.190
9.121
8.800
9.109
8.176
8.206
6.729
6.676
8.195
8.310
7.634
9.039
8.845
8.277
7.495
6.892
6.693
6.978
7.769
8.165
5.201
8.487
8.317
7.697
9.171
8.887
7.186
7.371
7.152
8.554
6.653
8.189
8.143
8.589
7.851
7.243
5.166
5.984
6.325
6.848
9.767
7.989
8.245
7.789
8.350
7.430
8.328
8.499
8.383
8.667
8.161
8.322
8.077
7.754
7.039
6.724
5.225
7.842
6.516
7.043
7.755
9.841
7.257
8.774
7.835
7.128
5.827
6.386
8.147
8.444
8.932
7.947
7.817
8.660
6.140
7.553
6.225
7.515
7.947
6.394
7.976
8.203
6.720
5.996
7.412
7.843
7.532
8.550
8.317
5.461
7.553
4.954
8.143
6.965
8.822
8.026
7.881
8.351
8.541
7.480
4.573
7.739
6.764
8.070
8.745
8.661
8.571
8.300
9.229
8.339
7.181
8.549
8.450
7.943
8.411
9.508
7.646
7.622
7.067
5.548
7.743
5.515
8.239
6.658
5.031
6.941
9.134
7.971
8.104
7.546
9.133
6.981
5.404
7.095
6.463
6.568
8.232
8.406
7.478
7.276
7.262
6.829
5.513
5.118
7.258
7.645
8.672
6.565
7.124
7.851
7.548
8.243
5.488
8.115
8.394
8.963
8.079
8.156
8.763
6.960
5.583
4.524
9.543
10.033
8.394
8.294
9.356
9.457
8.571
7.810
7.287
8.908
8.289
8.250
8.537
7.450
9.218
6.860
7.713
6.505
6.571
8.431
7.219
8.843
9.508
8.982
8.422
9.775
5.961
8.171
7.512
5.963
7.296
8.235
9.479
8.401
7.831
8.077
6.748
7.625
6.894
8.467
9.231
9.610
9.413
8.573
8.804
7.960
7.463
7.565
7.749
7.738
7.474
8.845
8.277
8.585
7.088
6.608
7.371
7.723
10.041
6.372
10.102
8.611
9.546
8.422
8.090
7.661
7.891
8.221
8.084
7.291
8.221
9.705
8.724
7.837
8.208
6.097
7.708
8.0
7.043
9.109
8.696
10.168
9.886
8.853
6.416
7.519
7.556
7.724
8.140
7.350
9.005
9.333
7.753
7.431
5.483
5.007
7.172
6.832
6.644
6.480
8.186
6.522
7.330
6.662
7.055
4.820
6.238
5.458
7.905
7.038
6.985
7.770
7.493
5.267
6.608
5.878
6.165
6.560
5.697
6.183
6.671
6.443
6.036
7.687
6.940
6.162
7.870
7.508
4.656
6.199
5.219
7.718
7.672
6.116
5.753
7.713
7.467
6.943
6.887
5.783
7.294
6.335
8.740
7.973
7.448
8.583
8.960
7.465
8.390
6.729
8.384
7.412
8.447
6.947
7.128
5.922
7.968
6.720
6.275
7.677
7.301
6.316
7.015
4.462
7.753
7.708
7.263
6.052
6.438
6.932
5.750
4.161
5.281
6.951
6.271
7.923
5.582
5.281
5.750
7.880
8.837
7.177
4.746
7.076
6.759
8.151
6.258
6.988
7.515
6.728
7.505
5.109
6.582
7.879
6.919
6.995
8.137
7.955
6.129
4.291
3.849
7.879
8.543
6.308
7.034
8.040
7.819
7.364
7.014
5.404
5.710
6.067
7.104
7.385
6.230
6.490
5.548
5.778
5.253
6.428
8.600
6.125
7.375
8.067
7.375
7.281
7.351
5.284
6.915
5.898
4.925
6.225
6.901
7.631
7.546
5.485
6.843
5.982
6.994
5.882
6.754
7.636
8.322
7.860
8.128
7.286
6.028
6.069
5.080
5.933
6.574
5.730
7.157
6.702
6.402
5.691
4.899
5.526
7.015
7.703
4.799
8.322
7.410
6.702
7.584
6.167
7.448
9.117
4.790
5.609
5.083
5.097
4.333
5.585
6.469
5.067
4.525
4.567
5.326
5.118
7.809
5.020
6.456
7.500
6.743
5.481
4.672
6.306
6.425
7.118
6.671
5.200
5.036
5.604
6.812
5.742
6.681
6.001
6.004
6.443
5.826
6.978
5.228
6.927
5.855
5.823
5.126
5.585
5.552
6.595
6.676
5.875
5.859
5.847
3.796
6.217
5.263
6.438
5.871
5.689
4.762
6.478
6.093
6.596
6.430
5.232
5.529
6.079
8.025
5.095
6.567
4.624
5.654
5.843
5.593
7.071
6.237
5.046
4.013
6.570
5.783
5.246
5.349
6.121
6.280
6.827
7.101
5.914
6.627
7.474
5.970
7.100
6.798
6.213
6.297
7.157
6.508
6.091
5.149
5.503
5.552
5.902
10.380
8.784
8.477
8.818
10.999
10.127
9.805
9.908
11.148
8.411
6.499
8.742
10.359
9.323
10.495
8.839
9.291
9.868
9.237
10.127
8.478
7.718
9.282
10.526
10.516
7.755
9.728
10.133
9.639
8.356
7.619
9.287
9.825
9.268
8.987
9.718
10.074
7.940
6.330
6.434
9.298
8.748
8.395
8.070
9.753
9.307
9.202
8.581
8.429
8.908
9.872
10.729
9.847
8.614
10.108
8.159
8.632
8.750
9.472
10.162
8.838
10.210
10.268
9.226
9.278
9.695
6.913
9.379
7.177
7.355
8.450
8.838
9.263
8.489
9.524
9.354
8.656
8.201
8.560
9.348
10.731
10.013
9.693
9.402
9.782
9.079
9.091
10.154
10.159
9.079
8.389
10.519
10.292
9.906
9.011
8.596
7.790
9.483
9.843
7.303
11.183
10.558
9.408
9.967
9.624
9.708
9.363
9.398
8.947
6.777
8.406
9.980
11.059
10.349
9.115
6.667
8.785
9.407
8.883
9.447
10.054
10.774
10.707
10.676
9.339
9.807
9.530
9.139
9.335
9.489
8.558
9.460
9.859
8.556
9.527
8.182
10.526
9.010
9.753
9.885
11.590
8.994
9.860
9.784
9.699
8.056
8.611
9.016
9.993
9.256
8.734
8.097
8.283
5.504
9.104
6.607
8.508
9.054
8.276
7.760
8.771
9.073
8.117
9.025
8.201
9.911
9.273
9.857
7.256
9.953
5.844
9.097
8.919
8.765
9.352
9.748
7.488
8.351
8.534
7.771
8.379
8.411
9.219
9.595
9.610
8.771
9.441
9.340
11.007
9.980
10.499
9.635
10.046
9.993
9.693
8.812
9.367
9.024
8.853
9.920
7.495
6.428
4.405
4.198
5.425
8.003
6.023
5.203
6.305
6.380
4.084
3.942
5.073
5.703
5.612
6.484
5.801
5.993
6.675
6.324
5.456
3.597
4.814
8.029
7.563
5.682
5.739
7.353
6.283
6.200
5.024
4.775
6.359
6.533
6.055
6.424
6.838
6.413
4.506
1.967
4.558
8.760
7.124
6.966
6.221
7.065
5.846
5.398
4.506
5.918
5.710
5.430
6.291
6.728
6.530
6.560
4.576
4.175
3.912
6.090
7.644
5.586
6.779
7.067
7.309
5.724
6.005
4.263
5.473
3.946
6.743
7.163
7.351
6.283
6.065
6.047
5.017
4.202
3.772
5.859
6.135
6.805
6.386
6.698
6.799
6.530
4.990
5.741
6.447
6.909
7.989
6.964
6.523
6.051
5.340
5.645
5.050
3.721
5.670
7.052
4.668
6.667
6.150
5.053
5.769
6.480
5.540
6.856
5.917
6.821
6.030
7.470
6.645
7.148
6.512
4.872
4.005
4.990
4.997
5.871
8.008
6.991
7.461
7.044
6.989
6.007
6.671
7.123
7.682
9.552
9.110
7.786
7.077
6.421
4.860
5.155
5.595
6.430
5.652
6.836
7.143
6.623
6.365
6.568
6.394
4.967
6.122
5.163
6.295
7.267
7.113
9.508
8.193
7.118
4.783
5.878
4.774
6.424
6.221
4.385
7.167
5.890
5.511
5.384
6.715
5.673
6.370
7.223
6.230
5.115
6.640
4.902
7.216
6.627
8.985
6.581
6.923
5.983
5.078
4.984
4.859
5.816
5.646
6.750
6.952
6.507
6.129
6.348
6.903
6.447
7.190
6.449
7.138
6.812
7.320
5.911
8.981
5.805
6.631
5.049
5.944
5.253
