7.038
5.398
6.869
5.481
5.831
4.957
6.055
7.997
6.528
5.648
6.482
5.135
5.874
3.384
5.151
5.281
6.809
6.166
5.132
5.949
5.689
4.389
5.203
6.334
6.773
5.108
5.343
5.394
6.364
3.258
4.509
2.436
4.377
4.765
6.037
7.072
6.746
6.853
4.910
5.086
6.667
6.755
6.658
6.213
6.883
6.225
3.393
3.605
5.087
5.445
5.832
6.370
8.003
5.434
4.594
4.351
9.019
7.005
6.631
7.733
7.162
7.114
3.417
7.115
6.662
5.898
5.387
7.020
5.699
7.808
4.822
5.648
4.246
7.493
4.746
6.004
7.013
8.112
2.872
2.439
5.407
8.644
8.058
5.164
4.730
6.142
7.555
4.863
4.696
6.578
8.344
6.676
5.115
6.404
6.499
4.533
5.910
5.260
6.430
6.667
6.644
5.686
7.066
5.537
5.625
6.539
7.133
7.167
6.676
6.967
5.622
7.251
5.867
5.655
4.923
6.439
5.186
5.544
6.393
7.682
5.678
8.344
6.631
7.171
5.106
5.492
6.556
5.957
6.627
5.281
7.224
6.387
2.857
6.452
4.960
2.541
4.421
5.500
6.635
6.525
5.182
3.471
4.348
4.848
4.873
7.105
5.647
6.480
6.573
8.273
5.804
4.618
2.842
5.133
8.366
6.071
3.560
7.774
5.816
5.665
4.539
5.073
7.081
8.773
6.503
6.649
6.358
7.067
6.569
5.517
4.720
6.728
5.875
7.243
8.224
6.296
6.201
6.991
6.349
4.468
4.120
5.996
7.805
7.708
5.260
7.034
6.922
4.244
4.645
2.050
6.454
7.905
4.534
4.161
3.488
7.933
5.281
5.130
6.512
4.686
4.150
9.416
8.350
6.574
8.600
6.942
7.195
6.242
9.631
10.265
7.798
8.728
9.383
7.966
5.504
6.490
7.199
5.859
8.886
6.152
8.594
8.656
5.733
6.287
7.860
8.965
7.945
6.250
6.350
7.769
6.782
5.003
2.327
6.458
6.830
7.702
7.844
8.212
6.812
7.560
6.225
7.834
8.156
7.657
7.855
7.219
7.952
6.689
3.600
7.081
7.477
5.835
7.697
8.739
7.990
7.449
3.950
8.106
8.112
7.947
5.894
8.670
7.366
4.418
5.414
7.626
6.301
4.508
6.631
7.223
7.124
7.987
3.929
6.020
6.469
5.741
6.715
8.739
8.545
4.915
3.805
3.836
7.743
7.855
5.827
6.922
7.451
8.186
6.118
6.083
6.042
8.600
8.624
6.539
7.500
7.364
7.269
7.299
5.836
6.991
6.588
6.880
7.809
6.387
6.560
6.429
6.477
8.127
8.147
7.439
6.781
7.152
8.171
6.341
5.929
5.585
7.841
6.919
5.552
4.964
8.902
8.289
8.861
9.342
5.559
6.808
6.171
6.016
6.938
8.592
6.465
6.818
8.570
4.699
5.816
5.819
4.721
3.894
6.499
7.821
8.289
6.279
6.519
6.595
7.572
6.101
7.333
8.174
5.270
7.488
8.614
8.566
5.930
4.183
4.630
7.186
7.422
5.256
6.157
7.037
6.604
6.196
6.462
5.930
8.643
6.707
6.410
7.007
7.460
7.075
5.529
2.982
4.711
9.212
4.501
9.195
6.792
6.246
7.900
6.519
7.026
3.523
7.976
9.680
8.624
5.333
8.384
6.814
7.039
3.628
4.911
5.697
8.982
8.917
4.237
4.936
7.815
6.452
7.919
6.847
7.662
4.304
7.580
5.749
6.430
6.604
5.548
6.312
5.046
8.471
8.899
5.368
7.874
7.067
7.167
4.092
5.678
6.296
5.468
7.314
6.566
6.649
8.185
5.566
6.324
7.353
5.886
5.649
5.086
6.649
6.958
5.037
4.937
3.881
6.172
5.281
6.667
5.413
7.622
6.741
5.677
4.970
5.968
7.697
6.835
7.452
6.345
7.361
5.374
2.776
6.671
6.614
7.223
8.225
7.798
6.490
6.830
3.588
7.214
8.239
7.348
6.183
8.477
7.223
4.037
4.987
7.223
6.908
5.291
6.288
6.370
6.205
7.611
4.186
5.204
6.283
5.126
5.874
6.847
7.498
5.185
4.476
3.753
8.262
7.417
6.509
6.320
7.185
7.351
7.176
5.910
5.384
8.499
7.718
5.697
7.039
6.636
5.820
7.081
4.960
7.309
5.925
6.026
6.658
5.470
5.355
5.176
5.933
6.475
7.095
7.243
6.163
5.968
6.981
5.504
6.512
5.703
6.839
5.816
5.530
3.555
8.045
6.760
8.042
8.035
5.378
5.695
4.711
5.578
5.705
8.053
4.976
5.910
7.442
4.475
5.604
5.801
4.202
4.227
5.422
6.724
7.071
6.042
4.507
3.056
5.256
4.743
5.574
5.523
5.204
7.068
7.933
7.565
5.886
3.699
4.868
7.001
7.200
4.721
6.728
6.729
5.743
4.733
5.607
5.759
9.211
6.551
5.933
6.684
6.040
6.424
4.576
2.899
4.974
7.775
4.257
8.155
5.481
5.077
7.086
6.296
6.183
3.166
6.631
8.350
7.252
4.848
7.177
5.902
4.806
4.610
3.423
5.043
8.757
6.957
5.643
5.552
7.299
6.967
6.481
6.359
6.497
3.849
7.001
6.978
5.277
6.437
5.060
6.095
4.576
8.301
7.992
6.209
7.743
6.801
7.398
3.714
5.463
6.332
4.844
7.488
5.316
7.185
7.270
4.844
6.028
7.086
7.148
6.321
4.409
5.972
7.057
5.246
4.733
1.768
5.688
5.544
6.774
6.353
7.148
5.125
5.340
4.552
6.458
7.251
6.267
6.733
5.703
6.295
5.808
2.853
5.756
5.323
5.225
7.215
7.856
6.402
5.393
3.448
6.721
7.923
6.954
6.292
7.296
5.756
3.251
4.740
5.827
5.956
5.147
5.376
6.174
7.081
6.640
3.780
5.191
5.953
4.806
5.914
6.933
7.884
4.156
3.200
3.318
7.795
6.738
5.071
4.916
6.383
7.769
5.030
5.253
6.067
8.170
7.523
6.012
5.906
6.091
5.057
6.250
3.882
5.965
5.686
5.054
7.743
4.966
5.366
4.701
4.987
5.831
5.380
5.847
4.591
4.922
6.242
4.336
5.220
3.776
5.245
5.213
4.506
4.008
7.579
5.477
6.929
6.801
4.970
5.693
4.368
5.522
5.910
6.157
4.195
5.507
6.698
3.941
4.035
4.450
2.953
3.478
5.227
6.237
6.491
5.017
3.138
2.381
5.544
5.003
4.446
5.529
4.208
5.345
7.605
6.689
4.800
3.614
3.451
7.584
7.487
4.524
5.503
7.081
5.083
4.889
4.181
4.622
7.671
5.751
5.642
6.410
6.136
5.863
4.048
2.312
4.027
6.795
3.775
7.297
5.420
5.348
5.898
5.228
5.404
2.772
6.551
7.631
7.292
4.623
6.528
5.973
4.973
2.984
2.867
3.787
6.725
5.732
3.181
4.930
5.937
5.697
4.398
5.149
5.678
3.089
5.108
6.413
4.377
4.425
2.809
4.198
3.127
4.852
4.691
5.418
4.888
4.797
5.436
3.391
3.515
3.533
2.760
5.511
3.984
4.348
4.980
3.588
3.453
5.430
4.835
4.746
2.863
4.665
3.870
5.027
2.396
3.430
3.152
3.377
5.036
4.048
4.876
4.784
4.345
3.245
3.571
4.557
4.482
5.186
4.850
5.720
5.267
2.551
3.725
4.940
4.299
5.836
5.559
5.232
6.344
3.294
4.443
6.071
4.832
4.348
5.404
5.400
3.652
2.023
6.093
4.518
4.282
4.236
4.403
3.785
5.763
2.502
4.0
3.831
5.863
4.024
4.521
5.718
5.781
2.324
1.636
4.255
5.475
4.648
4.164
4.083
4.667
4.904
4.189
3.346
5.320
5.686
4.831
4.787
5.418
4.724
3.200
4.418
4.120
4.778
4.984
5.080
4.080
4.313
4.224
3.798
4.515
5.604
5.164
3.915
4.950
4.736
5.062
3.457
3.755
3.862
5.577
3.426
4.339
5.604
5.274
4.736
6.702
3.701
4.855
3.412
3.453
4.888
4.542
4.120
3.593
5.067
3.780
2.472
3.856
3.067
1.739
5.113
4.397
5.104
4.611
4.690
2.252
4.828
3.050
4.295
5.515
3.955
4.937
5.882
5.855
4.153
3.411
1.967
5.863
6.316
4.702
3.453
5.859
3.780
3.272
3.884
3.602
5.221
5.217
4.097
4.325
6.299
5.388
5.030
2.502
2.515
5.052
3.546
5.753
5.556
3.757
5.013
4.765
5.077
3.322
3.839
5.126
6.926
5.618
6.250
5.434
5.552
2.148
3.752
1.952
5.914
5.648
3.347
3.508
3.196
5.511
4.440
3.937
5.707
3.024
