12.561
13.355
12.296
13.036
13.015
11.497
12.945
12.418
13.181
13.147
12.919
13.603
12.571
13.507
14.216
12.919
13.209
13.180
13.072
13.036
13.121
14.112
12.966
13.544
12.674
13.462
11.948
13.047
13.241
12.945
13.468
12.687
12.692
13.614
13.092
13.075
12.408
14.401
12.633
12.835
13.629
13.462
12.235
13.566
12.745
13.603
13.235
12.966
11.951
12.440
13.145
13.312
13.435
13.622
14.206
13.221
13.584
13.629
13.381
13.647
13.194
12.862
13.158
14.617
14.173
14.216
13.924
8.606
13.855
13.699
12.309
12.631
13.388
13.683
13.215
13.152
13.376
12.862
13.925
13.179
13.033
13.813
14.683
13.603
13.420
9.199
13.651
14.765
13.840
13.107
13.152
13.738
13.629
13.998
13.156
13.600
14.194
13.211
13.290
13.397
13.896
14.113
14.182
14.138
12.265
13.463
13.929
13.198
13.008
12.612
13.608
13.227
12.672
13.128
13.189
13.179
13.878
7.374
13.301
13.323
13.194
13.472
13.181
12.810
13.312
13.435
12.530
14.842
13.096
13.124
14.469
13.592
13.050
13.505
13.835
13.040
12.520
12.029
14.839
13.529
13.691
13.295
13.524
14.003
13.068
13.640
12.930
14.297
13.816
13.398
12.611
12.298
13.522
13.610
12.998
13.807
10.539
13.662
13.218
14.076
13.722
13.835
13.603
6.782
12.984
14.146
13.328
14.240
12.337
7.132
12.984
12.181
12.833
14.504
13.725
13.154
13.103
13.065
13.876
13.441
13.075
13.505
12.571
13.026
13.419
13.629
8.077
12.072
13.383
11.731
13.388
13.269
12.890
13.054
14.005
12.856
7.066
13.306
12.898
12.783
12.773
14.400
14.583
14.135
13.929
13.451
12.580
11.564
12.253
11.626
12.459
12.059
11.618
11.983
11.647
11.305
11.212
11.438
11.697
11.799
11.721
11.593
11.532
11.285
11.356
11.293
11.842
11.111
12.099
11.760
11.909
11.111
11.948
12.069
11.557
12.230
12.895
12.141
11.638
12.887
12.076
13.124
11.165
11.491
10.149
12.791
10.940
11.009
11.924
11.247
11.282
11.654
12.449
12.723
11.373
10.894
11.038
12.0
10.949
12.550
10.806
11.579
11.846
11.736
10.820
11.247
10.948
11.353
6.785
10.623
11.532
11.273
10.841
11.726
11.846
12.602
11.481
11.601
11.463
11.358
12.490
11.466
11.981
10.938
11.147
12.079
9.528
9.816
11.774
14.021
12.602
12.068
12.990
12.084
12.036
11.852
11.683
12.600
13.264
13.089
12.520
12.672
11.808
12.500
12.357
13.860
13.252
12.055
12.692
14.217
13.071
13.145
13.152
13.220
13.168
14.309
13.647
13.103
9.404
9.680
13.264
13.436
13.918
14.079
13.595
13.882
14.412
14.481
14.0
13.677
13.972
13.961
15.819
13.350
14.809
13.942
13.622
14.297
13.622
14.401
13.862
14.892
14.387
14.434
13.306
13.857
14.354
14.673
14.217
14.263
14.815
14.286
14.320
14.160
14.605
13.997
13.636
9.878
13.929
14.320
14.824
14.252
13.500
14.880
8.488
12.569
14.102
13.147
13.454
13.533
9.071
11.094
14.355
14.137
13.997
14.626
13.355
12.692
14.400
14.183
13.733
12.751
13.191
12.658
13.777
14.094
13.590
11.383
11.018
13.211
13.407
14.587
13.480
14.607
14.219
14.605
13.593
11.509
9.575
14.194
12.898
13.483
12.460
13.108
12.209
13.328
12.849
13.867
12.769
13.524
13.408
13.796
13.500
13.445
13.691
13.121
13.785
13.611
13.595
14.055
13.381
13.577
13.826
14.331
13.942
13.252
13.768
14.215
13.226
13.449
13.658
14.137
13.457
13.360
13.763
12.622
12.735
14.366
13.188
14.320
12.659
13.208
13.005
14.032
13.117
13.900
13.158
13.349
13.640
12.953
12.439
13.902
13.285
14.689
13.893
13.317
12.207
13.474
13.651
13.857
13.403
12.299
13.597
13.724
12.737
13.799
13.918
13.068
13.242
7.470
14.342
13.301
13.749
13.724
13.233
13.537
14.366
13.681
13.377
14.068
13.490
12.939
13.611
12.687
12.621
12.854
12.995
10.539
12.041
13.355
13.854
13.429
12.862
13.058
13.280
13.397
12.217
13.033
13.009
13.116
12.960
13.633
13.673
13.128
13.902
12.829
13.553
13.162
13.500
13.585
13.002
14.469
13.582
13.061
12.441
14.149
13.291
13.365
14.184
8.220
12.303
11.812
13.998
13.166
13.116
13.137
14.113
13.333
14.274
13.940
13.507
13.154
13.079
13.232
13.810
14.400
13.488
14.538
13.896
13.622
13.344
13.796
13.790
13.100
13.160
13.047
14.390
13.640
12.726
13.068
12.784
13.079
13.771
13.258
13.432
13.724
14.052
13.494
8.933
13.454
13.542
13.830
12.895
13.166
14.494
7.154
12.329
13.965
12.638
12.592
12.801
8.321
12.238
13.884
13.079
13.113
12.792
13.746
13.441
13.296
13.198
13.071
11.769
14.377
12.610
12.238
13.269
13.522
10.214
12.421
13.666
13.625
13.280
14.168
13.208
12.781
12.540
14.644
9.992
10.946
14.022
14.008
14.029
13.355
13.268
13.866
13.527
12.643
13.852
13.520
12.908
12.963
12.916
13.540
13.317
13.540
12.723
13.813
13.006
13.317
12.409
12.990
13.511
13.111
14.845
13.455
13.611
13.301
13.740
13.755
13.196
12.439
12.882
12.833
12.600
12.751
13.963
13.812
12.430
12.628
13.533
13.420
14.042
13.721
14.587
14.147
13.651
13.762
13.900
13.065
13.050
11.826
12.643
13.436
13.280
13.785
14.387
13.640
12.441
12.921
13.992
12.500
13.016
13.673
13.037
14.996
13.589
13.498
13.873
14.366
7.511
12.480
13.926
13.317
12.692
13.214
13.680
13.702
12.881
12.469
13.183
13.089
13.746
13.030
13.036
13.023
13.120
12.969
9.631
13.757
13.451
13.600
12.479
13.312
14.0
14.081
14.478
13.985
13.366
12.837
12.991
13.695
13.891
13.065
14.088
13.546
13.344
13.673
13.485
13.420
13.740
12.804
13.252
12.964
13.241
12.520
12.754
12.139
13.952
14.029
7.849
12.869
12.649
13.474
13.801
14.036
13.388
13.040
14.628
12.991
14.493
13.392
13.253
13.409
12.981
13.435
14.469
13.840
13.050
12.924
13.540
13.923
13.931
12.685
13.525
13.684
12.320
13.463
13.203
12.571
13.494
13.408
13.223
13.181
13.599
13.078
13.466
12.643
13.804
9.405
13.546
13.543
13.721
13.597
13.905
13.705
6.647
13.622
12.887
14.044
15.004
13.227
6.203
12.530
13.979
12.378
12.248
14.753
13.232
14.123
13.483
13.688
13.040
13.360
13.392
14.634
12.309
13.050
12.289
8.682
13.279
13.782
13.925
13.253
12.859
12.621
13.043
13.143
14.046
7.933
13.966
13.441
11.860
14.079
10.948
10.269
12.368
10.206
10.771
10.479
10.539
10.410
10.936
11.367
10.434
11.523
10.984
11.263
11.228
12.138
10.977
11.452
11.722
12.065
12.338
11.332
12.240
12.187
12.580
11.939
13.468
12.752
13.323
12.766
11.279
12.209
12.608
11.909
11.619
12.121
11.905
12.490
11.367
12.439
12.550
11.615
12.480
11.327
13.194
13.618
12.540
13.475
12.551
14.274
13.211
13.565
13.452
12.885
13.029
14.158
12.409
13.376
13.790
12.781
12.530
12.929
13.259
13.966
13.494
13.386
14.399
7.536
12.835
13.570
13.117
12.773
13.463
14.587
13.285
12.935
13.716
13.920
13.785
14.170
14.412
14.194
14.297
13.666
14.490
9.935
13.900
13.647
13.699
13.242
13.706
12.866
13.849
13.483
13.476
14.218
13.948
13.075
14.104
13.544
12.950
13.929
13.466
13.721
13.942
14.159
13.214
13.542
13.290
12.706
12.490
13.107
11.923
11.978
10.971
12.768
13.141
6.791
14.049
13.531
13.929
14.032
13.553
13.061
13.264
13.426
13.804
12.711
13.107
13.496
13.175
13.434
13.522
12.268
14.331
13.721
13.394
12.942
12.592
13.577
13.498
13.799
12.984
12.591
13.821
13.651
13.824
12.329
12.846
12.932
13.054
13.030
13.197
13.100
13.029
12.119
10.024
13.593
13.171
13.531
12.841
14.011
13.403
7.566
12.408
12.237
13.132
12.397
14.494
6.563
12.966
13.655
13.846
12.336
13.274
13.588
12.205
12.207
13.540
13.296
12.146
13.152
12.685
12.983
12.715
13.104
8.140
14.031
12.914
13.258
12.082
14.767
12.641
13.688
13.662
13.655
8.416
12.531
13.355
12.998
13.898
