5.902
5.777
7.417
3.733
5.544
5.724
4.854
5.152
5.334
7.173
7.609
4.743
5.450
6.742
3.312
3.374
5.603
6.571
6.575
5.174
5.867
6.628
7.087
6.802
4.790
3.879
4.172
5.622
5.637
4.373
4.433
5.094
6.415
6.341
6.039
5.459
4.837
4.837
3.831
6.279
5.670
6.171
5.548
6.094
4.990
5.625
5.016
4.003
2.616
3.125
4.593
6.733
5.515
7.754
5.482
5.996
6.420
4.881
6.246
4.833
3.191
3.792
5.511
5.449
5.097
5.733
6.045
5.863
4.832
4.990
4.464
5.445
4.236
4.593
5.140
5.697
6.279
5.886
6.839
5.746
7.021
5.682
4.213
4.050
2.329
4.276
5.836
5.263
5.843
5.215
6.872
5.960
6.499
7.057
5.057
3.990
4.354
5.735
7.332
5.824
4.365
5.805
4.830
6.008
7.346
6.233
2.552
2.301
2.030
3.553
6.693
5.526
6.693
6.922
7.025
5.057
5.369
3.679
4.954
4.482
5.321
4.611
3.555
4.120
3.797
5.311
5.503
5.990
2.466
3.510
6.755
4.045
2.961
3.738
5.855
6.880
5.357
6.049
6.153
6.443
5.289
3.599
2.805
4.788
4.980
4.394
3.806
3.515
5.333
4.679
4.211
3.772
5.495
3.960
2.681
3.974
5.378
4.628
5.786
5.239
5.355
4.740
4.820
5.227
4.215
4.484
3.864
4.485
4.500
5.511
5.456
4.539
4.399
4.891
5.337
5.737
6.091
5.618
3.243
4.101
3.869
5.302
5.793
6.179
5.563
4.508
4.875
5.067
5.697
5.059
6.777
5.162
3.665
3.500
3.796
5.819
4.139
5.235
5.281
5.745
5.843
7.822
8.305
5.878
7.053
6.889
7.005
7.698
7.456
7.306
7.708
7.367
7.561
8.776
6.711
5.791
9.012
8.390
9.315
7.905
7.517
7.359
9.424
8.436
7.064
6.397
6.653
9.171
7.602
6.977
6.817
7.348
8.333
8.702
8.300
6.321
7.844
6.460
7.152
8.402
8.232
8.209
7.387
7.118
7.463
7.698
9.030
4.973
6.740
6.991
7.590
7.997
8.317
8.835
8.782
8.753
9.552
8.687
9.332
7.053
7.171
7.450
8.104
9.002
8.407
9.073
8.090
9.587
8.953
8.947
7.595
8.999
7.176
6.169
8.786
7.363
8.491
8.106
8.158
8.205
8.430
8.233
7.745
7.212
5.413
5.425
7.269
7.311
7.517
7.066
7.289
7.687
7.956
8.119
8.117
6.546
7.819
8.187
8.174
8.733
8.135
7.392
8.346
7.974
8.820
8.305
6.097
5.242
4.069
4.771
9.247
7.760
8.437
7.244
8.440
7.951
7.661
6.221
6.751
6.920
5.950
7.342
7.261
8.135
7.590
7.608
8.184
7.020
4.897
6.387
7.527
7.764
5.749
8.446
7.312
9.721
8.950
8.554
8.498
8.651
8.238
8.295
6.765
7.262
8.652
8.782
6.934
6.065
8.907
8.103
8.478
8.511
8.944
7.583
5.500
7.708
7.861
9.079
8.920
8.481
8.953
8.016
9.360
8.579
7.317
7.792
6.633
7.495
6.794
8.227
8.254
6.517
6.838
7.615
9.072
7.656
8.664
9.377
6.667
7.114
6.626
8.457
8.609
9.122
7.646
6.040
6.648
8.078
8.345
7.913
8.519
7.781
7.744
6.353
5.886
7.893
6.339
7.453
9.315
7.651
9.189
7.646
8.853
10.439
7.770
8.843
9.212
7.509
9.476
9.400
8.587
8.804
8.931
10.193
10.600
7.215
5.982
9.331
10.593
10.516
8.418
9.669
10.245
10.933
10.336
8.537
8.252
7.966
8.920
7.939
8.907
8.515
8.060
9.282
9.727
10.178
8.494
8.926
7.780
7.984
9.675
9.365
8.927
9.613
9.793
8.138
9.016
9.742
7.285
6.873
7.671
7.994
9.540
8.436
9.820
8.512
8.562
8.749
8.875
9.318
6.990
5.973
6.304
6.707
7.708
7.852
9.449
9.559
9.018
8.857
8.602
7.682
8.021
7.626
8.024
9.284
9.152
9.900
10.509
9.967
8.617
8.987
7.352
6.083
7.368
5.629
6.948
8.048
9.621
8.305
7.557
9.079
8.939
9.327
10.530
8.919
6.927
7.571
8.798
10.436
9.954
9.134
8.075
7.348
8.057
9.712
9.234
6.233
7.893
6.587
7.442
9.664
8.328
10.807
10.398
9.236
8.678
9.508
8.907
8.883
7.009
7.219
8.072
7.500
6.838
7.417
8.231
9.340
9.350
5.834
7.615
9.141
7.514
7.698
8.086
8.546
9.664
9.660
9.588
8.776
9.758
8.449
7.070
7.020
8.362
6.582
7.625
6.292
7.868
10.153
8.414
8.967
9.183
10.432
9.184
6.411
8.282
9.406
9.508
9.335
9.153
10.053
8.899
9.029
8.602
7.230
6.721
6.203
8.401
9.121
10.308
8.975
7.852
9.027
9.960
10.239
10.516
10.285
10.736
8.724
9.517
9.433
10.579
10.526
10.807
8.611
7.631
6.808
6.826
7.677
10.020
11.538
8.946
8.955
9.034
8.487
10.085
8.626
8.964
9.514
9.639
11.446
9.436
6.229
7.221
7.839
4.377
5.670
5.878
5.658
4.886
5.619
6.254
6.027
6.582
7.032
8.175
4.564
5.709
6.341
7.346
6.653
5.627
6.962
7.253
6.915
6.862
3.022
5.154
5.210
5.828
6.125
5.302
5.658
5.433
7.994
6.644
5.805
7.072
6.132
4.844
5.489
7.195
7.128
5.416
5.836
5.871
5.336
6.609
4.868
5.135
4.447
4.954
5.461
7.341
5.973
7.606
5.799
6.689
6.627
6.182
7.124
3.377
3.364
5.871
4.067
4.111
6.300
5.859
6.304
6.087
5.871
5.066
6.225
4.914
5.787
6.473
7.100
6.375
5.354
7.028
6.574
6.724
5.469
4.097
4.197
4.034
4.042
5.414
5.485
5.672
5.027
5.961
6.919
5.449
6.208
5.996
5.128
5.533
4.392
7.754
5.812
6.250
4.771
4.251
4.260
5.819
5.619
5.729
3.428
3.604
2.295
5.585
6.370
5.674
6.553
7.245
6.316
6.137
7.091
5.690
5.707
4.894
4.748
6.452
5.687
3.759
5.0
6.151
6.939
5.400
5.455
4.883
6.899
4.749
6.079
6.397
6.562
7.495
6.238
6.826
7.035
7.427
5.465
5.650
4.784
6.644
5.414
6.225
4.557
6.279
6.266
6.370
5.975
5.992
6.398
5.023
3.757
6.225
7.176
6.854
6.365
6.640
5.526
5.921
6.899
5.682
5.298
6.857
5.070
5.644
6.077
7.794
6.192
6.229
6.262
6.346
7.100
6.782
6.992
6.851
5.541
6.464
6.548
6.420
7.609
6.356
5.937
3.616
4.607
8.475
9.207
6.543
6.719
5.462
3.981
5.013
5.570
5.886
6.020
6.313
6.163
7.157
5.695
8.537
8.568
7.057
6.952
7.436
7.723
7.555
8.289
7.775
7.560
7.958
8.135
9.061
6.820
5.452
8.461
8.289
8.672
7.317
7.636
9.309
9.109
9.010
6.760
5.530
6.614
6.608
6.519
6.454
6.636
6.908
8.256
8.847
7.938
4.970
8.479
6.662
6.338
8.067
7.143
7.928
6.680
8.106
7.607
6.689
7.971
5.548
4.576
5.699
5.123
8.667
8.713
8.435
8.254
7.312
8.904
7.620
8.043
7.072
6.375
5.366
6.271
6.703
8.215
8.822
6.733
8.606
7.937
7.616
7.067
8.728
6.600
7.263
7.522
7.718
8.829
8.261
8.509
7.613
8.892
7.229
7.728
7.364
5.267
6.288
7.947
7.346
8.384
7.482
7.713
8.356
8.384
9.256
8.753
5.378
5.926
7.756
8.914
8.527
8.234
7.503
7.851
6.776
8.759
8.592
5.349
4.250
4.040
3.519
8.406
7.200
8.892
7.926
8.788
7.984
8.016
6.711
7.001
6.139
6.403
6.906
8.645
7.410
6.588
6.500
7.713
8.972
4.376
7.646
7.447
8.356
5.724
6.526
7.218
8.583
9.049
9.311
8.460
8.771
8.011
6.040
5.298
6.233
6.689
6.745
6.195
5.416
8.261
7.815
7.133
7.110
7.981
6.890
4.983
6.363
8.204
7.979
8.249
8.189
8.210
7.091
8.305
7.610
12.776
9.456
9.478
7.493
6.308
8.905
9.007
7.176
6.944
8.782
7.952
8.189
8.520
7.919
6.773
6.437
6.733
7.444
9.346
8.940
7.129
6.259
8.015
8.866
6.829
6.952
9.097
8.489
6.499
5.409
5.026
8.679
7.052
7.330
7.363
6.106
8.904
6.600
