11.721
10.853
10.782
10.351
11.712
10.452
11.302
5.271
9.497
11.997
10.841
11.074
11.813
11.500
12.049
11.148
11.765
12.520
11.653
11.784
12.459
11.909
11.305
11.671
12.273
12.621
10.100
11.990
12.119
12.612
13.132
11.885
11.909
12.156
11.955
12.551
12.332
8.696
12.305
12.890
12.199
12.275
11.626
10.017
11.166
9.900
10.990
10.619
11.371
11.510
10.433
10.735
11.503
11.238
10.151
11.002
11.676
11.520
11.653
6.135
10.033
10.764
9.691
10.487
11.011
10.806
10.679
10.983
10.875
11.554
5.655
10.165
9.591
10.982
10.017
11.350
11.201
10.851
11.426
7.880
7.640
9.715
11.639
10.325
11.867
11.520
10.954
10.305
11.129
11.038
11.687
11.075
11.156
10.920
9.853
11.977
10.175
11.407
11.203
11.381
11.373
11.765
10.579
12.276
12.284
6.702
11.868
11.827
12.757
11.551
11.532
11.942
12.714
12.429
12.039
12.945
12.510
12.329
12.440
12.342
12.895
12.816
12.520
12.935
13.366
12.510
11.807
12.661
12.783
11.948
13.782
13.607
12.306
13.099
12.841
13.481
11.275
12.966
12.209
12.430
12.029
13.211
13.387
11.779
13.147
13.051
13.546
13.065
12.866
13.441
13.869
13.688
13.551
12.766
12.924
12.683
14.075
13.548
13.033
12.450
13.166
12.704
13.505
12.924
14.021
13.788
10.339
8.744
12.771
13.240
13.209
12.854
12.794
12.740
13.149
12.998
13.880
14.110
13.290
13.429
13.514
14.016
11.147
13.252
13.224
13.089
13.581
12.360
12.250
12.621
13.647
13.208
14.239
12.674
13.248
13.651
13.953
12.940
13.427
12.990
13.592
13.405
14.570
13.741
13.880
13.263
14.029
14.824
6.845
13.777
14.286
13.644
14.161
13.489
14.274
13.887
14.039
13.834
14.390
13.413
13.479
14.083
14.105
14.184
13.622
14.011
13.763
12.520
14.078
14.078
14.049
13.451
14.365
14.066
14.196
15.773
14.320
15.545
11.573
12.430
14.010
14.309
13.387
14.466
14.545
13.280
12.940
13.183
13.533
13.739
13.397
13.454
13.694
14.443
14.240
14.129
13.683
13.408
13.696
15.918
8.114
13.126
14.148
14.663
14.094
14.673
13.328
13.301
14.424
14.013
14.389
8.082
14.582
14.585
14.320
14.286
14.344
14.565
14.486
14.446
13.930
7.819
14.847
14.194
14.019
14.072
14.016
12.953
15.036
13.920
14.045
14.812
14.489
14.089
13.135
14.126
13.629
14.240
13.047
14.680
14.877
13.698
13.286
13.023
14.921
14.274
7.159
14.388
14.757
14.480
14.865
13.807
13.880
13.978
14.871
13.518
14.090
14.125
14.883
14.036
13.752
13.386
14.137
15.202
13.243
15.557
14.724
15.794
14.699
13.758
13.414
13.561
13.430
14.797
14.490
15.299
15.612
13.615
14.877
13.942
14.115
14.503
15.391
14.603
14.376
13.202
13.480
14.138
15.254
12.964
14.078
15.063
15.004
13.571
15.318
13.727
14.680
14.887
14.897
15.470
13.472
14.941
13.851
12.963
13.604
14.524
13.394
13.222
6.850
13.716
13.938
14.184
13.661
13.607
14.409
13.026
14.332
13.323
13.940
15.373
14.042
13.468
14.024
14.331
13.376
13.494
14.206
14.815
13.371
15.513
13.366
15.181
12.942
15.052
13.224
13.160
14.331
13.976
13.006
13.972
12.704
15.440
12.942
13.179
13.030
13.344
13.188
13.644
14.457
8.197
13.430
13.718
13.777
14.136
13.008
13.688
15.076
13.849
14.425
14.274
14.765
13.527
13.455
14.102
13.869
13.677
13.542
13.295
12.205
13.173
13.615
14.706
12.916
13.706
13.813
13.110
14.014
13.360
13.494
9.410
15.760
12.571
13.414
13.047
13.790
13.647
13.355
12.742
14.897
13.702
13.987
13.296
13.158
12.520
14.538
12.763
14.034
13.785
13.096
13.738
13.522
7.111
12.847
14.694
11.882
13.407
13.471
12.540
12.641
13.317
14.115
14.010
7.010
13.754
13.177
13.570
13.585
13.005
13.033
13.366
13.016
9.899
7.807
13.349
13.296
13.258
12.692
13.166
11.579
11.436
10.607
11.852
10.153
11.210
12.348
10.631
11.271
10.487
11.572
10.574
10.771
11.155
10.611
10.802
11.707
11.429
11.299
5.789
10.122
11.292
11.375
10.708
12.201
11.093
12.075
12.237
10.984
11.968
11.474
11.011
10.927
10.909
10.950
11.009
11.660
11.354
11.698
12.961
11.266
11.535
11.664
11.201
11.928
11.895
11.538
11.375
11.645
11.074
11.746
11.842
12.841
10.940
12.916
12.318
12.921
12.310
12.744
12.785
11.673
11.746
12.761
11.784
10.877
12.581
11.832
12.092
13.043
12.633
12.591
12.173
12.340
13.662
11.656
12.903
12.849
12.328
13.233
12.843
10.476
8.824
12.622
13.254
13.419
12.778
13.344
12.631
13.078
13.520
12.746
13.942
12.530
13.790
13.533
13.338
12.888
14.588
13.026
13.306
13.815
13.505
13.208
14.809
12.659
13.349
13.640
13.137
13.026
13.705
13.317
13.618
14.013
12.520
14.045
14.436
14.706
13.415
13.001
14.976
11.891
14.331
6.845
12.540
13.166
14.022
13.006
11.924
13.785
13.713
12.662
13.659
13.065
14.045
14.070
13.849
14.002
14.034
14.149
14.519
13.241
13.446
14.996
12.816
13.525
12.151
13.235
14.112
13.235
13.818
13.622
12.887
9.172
12.289
13.360
13.253
13.520
13.054
13.659
14.018
11.852
13.505
13.200
13.130
12.976
11.821
14.089
13.725
11.987
13.458
14.137
14.035
13.436
10.987
8.742
12.278
13.539
13.226
13.768
13.286
13.434
12.991
14.150
13.596
14.013
6.329
12.877
12.531
13.312
13.435
13.145
12.621
14.228
13.264
8.680
9.880
13.553
14.251
13.479
14.628
12.281
13.110
14.548
14.098
14.091
13.844
12.930
12.837
13.387
13.944
13.072
12.116
13.323
14.011
12.441
12.631
12.439
13.810
13.559
14.205
6.874
13.680
14.343
14.321
14.263
14.687
13.622
14.122
13.086
14.056
14.100
14.548
14.171
13.037
12.399
16.496
13.779
13.673
13.061
12.399
13.607
13.399
13.854
13.548
12.808
13.301
13.520
13.509
12.935
14.183
13.375
13.106
13.479
14.343
13.636
13.238
13.529
14.534
12.887
13.871
13.893
13.548
14.160
13.542
13.317
14.537
13.421
13.381
13.522
13.673
14.159
13.611
13.688
13.918
14.542
14.194
12.939
11.751
11.102
11.779
11.313
7.351
10.063
10.767
11.445
11.408
11.429
11.093
11.981
10.552
11.974
11.148
11.084
11.716
10.427
11.870
12.077
11.193
11.967
11.818
11.120
12.358
12.260
13.241
12.418
11.984
12.161
12.003
12.942
11.939
12.976
12.825
12.814
12.673
13.160
13.058
13.068
13.472
12.389
12.924
13.430
13.002
14.932
6.994
13.771
13.743
14.019
13.149
14.239
13.454
14.412
13.526
14.671
13.247
13.249
13.030
13.719
13.420
14.184
13.096
12.591
12.640
12.379
14.486
14.400
13.489
13.030
12.362
13.177
12.825
13.398
13.232
13.884
9.539
12.804
13.724
13.173
13.377
13.695
14.458
14.411
13.015
14.502
12.693
13.751
13.691
14.016
13.548
13.457
13.670
12.459
13.317
13.102
12.802
10.024
9.476
13.226
13.891
13.113
13.086
12.406
12.109
12.766
13.940
13.533
12.726
6.523
12.049
13.702
13.360
15.217
12.821
12.945
12.827
13.111
7.191
10.709
13.409
13.875
13.399
12.714
13.555
13.610
12.540
13.457
13.790
13.429
13.071
12.258
13.258
13.889
12.970
13.684
14.193
13.086
13.699
12.984
11.845
13.741
13.820
12.155
6.528
12.400
13.050
14.0
12.530
13.280
13.284
12.736
13.815
14.184
13.494
13.799
14.193
12.987
13.218
12.571
13.866
14.161
13.934
13.655
12.116
13.754
11.922
13.355
12.581
14.342
13.355
13.584
13.691
13.483
12.650
13.002
14.297
13.864
13.821
13.544
13.099
14.024
13.082
13.849
14.522
13.075
14.331
13.054
13.269
13.548
13.543
14.514
14.332
13.891
14.173
13.677
13.360
13.488
13.826
13.496
12.751
13.296
12.742
14.035
13.718
8.739
10.711
12.531
13.317
13.409
13.360
14.956
13.860
13.009
14.055
14.504
14.286
13.948
14.193
13.544
13.516
13.423
13.339
14.122
13.435
12.877
11.311
11.741
10.744
11.783
10.407
10.815
11.429
10.738
11.276
11.598
10.990
9.860
12.252
12.285
