9.047
8.955
8.206
8.386
9.375
10.120
10.820
9.556
9.554
10.287
7.842
7.808
9.573
9.286
9.780
10.105
10.515
10.595
9.382
8.920
9.241
10.056
8.840
10.552
9.637
8.536
9.404
9.275
9.833
9.258
8.958
9.657
10.870
10.744
9.979
9.876
10.490
9.433
13.442
10.234
9.630
10.475
9.630
11.338
9.250
10.0
10.816
9.611
9.103
10.734
10.415
9.016
9.364
9.349
9.404
12.083
9.205
9.053
10.697
8.914
8.693
10.610
9.993
9.626
11.789
9.744
10.117
11.830
9.130
8.705
10.035
10.692
9.142
11.797
10.837
11.096
14.028
11.073
9.364
10.530
7.613
9.874
9.932
9.078
9.831
10.948
8.932
9.930
9.593
8.817
11.794
9.550
9.273
10.233
8.791
9.262
11.157
8.726
9.820
9.834
9.072
10.769
9.979
11.708
10.616
10.228
9.596
11.440
9.649
10.316
11.250
9.738
10.021
11.058
9.897
9.306
10.150
10.570
9.930
9.021
9.116
9.902
9.693
9.212
9.344
9.759
8.708
9.993
9.524
10.138
9.780
8.209
9.366
10.411
10.280
10.490
10.145
9.729
9.633
10.987
9.775
10.118
9.855
8.984
10.311
10.304
10.082
10.133
10.283
8.947
9.671
9.966
9.586
10.835
9.507
7.997
9.085
10.611
8.485
10.848
9.811
9.151
11.565
9.629
9.524
10.982
10.596
9.234
10.377
9.318
10.638
10.340
9.655
9.690
10.727
10.732
9.364
11.088
9.135
9.484
7.740
10.838
10.104
9.570
10.221
10.461
10.749
10.171
9.827
6.560
9.695
9.695
10.450
10.807
10.918
9.491
10.289
9.727
11.895
10.526
10.143
6.969
7.233
8.086
8.234
7.746
7.643
8.177
8.563
9.826
7.209
8.0
9.116
8.223
9.328
8.616
7.698
9.741
9.500
7.986
8.745
9.187
7.454
9.561
8.437
6.044
8.638
8.483
7.857
9.085
8.123
7.606
8.989
8.708
7.676
8.322
8.618
9.366
8.638
7.038
9.008
9.527
7.029
9.306
9.320
8.526
9.001
7.969
8.316
9.591
8.511
7.649
8.093
8.586
7.628
8.223
7.784
8.146
9.587
7.258
8.589
8.457
8.339
8.886
9.636
8.422
8.647
8.956
7.708
7.329
7.535
7.876
8.879
9.770
8.935
8.281
9.034
8.834
8.886
7.197
8.838
9.014
8.601
7.911
8.558
8.633
8.222
8.333
7.568
9.707
8.175
8.070
9.097
8.102
8.031
9.700
7.415
7.887
9.854
7.992
7.300
9.066
7.237
9.550
8.916
7.053
10.486
8.080
8.799
9.047
8.076
7.565
8.282
8.414
8.304
9.022
7.994
8.502
8.702
8.503
8.417
8.756
7.475
9.587
8.795
9.116
9.483
8.420
8.148
7.650
8.809
8.014
8.017
9.511
7.989
8.540
7.044
7.864
8.460
8.206
8.011
8.799
8.093
8.036
9.732
8.840
8.351
8.432
9.003
8.714
8.131
7.456
8.966
8.807
7.934
7.407
8.264
6.224
9.034
8.753
7.808
8.953
8.531
7.934
8.803
8.966
8.455
7.970
8.750
7.597
8.790
9.318
7.498
8.197
8.836
8.459
8.014
8.258
8.921
7.681
9.167
4.919
8.720
8.708
9.085
8.714
9.280
8.949
7.269
8.339
5.882
8.552
7.596
10.271
8.617
8.022
8.822
8.333
8.609
8.236
7.975
7.895
7.036
7.840
7.585
5.970
7.616
7.725
7.861
7.773
7.763
7.687
6.690
8.165
8.208
7.279
8.571
8.696
7.932
9.598
8.028
6.807
7.986
7.930
7.719
7.882
6.977
7.103
7.660
7.741
8.076
8.426
8.263
7.898
7.860
7.413
8.293
7.789
8.223
8.403
7.638
7.078
7.319
8.470
7.213
7.449
7.911
8.287
8.095
7.681
8.287
7.789
8.536
8.426
7.622
7.983
7.008
8.783
7.402
7.153
7.660
7.671
7.302
6.875
8.984
7.655
9.442
7.803
8.144
9.285
8.934
6.159
7.955
8.420
7.395
9.847
9.330
8.581
9.354
8.322
8.380
8.275
8.386
7.853
9.646
8.099
8.512
9.603
8.844
8.246
8.811
8.188
8.662
8.565
8.121
7.898
8.617
8.101
8.363
8.559
8.153
8.939
8.216
8.229
8.345
9.586
8.223
8.533
8.848
8.234
8.671
8.028
8.526
8.589
8.619
8.508
9.010
8.170
8.840
10.105
7.719
8.982
8.080
8.626
7.500
8.543
8.790
8.926
8.039
9.148
8.783
7.810
9.838
8.101
8.241
8.466
9.110
8.462
7.831
7.913
8.456
8.025
7.858
8.790
6.676
8.797
7.283
6.122
8.087
6.980
7.249
7.006
6.728
6.210
7.983
7.097
5.771
6.955
5.702
7.420
6.639
7.079
6.648
7.138
7.779
5.951
7.534
6.367
8.0
6.933
6.197
6.719
10.007
6.621
7.093
7.953
8.526
7.725
6.443
8.720
8.380
7.083
7.853
5.827
8.339
5.797
8.774
7.123
5.895
8.119
6.625
4.576
9.135
7.024
6.801
8.552
7.392
6.358
7.973
7.612
8.217
8.292
8.061
12.633
13.400
12.667
27.443
15.709
11.847
18.620
13.669
13.751
14.783
10.290
20.927
16.436
13.714
13.136
14.856
14.040
13.399
24.871
13.459
19.482
14.929
11.906
18.737
12.411
12.500
14.916
15.325
12.509
14.812
13.273
13.282
14.226
14.236
13.691
12.953
11.967
12.638
17.041
17.458
13.458
17.643
13.822
16.055
14.441
15.607
14.071
14.386
12.763
13.510
16.690
16.400
14.407
17.437
12.267
12.242
15.035
13.793
14.810
16.737
10.933
13.089
14.854
14.695
13.201
17.618
13.429
13.963
12.130
11.266
12.930
17.572
13.940
14.796
13.594
15.156
13.783
15.659
12.447
13.361
13.723
15.112
13.510
14.408
14.731
18.830
14.610
11.896
14.348
15.130
13.527
16.008
15.614
13.445
14.648
14.480
13.510
21.761
14.753
12.623
20.978
14.214
13.571
14.734
16.775
17.219
14.769
13.392
19.874
14.956
13.074
13.871
15.554
14.184
14.693
15.154
14.051
14.326
13.991
12.349
16.435
13.786
12.447
14.233
15.032
13.485
14.772
16.832
14.326
19.697
12.265
12.483
16.299
15.538
15.358
16.510
14.116
15.443
22.630
14.648
17.713
16.404
14.410
13.356
14.996
14.154
14.465
14.875
15.478
13.828
13.440
13.198
14.852
15.113
13.798
19.900
13.217
14.884
13.875
15.530
17.425
16.315
14.849
15.966
16.474
12.767
13.119
15.574
13.282
16.524
13.912
16.881
16.762
17.137
13.706
14.479
12.901
15.287
11.794
16.931
9.008
15.032
13.362
17.004
13.939
17.035
13.243
12.637
21.474
13.692
12.668
12.050
14.895
24.802
14.571
13.381
15.032
15.866
16.442
14.687
19.021
13.633
12.321
16.0
20.994
13.087
18.097
14.573
13.779
14.615
15.165
12.500
14.516
18.521
13.226
16.322
13.338
13.652
14.486
17.443
14.706
13.614
15.616
12.544
14.776
14.428
12.465
18.583
16.796
15.496
12.835
13.546
13.911
14.399
14.719
14.214
14.898
14.093
14.142
16.805
15.924
13.540
19.788
16.574
14.964
22.569
14.388
13.623
13.568
14.431
14.244
14.880
13.209
31.509
14.265
12.960
18.382
12.681
15.072
15.592
11.680
13.409
18.294
15.947
14.861
13.958
12.790
14.235
19.464
13.607
11.338
11.574
12.840
14.203
14.203
15.213
17.786
25.105
17.486
17.895
12.265
15.007
11.908
14.710
13.333
15.495
15.947
16.272
19.168
13.604
16.914
17.120
14.487
17.537
14.557
13.655
14.049
14.398
17.382
14.256
16.316
14.503
13.827
14.841
19.972
13.460
19.730
15.975
13.659
17.910
14.769
13.165
19.480
14.337
14.154
14.428
16.048
15.517
14.174
13.856
14.766
13.552
16.882
13.262
17.017
13.152
22.206
17.965
13.585
14.050
16.249
14.101
12.333
16.451
15.568
19.001
24.074
27.012
12.855
13.960
13.915
20.369
13.452
14.729
12.420
13.414
13.801
13.309
15.047
18.634
13.429
18.064
13.953
18.680
14.245
14.461
11.464
13.891
16.023
16.369
16.512
14.588
14.828
14.598
17.604
13.544
14.438
15.625
12.100
15.335
16.678
18.588
16.961
14.672
20.154
13.624
13.805
14.046
13.867
16.501
16.174
14.708
10.246
15.645
13.025
14.982
18.956
14.766
16.760
14.407
13.023
11.587
19.353
12.656
15.793
14.925
14.224
13.815
13.249
13.656
17.794
15.395
