18.133
16.930
17.083
17.764
16.925
17.747
16.848
19.955
15.039
15.105
16.250
16.550
15.066
17.143
16.131
19.908
17.223
17.111
15.564
16.116
16.680
16.821
15.576
15.511
18.942
18.925
15.868
16.948
15.557
15.342
16.602
19.390
15.857
17.679
16.876
20.200
16.848
15.536
19.650
19.908
15.355
15.839
15.569
15.524
16.034
16.941
17.090
16.315
21.238
14.605
21.298
16.172
16.706
16.759
18.217
19.347
19.859
18.088
20.830
16.162
17.929
21.615
15.397
22.727
16.254
16.462
21.280
17.358
15.918
16.602
21.429
15.703
16.601
15.550
15.415
19.146
15.222
19.984
18.585
20.891
15.523
15.301
15.086
17.147
19.661
15.581
17.588
16.208
16.705
10.494
19.362
18.231
18.125
16.550
16.003
14.724
16.239
16.070
18.246
17.728
22.525
19.701
16.419
14.907
15.671
18.244
15.991
20.234
16.070
19.969
18.260
15.961
14.988
18.407
15.023
16.833
19.301
16.945
21.692
15.765
16.667
15.957
11.446
14.096
16.952
16.549
18.026
16.013
23.268
18.648
20.427
21.769
19.905
16.202
20.0
15.074
17.543
17.109
17.543
17.172
16.199
16.719
16.590
20.109
21.429
16.496
16.514
15.761
16.551
16.074
15.036
15.463
17.079
15.724
16.044
15.561
15.236
17.809
18.002
17.271
18.745
16.885
19.014
15.900
11.820
12.813
16.810
15.677
14.623
16.974
19.302
17.463
15.379
15.324
17.345
17.602
18.553
20.946
15.889
17.647
19.207
16.911
17.935
15.373
16.193
16.732
16.317
18.923
17.114
17.738
15.519
16.407
15.736
18.936
17.041
17.188
18.726
16.225
15.875
21.863
17.574
18.644
17.656
16.732
16.936
16.411
24.128
15.723
15.978
16.344
18.349
17.145
21.065
20.743
19.767
18.331
16.330
20.719
18.057
17.957
17.937
15.336
18.925
15.916
17.992
17.519
20.214
16.756
18.550
18.431
20.046
20.259
18.245
20.185
21.210
24.963
19.228
16.237
19.537
16.897
16.162
19.560
17.624
16.511
17.088
18.0
19.466
17.172
18.210
16.602
21.786
17.045
17.580
16.743
16.820
18.224
17.154
23.565
16.525
18.721
20.446
18.435
16.939
17.090
17.917
17.0
19.618
17.596
17.103
21.572
16.730
16.767
19.767
16.922
16.912
16.245
19.160
16.512
16.863
18.959
16.757
18.980
17.375
16.336
16.541
18.326
17.562
18.755
16.488
16.793
12.793
16.538
18.259
20.388
25.094
16.899
19.099
17.054
19.557
20.752
16.095
16.922
17.819
22.598
21.599
17.452
18.399
15.867
17.207
21.396
16.553
16.862
17.043
22.248
16.845
16.344
16.706
21.157
17.105
15.652
16.771
18.760
17.043
10.933
18.019
18.888
17.965
21.676
16.756
18.658
20.980
18.687
24.320
17.688
17.462
18.238
16.112
20.679
16.654
24.128
15.931
19.192
27.097
16.512
22.741
16.0
17.231
18.931
16.131
20.153
17.327
16.628
19.385
19.106
19.281
18.126
15.234
18.794
16.627
16.730
15.950
16.526
15.932
18.038
16.895
13.796
16.732
18.478
14.196
18.576
18.851
23.216
16.330
21.483
16.290
16.028
32.873
16.590
16.303
17.169
16.164
15.929
17.249
16.705
16.049
16.769
17.620
20.872
16.548
16.161
17.647
22.598
16.351
17.090
22.373
16.616
17.051
17.355
22.474
16.992
18.472
17.643
19.204
18.322
16.462
16.418
18.238
16.911
17.547
16.169
16.744
19.863
21.710
16.320
15.749
16.743
20.167
15.249
22.818
17.008
16.067
15.849
16.667
16.718
22.765
18.328
16.102
20.849
14.376
16.667
17.435
17.018
14.800
14.727
15.342
17.486
15.336
17.739
15.094
14.476
14.722
13.780
17.764
13.963
14.603
14.509
15.596
15.549
17.141
14.544
13.998
14.902
15.566
15.789
15.463
18.182
17.294
16.693
17.519
15.172
14.208
14.955
26.160
15.133
21.236
15.123
14.992
14.583
15.706
18.902
17.066
15.312
17.035
15.451
17.480
19.862
15.568
15.492
19.451
17.558
15.270
16.864
21.320
17.321
19.479
17.036
16.239
20.503
14.950
15.831
18.872
12.142
15.161
15.818
18.287
16.512
18.803
16.628
17.929
16.473
20.216
16.284
15.379
15.879
24.644
15.500
16.692
15.818
16.551
15.802
15.445
17.241
16.418
15.975
19.659
14.701
19.171
15.432
18.521
18.513
16.199
15.623
16.319
15.867
12.722
15.239
15.170
15.414
17.884
16.731
15.972
16.206
15.858
17.857
17.589
16.901
16.797
16.220
21.495
17.788
15.182
16.985
15.070
20.877
16.603
17.013
15.540
17.557
16.371
17.103
17.915
15.871
17.564
23.065
16.910
17.038
16.950
22.833
15.863
16.395
16.420
17.134
17.752
18.769
22.932
17.265
12.509
14.787
16.628
14.164
13.281
16.112
16.562
19.393
16.038
15.222
16.771
18.413
19.066
16.063
16.306
16.718
15.748
16.355
16.281
18.885
15.798
20.668
15.941
16.344
20.273
15.367
21.049
16.084
18.369
16.628
16.315
15.899
18.578
18.502
18.467
16.820
16.640
15.859
19.213
19.878
16.731
15.498
19.585
16.279
15.728
16.948
14.757
20.474
17.432
18.716
23.979
17.391
28.078
14.882
16.056
19.706
16.174
15.679
16.319
20.015
18.217
22.021
19.555
17.890
17.294
16.069
16.899
16.411
18.831
16.935
17.451
17.209
18.385
16.862
21.572
15.343
16.231
22.615
15.830
18.654
17.418
22.011
18.963
19.449
18.567
15.266
17.953
17.684
17.712
17.483
16.304
20.295
20.153
16.602
17.309
19.923
21.861
16.286
17.634
17.136
15.042
15.932
20.257
21.120
16.435
15.749
15.571
20.846
16.524
17.169
19.350
28.141
16.328
15.307
16.208
15.583
23.900
15.409
18.407
16.293
20.708
17.207
16.998
17.762
23.356
15.408
11.473
16.953
16.328
16.502
17.971
17.174
23.503
15.487
15.391
14.771
16.070
15.611
17.929
19.648
15.008
17.865
16.562
18.927
17.841
15.669
17.684
21.177
18.913
16.575
21.138
20.753
17.016
17.679
17.445
16.535
29.649
16.028
16.915
13.839
14.340
21.385
20.818
18.0
25.949
19.848
19.861
15.886
18.133
16.521
16.719
17.381
19.892
16.283
16.484
17.281
16.137
18.803
17.453
18.266
17.194
18.413
22.446
16.501
16.420
19.662
16.503
23.386
17.588
16.031
17.179
17.661
15.859
16.371
15.259
15.427
22.382
17.811
15.211
16.348
15.685
20.137
16.815
20.090
16.102
14.885
15.379
17.575
16.015
16.680
16.040
21.610
16.204
17.584
20.927
21.581
17.041
18.175
17.822
16.551
21.488
19.154
18.640
18.654
26.495
17.515
28.973
17.483
16.129
19.756
15.785
17.395
18.399
16.732
20.501
20.975
17.081
23.247
17.199
16.705
15.282
14.864
16.116
16.071
21.061
16.071
15.498
17.724
21.543
21.212
29.185
15.953
16.757
17.761
19.300
16.966
17.087
19.272
15.685
17.656
19.816
18.372
17.311
16.035
16.081
16.876
15.789
18.260
15.895
15.549
21.575
17.408
24.361
17.324
19.985
29.532
16.021
25.697
19.985
16.641
20.690
19.394
15.457
15.355
16.692
16.961
20.292
17.266
18.168
16.770
17.196
22.314
15.736
17.841
19.207
17.121
19.892
22.029
17.031
22.551
17.188
17.268
23.448
19.403
15.862
17.793
17.624
16.038
24.027
19.815
15.135
16.484
15.573
16.939
15.794
20.717
16.654
16.968
19.626
15.927
23.012
20.523
17.642
21.065
15.226
17.052
18.042
10.661
17.228
23.930
18.587
24.196
15.194
15.601
19.284
22.689
15.483
17.560
18.942
17.846
22.137
15.504
16.355
20.340
18.049
17.957
19.121
24.238
16.641
16.575
16.667
16.297
19.281
21.940
17.521
16.237
16.025
18.730
24.504
16.233
10.436
14.405
16.102
15.343
17.731
17.810
17.737
17.486
16.047
16.089
16.204
15.732
16.745
21.607
15.909
16.918
15.978
17.212
20.405
25.594
21.177
18.658
15.935
16.357
17.239
21.548
15.875
27.438
15.175
17.271
16.977
17.548
17.764
17.011
16.719
16.548
16.858
14.980
16.409
17.804
15.469
17.190
11.324
15.306
17.656
12.882
17.337
19.347
19.192
26.746
15.987
18.224
18.238
15.689
16.692
22.654
16.947
16.286
16.975
16.603
17.358
15.846
16.603
21.581
16.275
15.516
15.962
17.239
21.358
16.167
17.633
19.741
16.147
16.498
16.358
17.375
16.601
20.031
15.090
