7.307
7.220
7.299
8.348
7.052
7.879
7.420
4.024
6.771
7.179
8.612
7.966
7.980
7.438
8.092
6.914
8.177
7.457
5.163
7.594
9.259
7.317
9.222
8.432
8.453
7.557
8.129
8.685
8.651
7.610
4.900
6.498
7.458
8.402
8.382
8.714
8.151
9.583
8.619
8.354
9.189
7.967
8.846
9.159
8.536
8.870
7.530
9.076
9.354
8.424
8.900
8.858
8.389
8.681
8.961
9.354
9.068
9.983
8.361
8.833
9.250
8.688
9.584
8.843
8.772
8.552
8.210
9.023
9.532
9.038
9.158
8.255
9.646
9.520
9.098
8.930
8.876
9.464
9.137
8.581
8.003
8.264
9.121
8.992
8.984
9.669
9.046
8.195
8.418
8.677
8.142
7.888
9.106
9.300
9.591
8.841
7.790
9.068
8.779
9.137
8.511
9.083
7.939
9.774
8.235
9.281
9.212
9.151
9.432
7.956
9.322
8.065
8.431
8.493
8.368
9.136
9.476
9.380
8.673
9.661
8.673
9.022
8.663
4.729
4.860
9.251
8.615
9.638
8.117
5.777
8.987
8.486
5.140
8.769
8.740
9.900
8.821
8.425
8.900
9.559
9.370
8.706
9.275
9.121
8.984
9.181
8.816
9.468
8.671
8.119
9.750
8.739
6.462
6.375
8.671
8.099
9.114
8.333
5.692
8.319
9.236
9.106
9.492
9.083
8.924
9.122
8.605
9.083
8.747
8.347
9.076
9.623
8.984
9.256
9.462
8.688
9.580
9.031
8.043
8.101
9.076
9.136
9.114
8.361
9.385
9.448
9.278
8.257
8.739
9.367
8.963
8.227
9.357
8.959
9.302
8.699
8.872
8.605
9.098
8.438
9.098
10.117
9.975
10.157
10.425
10.151
9.967
9.635
4.914
8.225
9.975
8.893
9.844
9.799
10.673
8.915
9.308
10.271
7.794
7.034
9.539
10.276
10.008
10.667
10.652
9.844
11.120
10.017
10.182
11.102
9.472
6.098
6.620
7.387
9.603
9.627
10.561
9.421
10.379
8.945
10.380
9.480
10.098
9.750
11.011
9.520
9.370
9.136
9.563
9.046
10.008
9.815
10.578
9.448
9.926
9.596
9.437
9.746
9.611
10.586
9.732
9.461
10.074
9.607
9.343
9.484
9.917
10.681
9.144
9.992
10.622
11.736
9.492
11.129
10.396
9.915
9.233
10.140
9.237
9.667
9.764
10.391
9.151
9.262
10.615
9.298
10.429
10.833
10.093
8.861
8.557
9.866
9.789
9.559
9.895
10.192
10.297
10.561
9.958
10.373
10.114
10.204
10.224
9.942
9.959
8.792
10.216
10.092
9.934
10.596
9.158
9.874
10.082
9.129
10.008
10.535
9.401
10.106
9.180
10.415
9.895
10.518
10.654
9.559
5.900
5.576
8.299
8.072
7.331
8.434
4.126
8.967
6.154
5.755
6.939
6.683
7.054
7.457
7.718
8.625
7.586
8.306
8.852
7.655
8.175
8.091
8.153
8.565
7.401
7.618
7.335
7.899
7.811
5.215
5.243
7.063
7.434
8.730
7.189
3.701
8.003
7.763
9.396
8.117
7.667
8.083
7.921
7.410
8.059
8.237
7.840
8.528
8.466
8.530
8.173
8.438
8.807
8.299
8.027
7.879
7.987
7.875
8.804
8.416
8.887
8.938
8.885
8.555
9.583
9.262
8.775
8.752
9.249
9.326
8.574
9.383
9.432
9.804
9.212
9.867
10.0
8.600
9.710
10.074
10.239
9.500
8.955
9.620
9.900
4.882
8.678
9.942
8.333
10.058
10.448
9.842
10.362
9.180
10.422
8.039
6.718
10.229
9.076
10.877
8.841
9.362
9.559
9.622
9.874
9.326
9.868
7.990
4.917
7.177
7.959
10.365
9.975
9.425
10.017
10.058
9.983
9.740
9.740
8.706
9.484
10.025
9.818
9.436
8.845
9.520
10.116
9.060
9.934
8.251
9.544
9.683
9.145
9.925
9.536
9.677
8.913
9.718
8.848
9.821
9.420
10.050
9.677
9.540
9.060
9.917
8.986
8.963
8.819
10.057
9.196
9.532
8.487
9.284
9.661
9.917
9.247
10.833
9.715
9.061
10.172
8.576
8.978
9.992
10.024
9.031
9.752
9.572
9.893
8.481
8.026
8.713
8.092
8.119
8.305
8.250
10.115
8.544
8.703
9.633
8.382
9.211
9.068
9.219
9.559
9.578
8.807
9.473
8.739
9.571
9.417
8.646
9.259
9.060
9.152
8.534
9.630
9.273
9.857
9.326
9.310
5.424
5.495
9.037
10.169
9.023
9.144
5.670
9.099
7.172
5.335
9.267
9.688
9.742
10.574
10.090
10.777
10.254
8.718
9.884
8.878
10.720
10.025
9.296
10.570
8.753
8.235
8.811
7.414
8.942
6.186
6.404
8.863
10.569
9.235
9.015
4.784
8.949
9.750
9.934
9.867
10.017
9.279
9.611
8.970
8.993
10.461
9.213
9.265
9.083
9.137
8.229
8.493
9.240
8.794
8.754
9.718
8.757
9.810
10.252
9.627
8.992
8.663
8.993
8.447
7.848
9.417
9.426
9.122
9.258
8.595
10.167
8.926
8.843
9.165
8.614
9.143
8.512
8.940
9.548
10.495
9.076
7.919
8.930
10.871
9.295
9.339
4.068
7.850
9.367
9.380
8.750
9.007
9.787
8.548
9.770
9.451
5.457
9.250
10.093
9.468
10.579
8.397
9.607
8.685
8.848
8.418
9.409
9.287
4.929
9.370
5.186
8.418
8.225
8.067
9.742
9.320
8.739
9.220
10.339
8.908
9.151
8.500
9.631
9.152
9.789
9.076
8.762
10.430
9.264
8.978
9.836
10.723
8.768
9.469
9.735
9.173
9.287
9.404
8.948
9.736
9.691
8.918
10.256
9.359
8.880
9.182
8.739
9.037
9.583
9.992
9.144
8.361
9.508
8.656
9.461
9.007
10.025
8.956
10.261
10.150
8.735
8.893
8.284
9.256
9.419
9.588
9.279
10.042
9.218
8.985
9.218
9.083
8.948
8.070
9.180
8.631
9.983
7.673
9.031
9.455
9.024
9.479
8.432
8.395
9.457
8.811
8.706
8.938
8.819
9.417
9.445
8.264
8.459
9.453
9.434
9.544
9.129
9.468
9.293
8.763
9.046
9.701
5.095
4.377
9.008
9.023
8.801
5.753
8.167
8.631
4.062
8.190
8.710
10.034
9.226
8.880
8.757
8.894
8.305
8.894
9.707
8.985
8.961
8.816
8.909
8.550
8.838
10.626
8.893
9.736
9.983
4.258
8.749
8.583
9.365
8.978
8.036
5.808
8.885
9.799
9.128
9.481
9.326
9.934
9.659
9.672
9.285
8.955
8.500
9.250
9.308
8.932
9.728
8.571
9.444
9.675
9.659
10.518
9.691
9.810
9.572
9.591
9.098
9.106
8.244
9.076
9.750
9.143
8.195
8.898
8.929
8.543
9.699
9.336
9.520
9.653
8.590
9.330
9.603
9.567
9.909
8.984
8.797
9.461
8.153
9.409
4.726
7.477
6.468
8.030
7.616
6.934
6.814
6.527
7.173
6.954
6.023
4.415
7.041
8.429
6.667
6.927
7.558
7.930
7.249
7.879
6.124
7.686
7.090
4.338
6.083
5.835
7.864
7.544
7.823
7.364
6.914
6.678
7.550
6.888
7.541
7.255
7.237
7.477
7.404
7.718
7.083
7.712
7.179
6.983
7.590
7.331
6.622
7.240
7.776
6.721
7.457
6.516
6.859
7.143
8.242
6.740
6.816
6.977
7.012
7.053
7.801
6.981
7.523
6.854
7.592
6.363
7.257
7.057
6.542
6.914
6.684
6.438
7.137
6.655
8.027
6.723
7.509
7.679
7.966
7.488
7.533
7.506
8.269
7.216
7.857
7.615
7.511
7.930
7.861
7.227
8.500
6.882
8.495
7.914
7.767
8.027
7.838
7.160
8.122
8.124
8.375
8.050
8.574
8.160
8.791
8.799
8.270
8.491
9.548
9.136
8.887
9.174
8.624
9.174
8.354
8.634
4.128
4.590
8.010
8.333
8.985
9.453
5.435
9.783
7.498
4.981
9.815
9.512
9.399
8.784
8.550
9.129
9.129
8.347
7.667
9.167
8.347
10.008
9.891
9.269
8.493
9.975
9.053
8.651
9.776
7.036
5.607
8.285
8.983
9.304
9.865
4.916
7.910
8.846
8.836
9.380
8.706
9.189
9.959
8.794
9.917
9.106
9.425
9.287
8.923
9.256
8.917
10.425
9.825
9.068
9.365
10.116
8.201
9.580
8.858
8.284
9.129
8.940
8.622
9.473
7.711
8.852
9.473
8.182
9.172
9.794
8.585
9.306
9.295
9.627
8.831
9.567
8.946
7.923
