4.618
5.971
4.077
4.969
4.821
5.683
5.148
4.834
5.720
5.031
4.762
4.653
4.489
4.608
6.033
5.930
5.863
6.859
5.947
5.575
4.648
4.567
5.102
4.861
4.212
5.195
5.194
5.601
5.552
5.174
4.980
5.010
5.424
5.062
4.650
5.109
5.065
5.219
5.306
5.109
4.297
4.831
4.886
6.090
5.450
4.502
5.878
5.014
5.167
5.020
5.982
5.903
4.720
4.653
4.233
5.027
6.023
5.353
5.216
4.348
5.772
5.544
4.595
5.335
5.028
5.529
5.703
4.791
5.854
5.640
5.270
4.788
4.044
6.0
7.079
6.603
6.821
6.662
5.457
5.677
5.666
5.567
4.489
5.505
5.389
5.486
5.346
5.260
4.261
4.586
4.831
5.647
4.446
5.344
4.240
4.911
6.233
4.082
6.017
5.420
5.735
4.290
6.595
5.586
5.866
4.742
5.321
5.540
6.892
6.134
8.339
7.177
6.198
5.552
5.353
5.624
5.448
5.231
5.643
4.795
5.643
4.952
5.521
5.756
5.174
4.478
4.428
4.755
5.479
5.918
4.598
5.141
5.079
5.027
4.986
5.442
5.874
5.878
5.079
5.453
5.563
5.181
5.288
6.212
4.570
4.598
4.883
6.463
4.395
5.874
5.195
4.768
4.966
4.953
5.158
4.646
5.996
5.601
5.242
5.361
4.846
5.058
4.369
4.932
5.597
4.654
4.901
4.211
5.355
6.207
3.763
3.753
5.556
5.092
5.967
4.709
5.424
6.662
5.552
5.854
5.224
6.208
5.285
4.903
5.163
4.116
4.993
4.555
4.401
4.333
4.498
3.777
3.981
3.928
4.372
4.167
4.492
4.315
4.461
4.467
3.836
5.017
5.509
5.368
4.795
5.085
5.361
6.759
4.635
4.401
4.218
5.044
5.213
4.743
4.509
5.712
4.716
7.148
4.555
4.327
5.846
5.590
4.918
4.817
5.726
3.916
4.907
5.863
5.170
5.183
4.778
5.593
5.742
5.827
3.943
5.484
4.876
4.781
5.439
5.870
4.918
4.378
5.785
5.413
5.238
5.034
5.153
5.471
4.621
6.011
4.514
5.300
3.997
4.952
5.095
5.999
5.249
4.814
5.878
6.027
4.736
4.778
4.381
5.355
4.865
5.597
3.747
5.606
4.333
4.372
4.818
4.312
4.0
5.220
5.971
5.086
6.863
5.974
5.475
5.109
3.828
5.059
4.662
5.773
4.098
4.567
5.289
5.424
3.394
4.044
3.992
5.017
5.525
3.576
4.432
4.369
5.245
5.252
4.129
4.238
5.400
5.373
4.112
4.555
4.038
5.667
5.932
3.928
4.710
5.212
5.552
5.398
3.973
4.011
4.792
4.466
5.698
4.873
4.703
5.385
4.273
5.072
3.849
5.024
4.762
4.871
4.178
3.641
4.321
4.592
4.781
5.075
5.415
4.993
4.583
4.178
5.461
6.129
5.659
4.470
4.230
5.379
4.249
5.041
3.404
4.844
5.235
6.135
4.499
4.369
5.463
4.545
4.969
3.747
5.082
5.947
4.583
6.492
4.664
5.332
5.350
4.768
4.667
3.731
4.312
4.330
5.324
5.567
5.069
3.615
5.082
4.589
4.661
5.198
4.040
4.375
4.181
5.194
4.224
3.704
4.121
4.983
5.548
4.530
4.079
2.855
4.315
3.554
3.579
4.632
4.811
4.642
4.115
4.342
4.101
4.928
4.218
4.983
3.532
4.446
4.016
4.357
5.078
4.469
3.530
4.963
4.807
5.155
4.446
3.634
4.953
3.274
3.960
4.759
4.915
4.816
5.320
4.579
6.207
4.567
4.242
3.959
3.518
4.942
3.542
4.927
2.609
3.623
5.010
5.367
4.667
4.289
3.981
3.865
4.703
3.381
4.570
4.286
3.724
5.438
4.434
4.054
3.696
5.431
4.505
4.935
3.618
5.028
3.872
4.614
5.339
4.672
4.791
4.455
4.254
3.807
4.342
4.255
4.804
4.244
5.017
5.044
4.124
4.533
5.014
5.003
4.251
4.461
4.384
4.837
4.122
3.576
4.390
4.049
4.823
5.846
5.023
5.973
4.192
5.450
4.691
4.033
3.635
4.019
3.345
4.017
4.244
3.909
4.104
2.895
3.432
3.859
4.158
4.464
3.891
4.044
3.067
3.210
4.423
3.758
3.230
3.140
3.142
4.642
4.082
3.401
3.593
4.030
3.591
4.221
3.836
4.511
3.206
4.746
4.282
4.564
4.289
3.807
5.235
4.502
3.909
3.654
4.827
3.434
4.730
4.711
3.815
3.591
3.567
4.144
3.904
3.586
4.068
4.618
4.431
4.419
3.838
4.014
4.461
4.138
4.079
3.995
4.863
4.505
4.249
3.045
3.193
5.310
4.640
4.066
3.213
4.661
4.499
4.624
4.235
4.315
3.943
4.651
5.169
4.195
4.047
4.369
4.381
3.655
3.202
4.073
4.360
5.181
4.833
3.673
3.772
4.746
3.771
4.076
4.107
4.888
4.618
3.354
4.399
4.402
4.003
4.527
5.041
5.057
4.710
4.762
3.219
3.175
3.948
3.239
4.746
3.709
3.870
3.467
4.215
4.076
4.465
3.994
3.110
4.255
3.967
3.736
3.080
10.292
10.474
10.350
10.926
10.083
12.623
10.978
11.158
10.269
9.779
9.597
12.535
10.217
11.748
11.675
10.865
12.753
10.673
11.571
11.429
11.119
10.545
11.317
7.911
10.461
10.519
10.980
12.170
11.073
10.206
11.400
10.028
11.628
9.342
10.941
9.979
11.235
11.197
11.608
10.323
10.773
10.278
12.377
11.026
9.846
10.885
10.323
11.826
10.689
10.752
9.796
8.298
11.064
9.979
11.206
12.149
12.723
12.271
13.221
11.740
14.485
11.547
12.087
11.997
11.890
11.863
11.867
14.059
12.300
10.843
10.964
9.570
11.536
10.457
12.232
12.165
12.071
10.168
8.817
10.523
9.384
10.717
11.004
10.361
10.402
11.222
11.134
9.167
9.078
8.518
9.331
9.527
9.861
9.243
8.856
10.133
10.028
10.120
9.360
8.583
8.644
10.463
11.477
9.218
10.110
9.275
11.921
9.510
9.979
10.621
8.601
10.042
9.110
10.620
10.303
10.519
11.555
10.587
11.568
9.808
10.567
11.506
11.719
9.838
12.181
11.563
10.870
13.115
12.316
10.523
10.545
10.280
10.643
9.490
10.285
12.228
12.085
11.615
11.883
10.211
13.096
12.312
12.640
12.331
11.072
12.956
13.216
11.174
10.274
10.451
11.103
11.025
9.382
10.306
10.238
10.799
11.451
10.374
9.839
12.051
11.150
10.702
11.509
12.173
11.301
12.036
11.356
9.487
10.697
9.855
12.130
10.567
11.325
9.693
9.724
12.343
11.295
10.508
10.963
10.886
11.088
11.694
9.812
11.064
8.135
9.621
10.815
11.568
10.734
11.901
12.047
9.979
9.364
10.228
10.727
10.877
10.417
8.585
9.655
9.148
8.444
12.437
14.986
13.688
15.319
17.556
13.798
13.568
12.919
13.659
12.303
13.338
13.324
13.250
13.075
14.164
14.255
17.225
14.255
16.0
13.830
13.887
12.988
12.255
14.214
9.781
14.386
14.539
14.020
13.291
13.944
13.801
13.418
13.130
11.245
15.786
13.314
13.352
12.758
13.537
20.128
13.065
13.178
15.540
12.709
13.856
14.624
13.444
13.698
13.141
14.235
13.456
12.794
12.950
14.106
15.574
20.816
14.812
13.608
14.025
11.910
13.515
12.741
13.662
13.226
12.526
13.579
13.471
12.369
14.486
13.315
13.314
13.678
13.997
14.245
13.828
15.700
14.336
14.636
17.527
13.163
13.305
12.799
13.720
13.595
15.063
13.409
13.741
14.598
15.455
13.310
14.156
18.934
18.864
14.733
15.861
16.159
13.749
15.190
14.719
15.233
15.018
13.820
13.267
13.224
14.154
14.001
13.324
13.040
18.986
13.547
13.627
16.451
13.361
13.414
14.010
12.739
13.601
14.588
13.486
13.333
14.025
12.892
12.518
15.064
12.073
11.356
11.049
10.526
13.398
14.883
13.669
14.427
19.391
13.050
14.286
14.106
13.976
12.753
14.134
13.547
14.335
13.101
13.721
12.958
14.236
17.586
13.561
13.895
15.522
13.993
13.380
13.092
14.024
13.432
13.610
19.220
13.065
12.500
14.669
13.649
13.544
13.829
13.478
13.914
13.538
21.309
12.692
15.063
13.315
13.907
13.390
16.678
13.877
12.526
15.130
18.925
14.033
13.319
13.460
13.691
14.134
14.336
14.060
13.912
12.403
13.430
12.031
15.156
14.366
13.818
14.103
13.286
14.880
15.137
14.205
14.676
18.571
19.859
13.556
13.833
14.245
