5.046
5.848
7.647
7.537
8.466
5.973
5.851
4.522
8.777
7.020
3.752
7.596
8.012
7.488
7.114
5.003
6.347
7.041
4.993
5.405
6.564
4.368
5.469
5.221
6.147
5.737
5.799
5.686
5.956
7.385
4.920
3.728
2.890
4.548
7.805
7.868
6.465
6.199
4.746
5.183
7.025
7.006
4.397
6.015
7.267
5.396
4.030
5.128
6.667
7.093
7.951
6.653
4.178
2.998
7.492
8.165
5.574
4.468
5.589
6.460
7.525
7.105
5.724
6.316
6.528
6.077
4.904
6.986
4.258
4.801
7.296
8.556
4.667
5.239
5.347
6.366
7.607
8.315
7.769
4.901
6.383
5.132
6.871
8.128
7.368
5.217
5.508
3.103
4.438
5.160
6.882
5.993
6.595
5.541
4.078
4.129
3.336
6.808
6.085
7.739
7.314
6.217
8.466
7.167
8.167
7.625
5.675
5.130
6.728
7.407
7.657
7.099
8.016
7.035
5.079
6.507
8.613
7.190
5.152
3.399
6.623
6.526
8.099
7.028
7.011
7.944
8.289
8.388
6.627
6.874
5.214
5.749
6.038
5.753
6.791
6.346
6.490
8.624
8.763
7.912
8.086
6.030
7.133
6.596
6.841
8.201
7.692
7.907
7.784
6.421
5.235
8.672
3.747
5.312
5.335
4.929
7.095
6.491
6.613
5.919
6.449
6.761
6.423
5.140
6.150
3.298
3.826
5.593
9.230
7.348
5.023
7.528
6.998
7.344
9.225
4.983
4.494
4.103
7.420
5.559
6.345
7.482
7.276
6.742
6.949
6.779
5.824
5.231
7.152
4.026
6.271
4.648
6.573
6.499
8.771
6.761
5.765
3.823
7.182
6.495
7.910
5.839
6.082
8.138
7.312
9.344
7.931
7.449
5.643
7.462
6.759
4.711
6.783
5.788
6.339
8.456
7.157
7.157
8.013
7.395
7.124
8.278
6.445
8.026
6.394
8.988
6.590
7.846
8.454
7.973
7.888
7.525
4.825
3.965
5.678
8.045
9.960
7.595
8.499
6.436
7.283
6.167
8.553
6.460
6.786
8.831
7.498
4.092
6.424
8.728
7.204
6.698
8.311
5.541
4.271
7.979
7.861
8.150
4.500
7.095
6.720
8.042
9.253
5.305
7.263
8.011
6.120
6.788
7.594
5.086
6.848
6.859
8.469
5.249
5.741
6.441
6.631
8.254
4.752
6.667
4.970
5.839
4.255
7.263
8.008
7.364
5.634
6.588
3.889
3.524
6.386
4.549
5.559
6.0
5.990
4.658
3.793
2.549
5.768
6.563
7.285
7.677
6.402
7.932
8.008
8.322
6.853
6.834
6.791
7.124
7.412
6.734
5.593
7.502
8.163
3.994
6.031
7.554
6.911
6.936
4.380
7.171
5.556
7.292
8.013
6.121
6.640
8.690
8.829
7.902
5.621
4.910
6.614
5.441
6.003
7.625
6.729
6.862
9.426
8.344
8.489
8.482
6.481
6.304
7.330
8.155
8.644
7.560
7.909
6.961
6.321
5.142
9.163
3.189
4.615
6.437
6.283
7.325
6.856
8.541
6.107
7.345
7.588
7.417
5.637
6.001
5.613
3.763
6.166
9.023
7.051
4.826
6.517
6.413
6.536
5.585
4.265
6.133
4.183
6.883
6.820
5.400
7.296
8.925
6.878
6.596
6.406
6.204
4.933
6.883
5.552
5.474
5.179
6.360
6.734
6.635
7.375
7.353
4.664
7.902
7.948
5.617
6.948
3.327
4.921
5.171
5.804
5.394
5.157
4.198
2.653
6.363
4.362
2.899
3.922
4.229
4.422
5.068
4.056
5.756
4.807
3.252
6.093
5.326
4.857
4.916
4.680
5.270
4.388
5.500
4.959
5.172
5.878
4.180
4.092
2.761
5.281
6.149
5.441
3.275
4.251
4.515
4.920
4.250
5.378
4.241
5.648
5.563
6.338
3.626
5.914
5.352
5.026
5.639
5.508
2.562
3.538
6.024
5.622
3.757
4.375
4.927
6.821
6.667
4.765
3.469
4.740
4.270
5.541
5.492
6.349
4.872
5.611
5.878
6.640
4.670
4.197
5.981
5.396
4.178
3.894
6.147
3.360
4.677
4.296
6.225
6.614
5.488
8.287
4.026
2.857
3.741
5.153
4.784
3.475
5.026
5.076
2.426
1.716
3.164
6.229
6.024
6.915
5.249
5.072
5.109
6.562
6.842
5.033
5.067
5.263
6.834
7.601
5.298
5.010
7.656
4.357
4.254
4.707
6.883
5.440
3.493
5.246
3.851
5.559
4.512
5.914
5.452
6.009
7.620
7.288
6.071
4.591
5.563
3.849
5.925
5.294
6.503
6.102
7.272
7.266
7.214
6.333
6.610
5.163
4.554
5.152
6.295
6.618
6.697
6.635
6.742
4.205
6.078
5.675
2.885
4.602
6.234
6.509
5.552
8.316
6.483
5.427
6.266
7.246
5.917
5.026
4.902
4.466
5.541
7.611
8.448
6.059
5.099
4.728
5.712
5.384
4.391
4.026
5.026
6.176
6.549
5.346
6.237
7.285
6.876
6.136
6.671
6.689
3.869
6.613
7.053
4.159
5.322
5.370
5.413
6.230
6.859
5.886
5.232
5.739
7.610
6.818
7.913
6.600
6.443
7.997
8.294
9.164
7.620
7.661
5.980
10.398
6.887
5.559
6.564
7.325
9.771
9.029
7.319
10.188
9.262
6.103
8.742
7.286
9.127
9.312
5.689
9.268
7.524
9.085
8.238
8.289
9.926
5.302
6.407
5.274
8.272
9.639
9.893
7.911
7.337
7.992
8.074
8.043
8.672
7.578
8.171
10.007
8.005
5.667
9.423
8.982
8.013
9.651
8.742
6.563
7.010
10.227
8.625
6.751
7.157
7.905
9.562
10.205
8.947
7.718
9.253
8.161
9.209
8.054
9.786
7.635
7.265
10.893
9.834
6.915
7.003
9.913
9.048
8.008
6.649
10.034
6.280
7.734
7.400
10.0
9.921
7.873
9.216
6.180
5.198
7.062
5.354
6.497
7.937
7.233
6.831
7.994
9.778
7.113
9.311
10.458
10.627
8.251
8.822
8.887
9.502
10.322
9.941
7.672
7.454
10.079
10.106
9.103
8.678
10.733
6.724
7.294
8.272
10.166
8.260
5.267
7.043
5.260
8.564
8.133
9.411
7.723
8.162
10.874
10.013
7.415
6.469
7.223
4.973
7.817
7.340
7.891
7.247
8.681
10.717
10.414
9.279
9.171
8.216
8.766
7.997
9.195
9.584
9.807
11.074
9.786
7.133
8.713
8.548
5.548
6.843
7.066
8.216
7.515
9.562
8.256
8.976
10.053
8.687
8.696
7.201
7.507
6.023
6.743
9.613
11.933
8.529
6.706
7.405
8.832
9.146
6.367
6.246
5.913
7.708
7.782
7.162
8.556
11.350
10.759
9.208
9.811
9.268
5.303
7.808
10.020
5.894
7.603
7.728
8.306
8.989
10.423
10.377
8.197
9.556
9.458
8.169
3.464
4.964
6.601
5.677
6.205
4.980
5.733
3.394
7.162
4.444
2.943
6.065
5.178
4.653
5.073
3.733
4.907
4.380
3.256
4.582
3.862
4.032
4.844
3.322
4.008
4.356
4.299
4.778
4.225
5.340
2.982
2.332
2.410
4.904
6.187
5.526
4.832
4.746
4.494
4.950
4.944
5.438
3.125
4.885
4.997
5.243
4.288
5.716
5.898
5.359
6.365
5.152
2.524
3.179
6.486
5.519
4.060
6.469
8.041
6.745
6.986
6.051
3.905
6.356
4.947
4.746
4.244
5.753
4.235
3.501
6.733
6.658
3.633
4.449
5.735
4.359
5.827
4.880
8.358
3.686
4.585
4.548
6.158
6.424
4.227
5.067
3.405
2.143
3.870
4.676
4.175
4.050
4.670
3.869
2.668
1.635
2.583
4.450
5.725
6.957
4.671
5.777
7.172
8.789
6.366
6.552
4.319
3.709
6.394
5.898
4.973
5.260
6.742
4.305
4.238
4.524
6.707
5.138
3.716
4.797
3.809
6.383
5.094
5.898
5.619
5.277
7.299
7.058
5.133
3.598
3.841
2.586
5.952
4.823
5.515
4.813
4.564
8.124
7.713
6.069
6.396
4.545
4.224
4.823
6.182
5.477
5.423
6.613
5.548
4.279
5.440
6.048
3.870
4.918
4.788
5.020
4.539
6.590
6.105
6.773
6.490
6.760
5.544
5.277
4.576
3.016
4.031
5.330
7.243
5.537
4.803
5.135
6.131
6.184
3.949
4.175
4.510
5.838
4.042
3.920
4.518
7.971
6.480
3.687
4.366
4.922
3.810
4.388
5.995
3.947
3.874
4.164
4.362
5.051
6.384
5.716
3.869
4.145
9.677
7.970
6.671
