8.014
7.539
7.478
8.475
8.160
7.958
5.481
8.333
8.266
7.322
7.945
8.395
8.027
8.660
8.202
8.186
8.019
8.108
7.428
7.920
6.558
5.537
7.527
7.921
4.397
8.288
7.917
7.202
8.0
6.957
7.182
8.044
7.060
7.486
7.446
6.769
7.327
6.458
6.548
7.490
6.782
7.698
8.149
7.418
6.851
7.261
6.543
7.498
7.902
8.442
7.425
7.655
7.992
7.367
6.911
8.044
7.412
7.639
8.136
7.735
7.682
7.792
7.884
7.319
7.474
7.645
7.661
7.802
7.862
6.599
6.873
7.613
7.823
5.607
6.583
6.390
6.465
7.060
7.666
6.314
7.274
7.331
6.607
7.113
7.634
6.726
7.516
8.006
7.255
7.576
7.143
5.833
7.282
6.476
6.570
6.781
6.906
7.202
7.211
7.639
7.756
7.474
7.395
7.143
8.654
7.266
7.182
7.418
7.266
7.522
8.149
8.368
7.814
8.059
8.384
7.228
7.858
7.762
8.071
7.298
7.958
7.113
7.622
8.681
6.648
7.207
8.738
7.986
8.465
8.409
6.887
7.703
7.547
7.624
8.258
7.326
7.735
7.798
7.777
7.803
7.650
7.719
7.484
8.569
8.910
7.786
7.625
6.712
7.490
7.766
7.739
7.001
7.830
7.739
8.128
7.987
7.790
7.423
7.109
5.348
8.202
8.502
8.350
7.148
7.677
7.629
8.648
7.810
8.879
7.861
8.057
7.806
8.247
7.739
8.441
8.430
7.428
7.992
8.484
7.279
7.056
7.292
7.808
7.776
7.823
8.084
7.893
8.542
8.764
7.612
8.765
7.629
7.879
7.226
8.049
8.197
7.332
8.084
7.861
7.811
8.075
5.307
6.489
6.096
5.385
5.190
5.749
3.922
5.299
6.075
4.381
5.288
6.553
6.056
5.870
5.834
5.697
5.687
5.755
5.974
6.004
6.220
4.858
5.195
6.259
3.448
6.311
5.133
4.880
5.809
6.037
6.622
4.881
5.698
6.169
6.438
6.259
5.285
6.396
4.804
5.051
6.098
5.777
6.929
5.911
5.786
5.133
5.967
7.172
6.441
6.065
5.624
6.975
6.336
6.104
5.751
5.270
6.007
6.077
6.469
3.915
6.144
5.521
5.691
5.894
6.339
7.280
5.627
6.075
5.357
5.894
5.655
6.207
6.471
5.349
5.975
5.137
5.830
6.032
6.519
5.915
5.361
5.556
5.882
6.288
6.528
6.114
5.939
6.809
6.622
5.636
5.774
5.959
6.927
6.229
6.008
6.142
6.467
5.829
7.162
6.612
6.781
7.010
5.010
5.935
5.858
6.263
6.699
5.834
5.339
6.297
7.104
6.309
5.055
5.238
6.387
6.498
5.430
4.840
5.260
5.176
5.407
5.606
5.479
6.158
5.476
5.007
5.048
5.559
6.176
4.876
4.765
5.777
5.178
4.920
5.598
5.177
5.094
5.212
5.355
6.194
5.922
5.728
5.833
5.368
5.281
6.316
6.602
5.642
5.501
5.270
5.304
6.285
5.404
5.882
5.837
6.714
5.722
5.750
5.411
3.807
6.120
5.245
5.640
6.150
6.621
5.886
5.899
5.676
6.545
5.976
5.529
5.882
6.938
5.997
5.961
5.768
5.850
6.597
5.854
5.260
5.664
5.808
6.967
5.479
5.479
5.582
6.732
6.189
5.769
5.691
6.384
6.162
6.175
6.685
6.603
6.474
5.967
6.937
5.468
6.198
6.525
6.011
6.008
5.510
4.629
5.722
4.938
2.644
5.744
5.435
4.555
4.997
5.811
5.037
5.339
5.174
4.837
4.348
5.619
4.860
4.900
3.701
4.404
4.707
5.285
2.851
4.251
5.334
5.755
5.722
6.143
5.346
5.826
5.031
4.654
6.102
5.461
4.911
5.116
4.398
5.133
6.425
5.654
5.446
5.141
5.389
5.407
5.155
6.241
5.415
6.104
4.765
4.986
5.329
5.476
4.490
4.733
5.761
5.277
4.924
5.084
4.729
5.263
5.765
4.850
5.602
5.716
5.491
5.231
4.642
5.544
5.139
5.935
5.624
5.755
5.034
4.736
5.370
5.456
6.108
5.411
5.387
4.686
5.798
5.874
4.716
5.685
5.651
5.823
5.102
5.402
4.791
5.198
5.695
5.132
5.422
5.579
5.818
5.753
5.636
5.188
5.346
5.759
6.177
4.855
5.503
6.081
5.422
5.643
5.299
5.472
5.436
5.313
5.675
6.380
5.990
5.718
6.349
6.054
6.207
5.910
5.389
5.507
5.586
5.628
4.585
5.903
6.212
5.743
5.058
5.970
5.492
5.285
5.838
5.735
5.922
5.597
5.552
6.065
6.554
5.726
5.671
5.601
5.773
5.990
5.453
5.918
7.104
5.438
5.693
6.152
5.850
5.773
5.981
5.971
5.655
6.790
6.174
5.176
5.602
4.597
5.619
5.631
5.779
5.907
6.311
5.792
5.169
6.745
6.177
5.559
5.186
5.579
5.757
6.690
5.602
5.829
5.281
6.103
5.947
5.381
5.202
6.167
6.103
4.818
5.813
5.329
5.858
5.714
5.943
5.456
5.594
6.373
6.259
5.882
6.478
5.738
5.379
5.976
5.513
6.389
6.796
9.973
10.098
10.512
10.865
10.803
10.756
6.552
11.187
10.702
10.362
11.205
11.630
10.559
10.288
10.574
9.724
10.165
11.042
10.483
9.843
5.984
10.687
10.472
9.085
7.470
10.809
10.383
10.760
11.065
10.734
11.035
10.562
10.927
11.427
10.461
10.859
11.348
6.850
12.440
10.835
10.619
10.581
11.345
10.787
10.954
11.552
11.028
11.172
11.427
11.628
11.172
10.756
10.429
11.493
11.035
11.507
10.0
11.454
10.390
11.466
10.049
10.049
9.289
9.868
10.169
9.530
10.028
10.299
10.600
9.610
9.524
9.793
10.556
9.362
8.914
8.601
9.965
10.128
11.580
10.180
9.501
9.338
9.430
9.753
10.127
9.371
8.599
11.157
9.281
9.748
9.422
10.276
10.028
10.428
10.183
10.671
9.778
10.021
9.700
10.042
10.153
8.895
10.552
10.373
10.472
10.197
9.662
10.260
9.916
10.179
10.694
10.007
10.328
10.647
10.519
10.747
10.125
10.423
10.876
10.028
10.129
10.508
10.091
10.752
8.771
9.724
9.507
10.731
9.746
10.286
10.262
10.950
10.461
9.868
9.524
9.390
9.649
10.152
9.874
10.714
9.887
10.928
9.828
9.673
10.076
9.979
9.485
10.582
10.534
10.362
9.646
10.686
10.299
10.552
10.251
10.493
10.734
11.615
6.649
10.792
10.922
9.661
10.759
10.423
10.504
10.641
11.072
10.556
11.761
10.667
10.956
10.643
11.330
10.0
10.957
10.552
11.560
11.631
10.838
10.585
11.474
11.431
10.919
10.200
14.638
10.700
10.501
10.941
10.883
10.912
11.423
10.493
10.655
11.065
10.997
10.971
10.844
10.918
11.134
9.860
10.668
11.472
11.920
12.284
10.646
11.549
11.411
6.356
11.415
10.027
10.278
10.570
12.725
11.683
10.847
11.096
11.134
10.759
10.980
12.242
10.637
6.711
11.210
13.681
10.391
7.415
12.570
11.280
11.478
12.265
11.359
10.021
10.063
12.207
11.821
11.126
11.757
11.576
8.103
10.805
11.916
10.956
11.956
11.614
11.308
11.104
10.722
11.012
12.169
10.634
11.509
10.960
12.295
11.997
11.209
11.847
11.978
11.034
11.986
10.369
11.050
10.007
11.049
10.635
10.345
10.815
9.590
10.383
11.298
10.719
11.119
12.984
10.347
11.825
9.774
9.789
10.278
9.807
10.820
10.555
11.026
10.668
11.224
10.880
10.246
11.285
9.820
11.688
11.393
11.728
11.581
11.409
11.522
11.111
11.691
11.365
10.501
11.373
11.250
10.593
10.158
11.227
10.879
11.267
11.498
11.272
10.762
11.514
11.544
10.682
11.334
11.659
11.033
12.500
10.465
11.270
11.413
11.769
12.123
12.380
10.125
11.383
11.429
11.992
11.536
9.294
11.384
11.831
12.152
10.832
10.109
11.286
12.220
11.019
11.599
11.932
10.831
11.728
11.483
11.166
13.885
10.729
10.552
10.144
10.958
10.678
10.472
11.272
10.281
12.0
12.745
10.744
11.644
11.299
11.586
11.480
11.413
11.231
11.427
7.598
10.744
11.435
10.049
9.350
9.862
11.134
9.959
10.063
9.423
11.150
10.709
9.280
9.965
9.924
9.716
9.866
9.682
9.584
10.112
9.199
9.540
10.354
9.360
9.698
9.889
11.157
9.206
9.804
9.744
9.524
10.364
10.371
9.827
10.972
9.425
9.658
10.449
9.854
10.141
9.222
10.314
10.476
