27.622
16.204
43.137
42.235
18.834
19.327
31.983
16.127
24.520
20.949
22.108
29.638
19.534
15.408
26.973
55.556
14.527
41.519
46.662
24.334
18.289
32.668
23.820
16.529
28.915
29.769
15.194
15.426
11.491
17.200
45.693
20.715
34.707
21.873
49.550
37.740
22.600
29.552
20.755
33.646
18.957
48.585
17.562
21.713
16.491
38.776
23.888
18.209
24.240
16.383
20.117
32.026
65.927
36.982
36.921
17.634
24.315
42.102
41.069
39.779
30.007
31.579
34.444
48.036
15.750
16.641
18.215
23.915
28.561
54.643
43.421
18.005
23.234
38.788
19.322
44.360
36.794
17.273
31.538
53.758
35.622
25.510
26.170
36.480
22.595
24.908
30.473
31.685
14.353
2.586
28.123
16.345
24.779
15.515
25.221
31.620
22.109
18.456
34.717
18.759
24.033
20.233
17.244
27.830
20.174
17.586
18.898
32.641
17.586
37.821
19.661
41.038
20.192
19.912
17.429
23.956
37.653
15.982
42.262
17.766
18.262
38.739
33.333
31.762
16.580
30.496
20.987
31.254
23.823
14.583
20.950
34.184
26.946
16.953
27.431
16.277
32.878
44.651
30.814
46.852
24.459
31.082
27.017
33.141
26.628
32.427
32.442
16.782
18.074
32.498
13.988
28.519
6.869
24.528
15.287
24.708
19.956
24.024
38.537
15.817
46.603
15.970
27.001
20.426
63.684
37.024
16.122
15.396
16.937
28.311
21.930
27.541
21.730
47.430
13.548
18.825
33.686
17.161
20.425
41.054
21.551
17.113
32.372
17.365
37.013
38.619
19.242
41.915
28.726
26.720
17.682
18.135
25.387
35.684
18.114
16.117
34.227
39.693
22.376
21.256
18.310
27.067
20.161
29.155
19.396
21.889
22.255
20.982
27.548
24.632
44.647
15.964
32.655
43.317
27.108
18.741
24.426
14.728
13.971
19.170
15.733
16.641
28.355
35.235
22.353
30.758
30.486
33.947
12.828
9.365
28.613
31.108
17.576
15.944
45.556
17.134
16.970
31.383
22.214
35.047
22.049
18.745
22.737
17.763
15.939
23.162
20.970
19.714
34.718
38.845
41.320
29.718
20.344
23.529
33.960
25.223
16.629
19.242
34.171
29.197
17.656
17.275
21.863
23.944
31.607
29.185
19.338
17.315
31.177
19.167
23.753
20.721
19.016
35.451
29.913
28.726
19.864
15.544
19.119
15.211
17.870
38.195
20.198
40.116
21.720
15.562
18.708
15.266
16.277
10.772
4.104
17.401
22.583
19.012
5.922
18.189
26.568
17.265
16.679
30.792
16.591
16.350
25.904
29.781
23.631
31.007
18.502
15.568
16.429
17.143
18.133
32.145
38.208
16.003
30.736
27.049
22.583
19.745
30.057
29.182
28.689
15.707
29.855
17.198
45.315
25.425
16.161
17.149
18.325
26.324
38.845
18.378
42.617
22.433
22.007
28.550
29.832
40.355
17.008
31.971
28.050
26.250
35.639
25.882
24.630
41.255
17.058
24.326
36.453
23.111
31.263
16.717
15.391
5.568
15.327
12.480
27.522
14.706
21.272
34.375
31.424
34.695
40.364
17.375
43.097
44.468
20.659
30.007
18.049
26.976
19.495
24.607
16.553
16.354
17.388
23.905
22.619
34.792
21.520
26.593
19.365
61.845
17.270
23.673
21.870
15.720
16.629
22.214
21.817
16.692
25.149
17.763
19.985
29.883
21.690
24.407
57.726
22.836
25.407
49.108
20.368
19.490
33.776
15.737
16.932
14.097
27.834
19.567
26.488
14.559
18.859
26.473
28.551
19.234
12.739
17.372
22.870
14.034
17.414
15.545
14.642
16.028
18.098
14.067
15.601
15.084
27.604
14.982
13.308
6.211
19.835
15.373
15.031
18.209
25.039
27.860
16.767
21.358
20.788
41.649
23.463
17.388
15.702
17.747
15.781
32.899
16.154
18.094
23.169
23.608
30.549
17.757
30.682
16.176
20.896
17.941
30.266
17.262
24.233
31.974
17.863
36.383
25.365
26.061
16.222
15.320
39.710
35.177
37.581
18.684
36.467
16.554
54.775
30.305
36.181
29.552
22.356
27.326
29.569
26.583
28.248
15.221
27.266
18.223
16.667
23.277
29.394
33.333
20.703
25.115
2.370
28.957
18.820
21.707
9.773
11.487
17.828
23.467
36.404
19.352
60.748
30.966
18.939
45.089
36.437
38.696
19.127
16.563
16.212
23.698
21.684
23.043
22.717
15.348
17.625
30.290
28.613
17.638
28.466
21.658
18.317
27.205
20.669
44.476
24.944
60.695
14.638
24.332
32.291
18.533
17.007
26.020
17.706
18.387
32.032
19.023
16.300
36.519
22.084
43.706
27.656
22.426
28.519
39.199
20.843
21.164
19.065
21.128
18.862
39.731
44.146
14.734
16.448
6.612
11.128
22.412
14.686
31.739
22.644
22.028
17.798
25.167
24.334
27.982
31.825
17.458
16.718
15.442
17.624
26.288
38.390
47.439
36.331
29.035
16.043
9.739
29.118
22.344
13.547
28.146
29.761
30.871
15.890
18.401
25.626
14.065
42.556
40.057
16.617
37.748
49.264
23.268
22.346
19.667
19.635
16.920
18.979
37.473
22.904
32.628
22.280
30.621
26.761
22.556
20.705
16.630
40.481
16.604
19.094
40.561
15.519
19.328
32.284
16.767
27.907
16.592
18.661
20.610
17.041
17.352
17.849
16.386
43.460
23.336
25.371
37.161
31.137
16.141
18.578
20.684
21.762
31.676
18.799
15.865
25.440
17.615
48.780
17.093
15.090
17.474
27.279
16.897
64.037
18.271
24.081
40.141
14.168
25.299
17.723
30.994
26.316
33.285
13.047
33.842
28.741
26.233
24.027
20.484
28.046
26.087
18.831
18.964
16.591
17.860
38.340
17.332
14.437
12.145
30.587
16.175
17.082
18.250
19.725
19.925
18.015
17.874
24.294
17.077
36.279
24.073
28.220
19.162
21.309
18.100
22.772
16.189
16.815
26.499
35.328
21.036
20.413
13.854
14.933
16.073
25.656
21.828
5.443
32.690
21.668
20.902
17.322
24.302
15.615
23.037
29.364
16.516
34.845
29.817
14.927
24.215
37.936
19.848
34.084
18.778
18.244
31.310
30.695
27.929
18.933
17.119
34.571
23.420
34.465
36.771
15.103
26.189
17.088
30.259
27.071
25.953
48.872
21.712
17.695
28.478
43.429
30.752
21.626
17.706
27.128
21.029
22.438
30.611
26.514
52.949
16.867
34.302
28.635
27.700
32.731
43.969
19.094
18.327
22.222
15.020
14.977
11.483
20.278
14.595
21.864
20.244
18.182
25.652
65.960
18.713
15.105
31.007
33.698
18.202
27.734
15.408
23.435
38.385
44.722
29.898
16.063
18.015
20.708
25.645
16.516
14.918
41.590
43.794
19.438
37.198
29.877
27.212
18.498
19.532
16.841
36.178
17.312
17.478
17.141
18.652
64.741
17.277
20.595
28.240
27.883
16.779
20.524
17.190
22.396
16.743
48.148
16.742
23.534
31.749
19.715
30.720
23.060
17.338
30.087
22.296
16.291
22.897
19.865
16.729
33.811
17.504
48.630
37.554
35.648
22.039
18.012
25.695
32.709
46.444
32.184
25.956
30.574
30.991
12.706
29.701
24.578
33.474
26.409
16.180
17.691
27.292
21.068
40.0
32.357
21.376
27.009
39.403
41.345
15.963
58.983
45.531
31.685
38.196
41.725
15.886
21.519
17.176
18.032
24.140
41.550
43.287
43.213
28.426
18.427
22.874
32.785
20.625
17.634
19.187
16.932
17.166
52.738
27.558
32.473
16.089
34.488
37.455
27.080
20.045
19.807
33.407
21.608
14.969
23.216
30.454
25.816
24.138
38.204
17.071
19.115
23.852
18.717
35.552
10.745
4.510
32.690
32.677
17.513
5.774
23.848
23.393
21.915
17.349
28.728
17.541
50.448
21.680
18.330
23.516
26.923
27.144
18.147
29.072
40.909
21.100
51.542
32.138
55.398
16.667
15.770
16.826
33.262
23.994
22.654
46.275
27.518
24.454
17.316
17.533
17.691
30.973
33.166
17.045
15.615
17.920
48.414
21.131
27.639
26.700
60.496
50.580
18.366
18.820
17.993
17.346
34.730
18.480
34.020
18.303
26.277
32.244
19.956
31.523
38.617
17.643
15.261
16.860
5.051
38.451
20.944
38.364
34.921
24.869
17.223
18.155
16.845
38.332
34.222
19.564
21.984
44.770
20.674
15.138
24.926
21.933
18.393
51.386
42.428
27.803
13.339
46.860
24.663
25.502
19.062
18.017
17.110
37.350
31.933
24.945
17.044
17.045
24.946
24.397
40.309
55.639
49.416
29.728
34.557
34.951
59.589
35.193
17.494
40.699
19.805
16.515
54.422
