9.068
8.865
8.078
8.725
5.345
9.372
9.023
9.357
8.498
9.669
9.061
9.709
9.847
9.701
8.729
9.281
9.707
8.876
9.023
9.943
8.824
8.605
9.820
9.129
9.144
9.564
10.107
10.430
5.276
7.641
8.858
8.923
10.473
10.316
9.472
9.705
10.192
8.689
8.291
3.973
7.832
5.058
6.126
6.963
7.184
8.313
9.0
9.173
8.571
8.319
9.236
8.136
8.020
7.789
8.946
8.007
8.564
8.747
9.023
7.724
8.130
5.027
6.911
8.117
7.404
8.493
8.579
8.291
7.790
8.033
7.776
8.806
8.699
7.096
8.361
8.381
8.313
8.760
3.632
7.802
9.083
9.426
7.757
9.045
9.548
8.608
8.685
9.456
8.466
9.378
6.943
9.091
8.954
8.583
9.190
9.399
8.714
9.121
8.744
9.334
9.244
9.233
8.867
10.106
9.076
9.023
9.283
8.588
8.326
9.861
8.732
4.552
8.197
5.653
9.843
9.448
9.810
8.921
8.340
9.691
9.046
4.856
10.223
8.985
9.812
9.975
9.975
5.626
8.753
10.168
10.290
4.897
8.043
9.611
8.299
7.339
9.083
9.165
9.083
6.802
6.041
9.736
7.890
8.431
8.699
9.137
9.784
9.144
8.971
8.998
9.114
8.641
9.580
9.099
8.257
5.640
9.442
10.0
9.160
8.595
8.659
9.983
9.812
10.141
9.251
8.933
8.754
8.333
8.256
8.628
9.867
8.998
8.519
8.262
9.279
8.747
8.298
9.024
9.236
8.911
8.497
8.775
9.540
9.669
9.264
8.721
8.608
9.218
10.265
8.816
9.191
9.508
9.007
9.273
9.053
9.190
9.022
9.060
9.483
9.559
9.060
10.799
10.513
10.800
9.748
5.060
10.025
10.092
9.197
10.622
9.512
9.758
9.810
9.114
9.587
10.263
9.396
9.874
10.601
10.870
10.204
9.738
9.852
10.090
10.531
10.192
9.607
10.254
9.815
5.660
8.934
9.933
11.011
10.470
9.742
10.587
8.553
9.796
9.181
11.065
5.818
10.286
9.362
5.015
9.667
9.900
10.348
9.774
9.488
10.505
10.487
10.252
10.557
9.462
11.297
10.229
9.563
9.983
10.192
9.807
9.842
9.656
6.773
9.281
9.598
9.967
8.355
8.605
8.398
8.124
8.557
7.963
8.383
9.467
7.823
8.955
8.072
8.340
7.939
4.194
8.898
8.319
9.764
8.739
7.750
8.173
8.788
9.289
9.277
8.887
11.037
9.184
9.488
8.403
9.822
8.923
9.444
8.629
10.134
9.372
9.277
9.619
8.865
8.955
9.807
8.993
9.475
9.167
10.016
9.484
9.967
9.182
4.505
9.508
5.521
10.387
10.269
9.840
10.141
10.008
10.123
8.934
5.938
8.061
9.442
10.025
9.802
9.699
8.402
7.609
10.773
9.614
4.959
9.828
9.983
9.598
9.567
9.417
9.045
10.311
10.138
5.299
10.041
9.680
10.117
10.370
10.870
10.413
10.448
9.909
9.464
10.483
10.466
10.616
11.019
10.345
5.383
10.943
11.065
10.565
10.197
10.418
10.319
9.659
10.824
10.956
10.165
10.025
10.305
11.047
9.635
10.041
10.401
10.954
10.364
10.864
11.047
10.376
10.353
10.090
8.382
10.886
10.809
9.736
10.605
11.157
10.535
10.829
10.779
10.552
9.950
10.235
11.102
9.648
10.747
10.263
10.614
10.292
9.459
10.596
10.460
10.443
8.960
8.970
9.540
10.066
4.748
9.343
9.339
9.255
9.046
9.693
10.042
8.495
8.678
9.264
10.325
8.898
9.571
10.191
10.756
9.273
8.095
9.190
8.681
8.894
9.580
9.544
9.500
8.971
5.296
9.220
7.899
9.151
8.883
8.677
9.189
9.235
8.904
8.414
9.144
5.792
9.265
9.567
4.603
8.110
9.167
8.681
9.591
8.801
8.472
8.333
8.878
9.512
9.091
9.445
8.828
9.398
9.861
9.226
8.955
8.860
9.150
7.293
9.018
8.681
9.199
8.313
8.882
10.448
8.836
10.008
9.406
9.693
9.038
9.226
8.894
9.295
9.717
8.768
4.529
8.126
8.887
9.277
9.181
9.030
10.025
10.448
8.313
10.175
9.341
10.308
9.326
9.244
8.678
9.532
8.747
9.637
9.707
7.928
7.912
8.127
7.542
7.407
7.634
7.445
7.861
7.600
7.770
8.291
7.439
7.642
7.830
3.793
8.271
3.912
8.557
7.825
8.625
7.770
8.144
7.290
7.953
5.934
6.811
8.744
7.790
7.863
8.070
7.667
6.008
9.213
8.801
5.038
8.754
8.868
7.221
9.704
7.635
9.038
8.564
8.732
4.950
9.005
8.523
9.322
9.300
8.615
9.068
8.285
8.878
9.444
9.336
9.323
8.797
9.858
9.429
4.402
7.737
8.160
8.624
9.917
8.780
9.465
9.352
8.970
9.190
9.143
8.760
8.470
9.591
8.292
8.855
8.797
10.033
8.725
8.814
8.347
10.189
8.787
9.322
8.167
9.468
9.269
9.023
9.370
9.575
10.177
9.548
9.190
9.349
8.432
9.137
8.964
8.641
10.359
10.331
9.207
9.492
8.770
9.539
8.681
9.791
9.820
8.400
8.927
6.932
5.653
9.370
10.209
8.368
9.106
9.121
9.310
8.101
8.375
9.516
9.817
9.710
8.728
9.615
8.652
8.576
8.557
8.868
8.333
8.998
8.511
9.106
9.076
9.780
5.748
8.667
7.957
10.287
9.476
8.403
8.902
9.432
10.172
7.769
9.362
5.551
9.858
4.939
8.843
9.648
9.083
8.681
8.681
8.775
9.852
9.927
9.008
9.151
9.428
8.772
9.804
9.295
9.388
9.992
9.907
9.480
9.559
6.845
8.319
9.512
9.582
8.836
8.964
9.582
9.190
9.858
10.278
10.132
8.913
8.500
8.779
8.945
8.821
8.340
4.429
10.082
9.331
9.002
7.797
9.669
9.484
8.900
9.917
8.804
9.106
9.157
9.151
9.729
10.008
9.370
9.693
8.685
10.149
8.451
8.992
9.742
8.425
9.339
8.375
9.273
9.331
8.725
9.877
7.932
9.250
9.279
6.321
4.847
7.631
6.739
8.123
8.975
8.648
8.801
9.370
9.383
8.588
5.283
9.672
9.054
9.235
9.014
8.772
5.128
8.772
8.802
9.421
5.325
8.807
8.848
7.578
8.557
9.788
8.681
8.927
6.161
7.888
8.224
8.403
9.375
9.091
9.623
9.746
10.602
8.388
8.252
8.836
8.843
9.414
8.913
7.811
6.207
9.270
8.848
8.889
9.296
9.310
9.886
8.743
10.975
10.083
8.971
9.264
9.203
9.352
8.571
8.894
9.174
9.211
9.559
9.599
8.735
9.367
8.453
10.041
9.354
9.343
9.385
9.975
9.219
10.116
9.661
9.367
10.033
8.782
9.362
8.896
10.110
9.667
9.942
8.909
9.218
9.091
9.551
8.942
8.148
10.833
9.261
8.678
8.576
7.039
5.670
9.076
7.845
8.753
9.175
9.909
8.602
9.967
8.857
8.595
10.531
8.628
8.850
9.472
9.378
9.143
7.910
10.165
8.855
9.555
10.187
9.226
8.838
9.239
5.329
9.158
7.864
5.959
7.073
6.446
7.390
7.293
7.470
6.503
6.820
4.331
7.794
4.315
6.595
6.711
6.322
7.398
7.654
7.536
7.692
6.902
7.267
6.891
7.032
7.861
7.508
7.329
7.618
7.420
7.514
7.119
9.323
6.548
7.172
7.221
7.705
6.734
7.901
8.424
8.437
7.931
8.354
7.908
8.696
7.327
8.534
7.835
8.144
7.875
4.845
8.131
8.354
8.078
8.619
9.425
8.410
8.634
8.939
9.068
9.329
8.020
8.992
8.754
7.751
8.621
10.269
8.388
9.136
8.833
8.401
7.910
9.975
8.681
9.683
8.905
9.240
9.372
10.033
9.333
9.643
8.795
7.541
6.774
7.506
6.698
9.298
8.821
7.724
10.720
8.652
9.448
8.760
5.186
9.031
9.220
9.508
9.669
9.768
5.412
8.121
9.295
9.715
5.901
8.347
8.893
8.312
9.218
9.429
9.205
9.797
5.765
8.516
9.212
8.122
8.787
8.249
9.318
9.983
9.492
9.726
9.279
9.014
9.723
10.051
8.773
6.822
5.938
10.163
9.436
10.271
9.619
9.544
9.884
9.354
9.456
9.806
9.544
9.352
9.924
10.090
10.099
9.182
9.865
9.316
8.876
9.277
8.452
7.861
9.770
9.144
9.770
9.129
9.688
9.548
9.150
8.512
8.663
8.360
9.788
8.858
10.067
9.129
9.144
8.663
8.598
8.550
9.580
8.993
8.514
9.614
9.362
9.329
