0.063
0.993
1.302
9.315
11.429
10.167
13.396
13.633
12.581
2.487
0.064
4.475
12.107
11.798
15.578
15.277
8.051
9.795
12.852
10.870
1.332
1.789
13.625
9.265
12.761
14.349
7.588
7.653
14.937
16.693
14.776
16.848
15.478
11.988
13.189
12.580
12.520
11.422
13.665
14.632
13.019
7.530
1.193
11.482
22.578
11.711
10.622
9.159
13.343
13.819
4.071
8.358
3.422
2.462
4.676
3.110
1.499
12.519
12.140
6.884
16.729
14.829
17.598
13.212
7.905
13.916
10.202
12.263
6.613
10.008
10.102
14.328
14.851
11.688
16.439
17.991
15.623
15.899
14.120
16.012
13.433
5.078
9.202
7.554
15.496
9.313
10.910
10.660
10.238
13.608
8.419
0.259
3.358
9.219
10.692
10.781
12.430
5.699
14.820
16.680
9.985
15.769
16.059
14.992
14.973
14.132
14.374
10.279
9.968
14.341
9.921
13.661
14.198
16.100
13.608
5.124
8.173
6.829
10.441
14.196
12.715
14.397
14.676
14.769
6.934
4.847
6.077
13.410
14.473
13.828
14.463
11.815
12.972
13.043
14.806
12.500
12.600
11.726
13.438
11.717
12.382
14.309
13.193
7.226
9.012
11.268
4.836
2.782
11.788
12.145
12.928
5.695
4.049
6.761
8.569
5.192
2.216
9.259
2.542
0.191
0.063
0.063
0.063
0.063
0.0
0.063
0.0
0.0
0.063
0.256
0.864
0.652
0.126
0.063
0.063
0.064
0.450
0.317
0.444
1.491
4.203
8.394
14.985
14.002
3.411
0.670
5.203
12.490
10.990
13.024
11.008
11.154
7.006
3.977
8.263
13.456
11.779
6.994
14.165
9.575
9.070
0.253
1.206
2.366
10.998
11.535
11.325
19.272
20.062
12.320
1.767
0.0
5.126
12.539
13.236
19.877
12.530
2.778
7.633
12.867
11.272
1.234
2.138
11.649
10.737
11.120
12.281
5.868
6.449
11.802
13.516
13.037
14.941
13.788
14.252
14.815
13.654
15.438
12.914
14.376
13.503
13.150
7.593
1.850
12.739
15.020
11.442
9.135
6.541
10.914
9.934
2.138
7.364
1.253
2.254
1.720
1.244
1.010
12.164
11.147
7.686
14.452
13.110
13.785
12.320
4.777
12.781
9.098
10.420
3.163
10.071
9.428
12.921
12.944
10.758
16.034
15.103
13.694
15.023
15.178
14.082
12.480
5.146
9.011
9.702
13.217
9.209
8.785
10.269
10.656
12.530
5.624
0.385
5.174
9.793
11.041
11.690
11.966
5.593
13.265
15.012
11.839
14.129
13.221
14.081
12.719
12.560
12.693
9.574
9.820
15.133
9.829
13.295
14.697
16.603
11.703
5.951
7.931
5.703
8.953
13.430
12.875
15.679
14.897
12.869
12.646
11.377
7.026
11.975
14.880
19.681
16.241
13.215
13.158
14.232
14.913
13.436
13.524
11.991
13.626
15.062
16.055
30.134
12.619
6.532
8.835
12.874
4.252
2.990
10.649
8.706
11.365
5.167
4.218
4.933
6.997
4.441
2.498
6.677
1.613
0.064
0.0
0.0
0.0
0.063
0.0
0.0
0.063
0.0
0.0
0.386
0.874
0.458
0.063
0.063
0.063
0.126
0.323
0.063
0.190
1.553
2.679
9.299
12.877
10.597
1.868
0.958
6.720
10.621
7.763
10.420
9.608
9.135
3.306
4.922
8.696
12.319
9.713
6.830
11.244
7.384
8.868
0.190
0.927
2.905
11.286
14.022
8.673
16.642
15.933
15.504
2.434
0.254
6.161
15.952
15.883
17.115
16.316
5.160
9.340
16.105
22.990
11.041
4.016
14.996
10.604
13.318
13.957
8.207
6.447
16.009
15.741
15.373
16.436
16.323
14.679
16.591
13.354
10.543
13.767
15.390
14.722
15.413
8.219
2.154
14.543
16.070
12.977
8.835
7.776
12.945
12.799
2.327
7.023
1.565
1.534
3.066
1.288
1.065
13.111
12.811
7.946
16.170
14.474
17.537
14.667
5.576
13.858
8.762
12.313
3.903
8.908
9.295
14.062
17.028
10.737
19.133
14.643
14.406
17.183
16.542
12.259
13.438
4.438
9.961
7.883
14.843
10.233
9.013
12.291
13.753
14.105
10.908
5.512
6.233
8.250
7.287
10.224
8.710
4.621
11.514
13.528
9.512
13.350
12.720
13.522
12.827
13.276
13.185
8.685
8.621
15.789
8.528
13.313
13.164
16.293
11.922
8.621
8.123
6.381
10.658
14.083
14.352
13.555
13.224
13.722
4.462
4.956
7.067
13.240
15.193
16.102
15.597
13.264
12.112
13.102
12.676
12.606
15.797
10.279
11.905
11.792
11.287
12.837
13.272
7.028
7.753
11.324
5.476
3.100
9.967
8.108
9.729
6.168
4.130
5.057
5.836
5.199
1.977
7.229
1.938
0.128
0.0
0.063
0.063
0.0
0.0
0.0
0.063
0.0
0.0
0.193
0.753
0.258
0.0
0.063
0.063
0.064
0.322
0.063
0.127
1.605
2.222
6.682
11.927
12.403
2.238
0.600
5.142
9.536
7.161
9.015
8.101
9.098
3.172
3.695
6.321
9.897
7.414
5.787
10.552
7.177
9.141
0.0
0.322
0.943
11.769
13.562
11.735
12.434
14.162
13.978
6.563
2.327
4.883
11.945
11.075
14.869
14.681
2.292
5.627
12.631
11.245
2.273
0.191
10.317
8.029
10.393
9.901
5.919
4.228
9.799
13.016
11.792
13.524
12.719
11.532
11.576
12.225
9.193
11.750
10.624
10.124
11.793
7.020
1.853
9.048
10.966
9.223
10.326
6.131
8.998
10.375
3.505
5.683
1.877
0.847
2.725
1.419
0.193
9.984
13.707
7.948
13.312
12.686
13.578
10.119
5.051
10.858
8.546
8.661
3.867
7.963
11.862
10.332
13.880
9.968
12.891
12.500
13.633
17.472
13.630
14.027
15.201
13.149
14.910
9.894
14.940
13.788
11.631
11.335
10.071
13.837
10.015
0.593
1.497
8.953
10.134
10.118
13.074
5.423
12.817
13.814
10.778
13.212
13.246
16.805
15.902
15.507
16.904
13.121
13.469
14.484
9.680
16.827
13.078
17.079
17.226
8.819
8.649
5.887
7.087
12.908
12.864
12.877
14.046
12.460
5.564
3.635
6.709
10.289
14.890
12.182
12.214
11.190
11.295
11.924
10.925
11.868
12.808
11.200
12.054
13.736
16.483
12.282
13.570
8.431
8.537
15.145
6.948
4.841
12.720
11.426
10.679
6.152
3.414
6.617
8.452
4.574
2.355
11.550
3.358
0.319
0.063
0.126
0.126
0.063
0.0
0.063
0.063
0.063
0.063
0.126
1.274
0.388
0.063
0.126
0.126
0.127
0.448
0.127
0.190
0.318
4.835
7.487
15.897
15.466
7.344
3.836
7.481
10.039
10.260
11.879
7.518
6.245
4.308
3.198
8.682
8.172
9.416
5.610
11.050
7.800
7.925
13.506
15.890
16.986
11.655
14.781
14.855
13.222
16.892
16.829
9.077
1.716
2.049
14.238
20.343
15.224
16.405
7.269
6.746
13.201
15.994
5.593
1.607
6.726
8.956
12.040
9.913
9.860
8.477
10.427
15.467
15.432
15.902
16.579
14.078
14.109
14.879
12.432
13.538
13.503
14.472
16.957
15.719
13.734
13.653
15.064
13.755
10.792
8.133
7.159
12.690
8.981
11.928
13.460
12.789
8.476
8.997
3.297
11.179
16.204
9.977
13.532
13.861
14.460
13.564
6.385
10.226
8.485
10.015
4.978
5.354
13.746
10.067
15.472
14.470
14.435
16.107
15.476
17.491
15.552
16.630
14.970
11.769
9.492
8.689
14.124
14.449
10.672
10.493
13.859
12.763
13.643
4.702
1.565
12.006
13.822
8.227
15.379
8.260
11.593
16.283
14.583
17.236
16.717
17.768
17.897
17.897
16.818
14.788
13.086
16.0
12.126
16.153
14.576
19.274
17.395
10.128
8.449
10.956
6.983
15.845
14.688
16.136
15.373
16.957
8.671
4.649
9.071
11.243
16.437
14.882
15.461
13.983
15.269
13.080
14.988
15.136
13.912
13.680
13.930
14.026
15.332
14.903
13.904
11.550
7.931
13.040
11.931
9.733
9.854
11.357
11.196
6.378
3.915
7.698
6.594
4.519
3.041
6.822
9.947
1.332
0.776
0.662
1.038
0.495
0.531
1.132
0.951
0.770
0.443
0.897
1.254
0.916
0.836
1.476
1.569
1.024
1.001
1.019
6.439
9.091
7.048
5.795
11.061
10.671
7.743
3.881
3.622
12.654
13.308
12.664
11.334
10.863
7.421
3.434
5.848
12.364
13.601
6.191
14.464
10.855
9.559
