4.551
5.783
5.080
4.987
3.336
4.521
5.376
5.380
4.380
4.037
5.878
5.965
4.668
6.026
4.737
4.503
4.421
2.878
4.670
5.326
5.270
3.624
4.211
4.657
5.080
3.669
5.071
3.617
4.628
4.011
4.600
4.131
5.298
2.358
2.996
4.251
5.348
3.813
3.571
2.974
4.628
4.252
5.077
3.676
4.327
4.848
5.467
4.136
3.138
3.144
4.078
3.976
3.810
4.813
5.302
4.554
3.758
4.040
5.515
4.590
4.099
3.679
4.155
5.094
4.415
4.202
4.600
4.530
3.770
4.570
6.288
5.411
4.236
4.512
3.474
5.064
5.020
4.525
5.277
5.682
4.990
5.103
4.008
3.460
4.934
4.682
4.072
4.221
5.334
6.229
4.509
4.287
4.120
5.659
2.404
5.168
4.636
4.261
3.706
4.727
3.675
3.586
5.753
5.816
4.923
4.103
6.379
4.479
4.724
3.880
5.362
5.522
6.579
3.874
5.683
5.355
5.249
3.928
4.142
3.0
4.691
5.061
3.351
3.691
5.585
3.810
4.862
4.178
4.685
3.699
2.949
4.418
3.989
4.413
5.157
4.542
5.820
4.024
4.290
3.818
4.670
4.762
3.780
3.939
4.930
6.028
4.076
4.310
5.705
3.743
5.281
3.765
4.752
4.533
4.771
5.221
4.183
4.180
5.120
3.880
5.284
4.630
4.588
4.974
5.182
3.823
4.718
3.897
4.299
4.213
2.390
3.262
4.524
5.780
5.083
4.645
4.870
4.896
5.329
4.708
4.506
4.615
6.125
5.245
6.0
5.246
4.876
6.600
4.603
5.050
2.992
4.421
6.830
6.154
6.242
5.703
6.596
5.159
6.352
3.184
2.929
3.733
2.941
3.194
3.160
2.922
4.240
3.939
3.313
2.719
3.841
3.131
2.787
3.856
3.217
3.222
3.123
2.487
3.441
4.128
4.781
2.761
2.823
4.354
4.217
2.760
4.019
3.138
3.694
2.683
2.855
3.181
3.751
1.937
2.372
3.662
5.017
3.198
3.642
2.136
3.910
3.557
3.849
2.578
4.322
4.050
3.581
3.473
2.635
2.992
3.279
3.382
2.313
3.928
4.128
4.453
3.243
2.829
3.887
4.563
3.432
2.931
3.052
3.054
3.955
3.564
2.835
3.675
3.158
3.028
3.411
3.997
4.139
3.371
2.974
4.534
3.444
4.213
3.137
4.238
4.024
3.738
3.322
2.376
3.405
4.048
3.718
2.359
3.278
4.035
4.194
3.144
2.515
4.086
3.504
3.510
3.164
3.564
3.392
3.382
2.885
2.291
3.836
3.851
3.841
2.715
4.026
3.258
3.377
2.667
3.691
2.926
4.325
3.709
3.054
4.282
4.420
2.949
3.871
2.425
3.462
3.540
3.219
2.966
4.052
3.945
3.364
2.571
3.903
3.423
2.978
2.878
2.642
3.618
3.194
3.679
3.859
2.161
3.439
2.829
3.070
3.222
2.111
3.065
3.550
4.415
2.957
3.026
3.635
3.730
4.224
2.157
3.281
2.672
3.331
4.402
3.373
3.382
3.618
2.906
4.213
3.694
3.748
3.084
3.333
3.937
2.776
2.918
3.417
3.0
2.410
2.353
3.651
4.244
4.069
2.528
3.501
3.928
3.731
3.677
3.607
3.833
5.095
3.986
4.189
2.876
3.694
4.247
3.390
2.935
2.825
3.320
4.506
4.468
4.422
4.702
5.311
3.604
4.175
3.491
2.551
4.453
5.256
4.272
4.797
3.709
5.270
4.800
5.855
4.053
4.120
5.348
5.455
3.681
4.800
4.403
4.380
4.412
3.357
4.147
4.917
7.376
5.222
5.043
5.468
6.148
3.362
6.118
4.518
5.921
4.037
5.084
4.639
6.596
2.541
3.670
4.910
5.475
4.485
4.579
3.564
4.278
5.118
6.601
4.282
5.330
6.125
5.351
4.693
4.058
4.354
4.973
3.942
4.452
5.660
6.205
5.552
4.480
3.510
6.300
5.256
5.828
3.905
4.771
5.270
5.354
4.527
4.120
4.708
4.305
5.388
5.574
6.445
5.295
4.756
3.780
5.235
4.828
4.422
4.847
5.653
5.228
4.234
5.340
3.471
4.903
4.203
4.615
3.056
4.693
4.899
4.826
4.527
3.960
6.059
2.855
4.600
3.984
4.545
4.024
5.544
3.605
3.243
4.976
5.389
4.424
3.854
5.319
4.794
4.521
4.255
4.768
5.193
5.224
3.696
4.494
5.391
5.611
4.183
4.440
2.988
4.704
5.288
4.480
4.415
4.771
4.192
4.214
3.851
5.063
4.255
4.082
4.169
3.550
5.026
5.267
4.476
4.987
4.243
4.211
3.428
3.869
4.397
4.250
4.954
4.231
5.622
3.371
4.863
5.027
3.540
5.544
2.961
4.319
4.810
4.336
4.876
3.550
4.527
4.561
3.805
4.794
4.576
4.359
3.968
4.772
4.024
3.997
3.583
4.781
3.741
1.824
3.711
4.242
5.253
4.524
3.770
3.833
4.509
4.292
3.353
3.718
5.123
5.463
4.564
5.037
3.645
4.980
5.843
3.373
4.485
3.581
5.023
5.384
4.913
4.993
5.295
5.667
4.828
4.456
4.011
4.052
5.391
3.451
3.564
3.751
3.831
2.933
3.402
4.161
3.211
3.448
3.709
4.128
4.298
2.607
3.800
4.060
3.467
2.990
1.982
3.892
4.186
4.228
3.294
3.560
3.872
5.355
3.040
4.781
3.495
4.582
2.964
4.506
4.079
2.952
2.881
2.712
4.339
4.142
3.123
2.523
2.235
3.264
3.869
4.024
3.088
3.362
4.775
3.602
2.791
2.735
2.628
3.944
2.235
3.289
3.919
4.264
3.213
3.038
3.075
4.597
3.828
2.683
2.787
3.517
3.741
3.679
2.633
3.579
3.194
3.882
3.478
3.851
3.995
3.083
3.414
2.949
4.409
3.522
2.434
3.324
4.781
3.485
3.672
2.528
3.512
4.683
3.409
3.654
2.253
3.455
4.542
3.885
3.129
4.397
4.990
2.143
3.795
3.004
3.342
3.267
3.295
1.790
2.261
4.133
3.933
3.437
2.728
3.741
3.931
2.667
3.524
3.371
3.512
4.447
3.038
4.234
3.862
4.184
2.679
3.365
2.523
3.736
4.923
3.133
3.177
3.283
2.778
4.264
2.279
3.008
2.941
3.196
3.347
2.929
3.743
3.300
3.467
3.100
2.732
3.462
2.286
3.736
2.690
3.177
3.923
4.815
3.897
2.918
4.310
3.567
2.935
4.013
2.375
3.469
3.026
3.163
3.957
3.125
3.423
4.231
4.288
3.519
3.617
3.828
3.028
4.990
2.701
4.111
3.260
3.373
2.532
1.552
3.156
3.552
3.976
2.874
2.581
4.230
3.518
3.476
3.469
3.515
3.455
4.440
4.013
3.818
3.311
3.907
4.258
3.072
4.197
2.583
3.524
5.023
4.784
4.011
3.836
3.672
3.460
5.083
2.649
2.855
5.965
8.481
6.835
6.552
5.773
7.272
7.301
6.826
5.859
6.768
9.055
8.734
7.077
7.819
6.494
7.403
7.437
4.506
7.702
8.511
8.394
6.365
6.481
7.744
8.616
5.523
7.933
6.499
7.968
5.767
7.181
7.718
6.356
4.686
5.145
8.196
7.472
5.474
5.847
5.0
6.094
7.860
6.794
6.458
7.407
7.925
6.910
4.711
6.569
5.831
7.368
4.693
6.415
7.641
6.608
5.839
4.901
6.373
7.569
5.458
5.144
5.037
6.827
7.651
5.929
4.987
7.800
6.032
6.036
6.233
7.123
7.440
5.657
6.204
5.348
6.693
6.572
3.797
6.734
8.094
7.066
6.042
5.118
5.720
7.071
6.750
5.968
5.749
7.325
7.917
6.333
6.188
8.013
8.867
3.560
6.283
6.591
5.756
5.831
6.473
4.829
6.649
6.195
6.015
6.366
6.581
7.228
6.456
5.682
6.204
5.788
6.999
7.186
4.424
7.119
6.964
7.210
5.874
6.026
5.050
6.751
7.272
4.640
4.987
5.815
5.898
6.883
5.530
7.768
4.816
5.348
5.768
5.260
7.343
6.445
6.008
5.249
5.722
6.389
4.400
7.019
3.672
6.497
6.899
7.666
6.475
6.179
6.452
7.487
7.204
6.874
4.701
7.167
6.462
6.662
7.047
6.091
6.698
6.179
6.693
6.209
7.559
6.742
5.838
8.629
5.323
7.341
6.391
7.467
5.816
1.746
5.914
6.855
6.545
5.934
3.978
5.854
6.514
5.859
5.945
6.582
6.508
6.314
6.449
5.966
5.132
6.770
6.943
5.145
5.997
5.563
6.360
7.191
6.767
6.906
7.191
6.288
6.237
6.876
5.239
5.548
