11.716
10.784
12.683
11.111
11.157
11.698
11.349
11.038
11.551
13.051
12.419
11.679
12.439
13.079
13.907
12.530
13.284
11.957
11.736
12.377
12.976
12.408
12.602
11.463
13.183
12.351
11.520
11.164
9.134
12.479
13.666
14.149
12.724
13.047
12.708
12.733
12.388
12.315
13.227
14.869
13.878
14.062
14.842
12.998
13.068
13.403
14.447
13.092
12.702
15.600
12.890
14.515
13.242
11.607
14.274
14.045
14.078
13.860
13.716
14.309
13.168
13.882
14.034
14.297
12.764
14.229
14.538
13.566
13.469
13.672
14.041
9.150
0.392
7.137
6.838
12.480
12.885
12.890
13.835
12.613
14.391
13.117
13.485
14.818
5.979
8.752
12.735
13.735
13.688
11.586
10.317
13.542
13.312
12.747
13.274
12.187
14.320
14.555
13.531
12.919
12.237
13.718
13.424
12.877
13.743
13.946
13.503
13.933
12.219
14.755
12.898
13.241
13.196
13.832
13.984
13.998
12.243
5.322
13.737
12.592
14.353
13.311
12.874
12.490
13.217
12.973
6.637
13.640
12.681
7.474
10.769
13.462
14.663
13.290
13.306
11.586
13.328
12.756
12.849
12.882
13.793
6.515
8.009
10.717
11.870
11.403
6.569
8.828
10.223
10.977
11.174
10.522
7.616
11.755
7.207
8.401
6.968
12.158
8.692
13.107
13.061
8.762
9.727
11.138
10.676
11.102
13.092
13.290
12.619
9.520
11.624
9.726
10.787
12.097
9.434
11.977
11.408
8.911
11.038
10.985
8.319
9.451
10.797
11.803
4.897
5.662
10.815
11.542
8.970
9.859
9.426
11.074
8.703
10.399
10.738
11.093
10.429
11.066
11.166
10.461
11.951
14.619
15.325
14.531
15.850
15.883
15.661
16.373
15.752
15.227
15.961
15.307
17.132
16.164
15.475
15.192
14.038
16.301
15.535
16.836
13.741
15.216
14.443
15.078
15.710
14.599
14.473
19.074
12.702
9.692
13.459
14.206
13.909
14.464
15.204
14.577
14.812
14.498
17.178
15.299
14.655
14.973
14.663
15.567
13.902
15.185
16.988
14.980
16.069
16.226
13.431
14.509
15.385
14.744
14.217
15.039
14.785
13.880
15.438
14.364
14.096
15.271
15.569
14.859
15.391
13.836
15.485
13.889
14.286
14.109
14.601
14.286
11.836
2.722
8.480
10.173
16.832
14.464
16.629
16.517
16.119
16.225
17.863
16.062
15.170
6.539
9.091
14.897
15.697
14.467
15.871
14.477
17.479
19.367
17.395
18.353
15.673
17.207
17.134
17.296
17.414
16.348
16.767
16.990
16.992
16.528
16.153
17.978
18.271
15.465
16.204
16.894
16.592
17.119
16.703
17.103
17.147
15.994
9.661
17.265
15.108
15.129
17.057
16.371
15.730
16.932
15.988
10.194
16.832
16.995
8.908
14.779
15.732
17.077
16.400
16.334
15.793
17.666
14.474
16.500
14.209
13.030
9.004
9.004
15.494
13.349
13.318
9.977
12.266
12.993
14.053
15.073
14.557
11.341
15.0
11.642
11.796
12.261
13.920
12.471
16.175
14.383
11.949
13.283
14.104
13.878
15.068
15.320
15.573
14.505
14.188
16.270
13.113
15.244
14.034
13.511
15.396
15.874
12.936
14.970
15.559
15.881
15.591
15.349
15.850
11.103
12.775
14.005
17.013
14.096
13.457
14.502
15.443
12.526
15.158
17.031
15.586
15.198
16.844
17.660
15.542
14.846
14.183
13.622
13.732
13.208
13.119
14.252
12.234
13.862
13.457
14.251
14.916
13.408
14.770
15.166
14.032
14.119
13.785
14.185
15.869
12.994
14.797
14.957
14.540
13.738
13.344
13.644
14.252
12.747
10.675
12.759
14.601
14.038
14.435
12.812
15.090
15.226
13.984
14.642
14.196
15.306
13.810
13.900
15.403
13.360
15.465
14.021
14.620
13.418
13.354
15.427
13.553
15.219
15.076
14.628
14.297
14.899
13.661
13.948
14.046
14.217
14.618
14.615
13.754
15.016
11.955
11.093
12.621
12.298
12.670
12.590
11.854
6.863
0.468
5.597
6.218
11.157
10.711
12.389
11.247
11.293
12.296
12.179
13.089
12.609
5.267
7.698
11.693
12.306
13.443
11.668
10.577
11.001
10.474
11.356
14.192
10.396
12.713
12.723
12.823
13.183
12.368
13.862
12.345
12.168
12.429
11.855
13.588
13.301
11.523
14.447
11.920
12.887
13.985
13.186
11.928
14.548
11.980
5.753
12.530
12.740
12.325
12.775
12.872
12.314
15.335
12.839
7.594
14.229
13.987
7.817
11.364
13.137
13.666
12.988
12.919
12.211
15.439
14.892
13.768
13.987
13.537
7.577
7.956
11.779
12.929
10.501
7.724
9.038
10.471
10.813
11.455
10.025
7.407
13.093
7.598
8.313
7.575
10.850
9.736
12.238
13.033
9.431
10.331
12.177
10.850
12.092
13.458
13.198
10.791
11.920
12.430
11.235
13.604
12.419
11.165
11.726
13.600
10.387
12.274
13.302
11.557
12.669
13.333
13.528
4.859
7.629
13.026
14.126
11.183
11.990
11.822
13.970
10.454
13.260
14.252
14.092
13.002
12.230
13.386
12.600
12.440
13.636
13.724
14.502
12.761
13.889
13.655
13.154
14.102
14.866
15.179
14.343
15.483
14.320
14.412
15.085
13.574
14.850
14.575
14.483
15.922
13.670
14.490
13.629
13.387
13.677
12.490
14.551
8.728
13.075
12.851
14.668
14.480
13.446
13.129
14.354
13.593
13.754
13.164
15.0
13.589
12.837
13.585
15.127
13.610
14.850
15.347
13.414
13.113
13.030
13.948
15.071
12.658
13.679
15.403
15.219
15.256
13.376
14.389
14.587
13.976
14.675
14.228
14.603
14.479
13.640
16.220
14.821
14.593
14.615
14.217
13.724
6.073
0.193
9.790
8.423
13.950
12.328
13.705
14.526
11.987
13.944
13.743
13.813
13.566
3.967
11.358
13.788
13.626
13.785
10.755
11.990
14.880
13.474
14.058
13.546
12.581
14.542
13.173
13.344
13.110
11.520
13.669
12.901
12.890
13.629
14.123
13.793
13.592
11.899
13.857
10.565
12.835
13.611
13.068
12.903
13.301
10.857
6.763
12.266
12.155
13.655
12.816
12.990
11.736
13.514
11.769
9.557
14.286
13.388
6.181
11.974
15.291
14.379
13.718
13.518
10.757
14.803
13.158
13.732
14.459
14.005
7.861
6.725
12.541
13.291
10.566
6.885
9.069
10.645
10.772
12.470
10.191
9.967
12.976
7.867
9.571
8.641
11.332
10.305
11.871
11.884
9.327
10.837
11.784
10.271
12.171
12.389
11.855
12.172
11.084
11.921
11.302
12.687
14.109
12.719
14.780
14.852
11.737
13.758
14.365
11.393
14.524
13.826
13.344
4.106
9.516
13.339
12.781
11.560
13.371
12.268
12.121
11.661
12.740
15.052
13.349
14.075
14.835
14.925
13.160
13.601
12.821
14.379
14.013
14.512
14.848
15.176
14.122
13.702
13.376
14.309
14.722
13.571
14.332
13.629
13.280
14.102
12.551
13.825
14.865
13.854
14.320
13.344
14.125
15.202
13.562
12.829
13.441
15.447
7.757
12.792
12.960
13.082
13.514
12.429
14.671
14.706
14.332
13.929
14.715
13.669
14.980
13.912
14.851
13.190
14.718
14.251
15.032
14.065
15.174
14.251
14.508
14.595
14.842
15.212
13.835
14.070
13.816
14.435
13.544
14.423
13.970
14.331
13.633
13.539
13.561
13.422
14.618
15.575
13.655
13.147
14.941
12.622
1.836
2.265
7.953
12.794
13.403
13.518
13.236
12.921
13.081
14.469
13.644
13.655
11.502
4.017
13.666
13.133
14.528
13.489
10.041
14.333
13.015
12.237
13.086
12.562
14.701
15.304
14.652
14.708
12.387
11.482
12.185
12.273
13.274
14.880
14.021
13.015
13.714
13.804
13.801
11.907
15.097
13.365
11.382
13.760
13.156
5.259
13.036
14.081
13.143
13.177
13.279
13.026
12.764
12.720
6.945
12.713
12.973
12.631
6.781
13.232
12.480
14.217
14.217
13.241
13.950
13.281
12.399
15.440
13.465
10.986
7.242
7.859
12.833
14.646
7.049
8.226
10.496
11.271
11.456
9.878
8.394
12.439
10.248
8.498
6.421
11.257
8.969
12.890
12.248
12.991
9.224
11.905
11.721
11.193
12.987
13.485
11.301
12.217
12.169
11.545
11.658
12.721
11.532
12.327
13.722
11.065
10.921
13.083
14.078
11.545
13.992
14.692
9.582
3.849
12.092
13.191
12.561
9.113
11.156
13.200
10.762
13.083
12.622
13.702
13.215
13.511
12.347
13.111
15.882
