9.129
10.304
9.897
9.708
8.832
9.786
8.717
9.331
8.869
9.216
8.693
9.686
8.864
9.003
9.197
9.671
9.179
10.138
9.066
9.229
9.924
9.403
9.559
9.609
8.921
9.482
8.966
9.210
9.285
8.749
9.959
8.645
8.924
9.034
9.748
9.399
10.303
9.754
9.166
9.686
9.524
9.320
9.047
10.180
9.344
9.788
9.816
9.029
9.795
9.485
9.543
9.686
9.350
9.197
9.034
9.254
9.524
9.856
9.397
9.972
8.984
9.798
8.702
9.065
8.569
8.475
8.613
8.036
7.978
8.863
7.551
10.211
6.882
9.423
10.383
9.153
9.783
8.555
7.491
7.720
8.416
7.303
7.580
6.769
9.379
9.206
6.381
7.904
4.871
9.244
7.639
7.244
9.167
8.089
9.002
9.001
7.261
8.778
8.699
7.283
8.964
8.165
9.390
8.711
8.742
6.514
6.843
8.545
8.803
8.483
7.876
9.034
9.283
9.200
9.040
8.653
8.811
8.807
9.160
7.585
10.028
8.877
8.914
8.386
8.985
10.526
8.374
8.402
8.750
9.167
9.097
8.856
8.299
9.842
9.651
8.747
9.298
7.522
9.471
8.776
9.016
8.997
9.211
9.761
9.140
10.007
9.280
9.461
9.722
8.723
9.327
9.720
8.880
9.386
6.889
6.954
8.339
9.375
9.471
8.534
5.693
9.576
9.508
9.972
9.697
11.142
10.203
8.465
10.251
9.384
9.248
9.035
8.965
9.066
8.391
8.915
8.293
9.537
9.966
8.430
10.530
9.023
10.290
10.164
8.624
9.882
9.724
9.546
8.624
8.892
9.220
9.675
9.358
9.456
9.809
9.275
10.089
10.323
8.361
9.110
9.951
6.969
6.846
6.820
6.626
6.246
7.596
6.416
7.671
7.439
7.182
6.293
8.135
6.713
7.574
6.755
7.172
7.030
7.978
6.763
7.245
6.362
7.687
8.862
7.713
6.762
7.504
7.400
6.935
7.550
7.606
7.628
7.906
6.727
7.724
7.953
8.059
8.681
7.277
6.999
8.554
8.078
7.264
7.192
7.433
8.641
7.867
7.231
8.282
7.966
7.392
7.314
7.270
7.162
8.183
7.443
7.245
7.820
7.479
7.730
7.666
7.671
7.099
7.880
7.336
6.726
6.547
7.241
7.861
7.875
6.975
7.054
9.191
7.379
7.211
8.270
7.951
7.461
7.772
7.362
7.172
9.097
6.821
6.182
7.202
6.648
8.264
7.415
6.190
7.241
4.707
7.261
7.713
5.972
8.339
7.425
6.791
7.698
6.735
7.857
7.724
7.317
7.423
7.805
7.516
7.889
6.197
4.084
7.490
5.582
7.097
5.927
7.047
7.309
5.907
6.913
6.114
6.942
5.672
6.474
5.752
6.499
7.846
6.188
5.789
6.616
6.662
6.414
6.194
5.726
6.931
6.801
6.452
6.289
6.906
6.476
6.848
6.972
6.167
6.940
7.288
5.943
7.590
6.422
6.601
6.791
5.874
6.042
6.763
7.279
6.202
6.406
7.074
6.742
6.050
5.765
5.697
5.971
6.523
6.957
6.485
6.333
4.814
6.570
6.832
6.405
6.092
6.841
6.272
7.479
7.093
6.793
7.059
6.447
6.916
6.877
6.592
6.901
6.837
6.772
7.805
7.319
6.776
7.772
6.616
6.731
7.320
6.831
6.373
7.431
6.368
6.395
8.163
7.048
7.623
7.207
7.207
6.745
7.327
6.061
7.059
6.327
6.653
6.490
6.241
6.854
6.593
6.829
6.607
7.533
6.913
7.466
7.030
6.795
7.211
8.110
7.453
7.520
8.642
6.782
6.848
7.089
8.293
6.476
6.498
7.376
7.571
6.616
7.015
6.319
7.019
6.374
6.955
6.773
7.143
7.439
6.892
7.824
7.138
7.216
7.226
7.703
7.284
6.831
7.587
7.671
6.948
7.242
7.490
7.366
7.440
7.866
7.289
6.904
7.889
8.138
6.190
7.001
7.031
7.586
6.838
7.655
7.788
8.167
7.798
7.221
6.370
7.719
7.953
7.079
7.541
7.503
7.923
7.861
7.300
8.202
8.035
8.333
8.066
6.438
8.127
7.538
6.906
7.645
7.172
5.946
8.753
7.246
6.882
7.227
4.200
8.687
6.859
7.433
7.138
7.001
7.197
6.840
6.438
8.091
7.509
6.634
7.992
6.676
7.114
8.905
6.584
4.284
7.650
6.335
6.699
7.824
7.089
7.687
5.935
7.361
6.452
6.350
7.113
6.897
7.058
6.787
7.192
6.443
7.474
6.803
6.487
7.158
6.579
6.620
7.094
6.880
7.226
6.927
6.180
7.735
6.621
7.246
6.079
6.626
5.918
6.263
8.453
6.027
6.173
7.724
6.617
7.338
7.435
6.917
8.038
7.373
6.229
8.639
6.599
5.941
5.802
6.425
6.972
7.473
7.407
7.687
4.731
7.838
6.993
8.104
7.347
7.104
7.916
6.581
7.415
8.006
6.258
7.897
7.231
7.049
7.594
7.719
7.940
7.519
7.548
7.559
7.954
6.471
7.682
8.162
7.352
7.815
7.877
7.197
7.133
7.317
6.474
8.006
7.564
7.714
8.803
7.275
6.942
8.737
6.552
7.951
7.867
12.008
13.836
12.831
12.812
12.594
14.375
13.540
15.837
13.282
12.023
11.934
15.576
13.819
13.737
15.0
12.388
14.797
12.842
12.526
12.244
12.227
13.447
14.103
13.167
14.873
13.191
16.463
12.775
12.989
13.149
12.741
13.128
12.039
13.990
12.492
13.263
12.921
16.094
12.866
14.639
13.108
14.336
12.876
15.101
13.732
12.325
11.312
13.255
13.255
13.117
12.621
12.155
13.565
12.092
12.195
12.287
13.688
12.926
14.286
17.159
12.197
15.808
13.566
13.086
11.382
14.638
12.310
12.422
12.431
12.292
11.458
13.542
12.517
11.468
12.085
13.739
13.306
16.955
13.418
13.119
12.586
12.316
10.271
11.854
12.579
12.457
12.648
11.608
9.918
9.197
12.093
12.723
13.655
12.622
13.556
12.491
11.164
12.378
12.553
12.003
14.620
11.935
13.053
11.507
12.570
12.560
6.288
13.487
11.813
12.104
11.986
12.422
14.497
12.231
11.992
12.921
13.131
16.044
13.040
12.637
13.067
16.760
12.824
12.938
12.130
12.917
13.232
19.057
13.554
13.288
12.682
16.483
12.361
11.777
13.001
12.161
12.378
11.210
12.178
14.004
11.173
12.596
12.377
12.231
12.500
16.116
11.678
12.149
14.592
19.257
14.920
13.134
12.876
11.665
8.736
12.873
13.920
11.823
14.156
12.804
8.929
11.716
12.380
11.777
12.219
11.356
11.810
13.598
11.214
12.195
11.649
13.422
16.124
12.912
13.476
12.140
11.960
12.025
12.779
13.408
12.824
16.667
11.399
12.691
12.411
13.094
11.950
12.255
13.713
15.914
12.211
15.283
12.561
11.180
13.154
13.047
12.561
16.416
12.185
11.639
16.713
13.519
11.903
12.787
11.916
12.597
20.472
11.506
12.857
13.068
12.317
17.865
11.757
16.941
12.225
12.350
14.710
13.121
12.363
19.632
15.912
12.393
14.185
15.401
12.104
13.546
12.676
16.961
13.523
13.852
12.766
12.797
12.008
13.592
12.132
13.347
13.071
12.883
14.547
16.643
12.361
13.808
16.034
12.766
13.478
13.357
12.790
15.738
14.054
12.801
13.112
15.406
15.997
12.128
16.774
13.601
14.256
14.496
14.598
12.850
13.558
13.043
13.970
13.841
12.969
14.030
13.611
13.596
13.630
15.311
13.743
13.624
13.176
13.451
29.652
14.374
16.994
13.310
14.185
14.748
12.597
13.857
18.746
11.379
13.255
12.534
21.146
12.578
14.867
9.625
13.436
13.539
14.184
15.028
13.068
12.919
13.287
17.241
13.730
13.361
13.950
14.993
13.347
12.648
16.061
13.037
10.203
10.648
14.076
13.688
13.460
15.137
16.842
11.868
13.244
15.867
12.963
12.933
16.714
13.608
14.028
13.415
12.535
13.398
12.401
12.966
13.086
13.404
12.624
14.144
16.389
16.318
11.855
12.447
14.810
12.176
12.571
12.134
15.188
13.563
13.978
12.202
11.674
12.202
15.516
12.848
11.944
13.427
17.867
13.475
14.404
12.776
14.956
12.875
13.819
12.983
12.908
14.609
13.812
13.053
15.055
7.368
13.762
13.468
13.292
15.486
15.257
12.720
18.976
12.535
12.781
19.263
12.491
15.470
11.258
13.343
12.751
15.911
11.753
12.509
12.395
12.299
16.364
12.686
13.942
11.966
12.994
14.094
11.983
12.270
18.207
12.632
14.494
12.0
12.580
12.367
12.757
14.438
12.042
12.869
13.203
14.065
