7.947
6.821
7.784
5.777
5.013
4.724
7.332
7.971
7.021
6.296
6.803
6.217
7.616
5.428
6.588
5.172
7.865
8.453
6.851
7.900
6.606
8.092
7.307
7.167
6.995
7.757
6.910
5.218
8.378
6.270
7.420
7.405
7.237
7.819
7.378
5.653
6.083
6.850
7.332
8.449
7.738
7.067
5.898
5.166
7.945
4.294
8.128
7.436
8.845
8.851
8.139
5.703
4.964
4.964
7.209
7.541
7.449
6.627
7.817
7.922
5.305
6.848
8.647
6.417
7.799
8.416
6.862
6.077
5.413
6.840
6.675
6.989
8.367
7.979
8.087
8.367
6.403
5.789
5.077
3.887
7.410
7.359
8.130
7.839
8.088
6.897
6.960
6.196
6.560
8.926
7.039
7.205
7.417
8.267
7.570
6.478
6.866
8.929
7.825
8.399
7.652
7.855
7.219
6.113
5.695
6.008
8.916
8.233
7.728
7.984
7.478
5.504
4.524
5.519
8.609
8.051
8.910
9.627
8.450
7.286
6.724
4.737
4.564
5.733
6.500
7.860
7.440
7.902
7.910
7.039
6.951
5.416
7.148
8.278
4.641
7.062
7.703
8.205
6.869
7.309
7.061
4.585
4.570
8.822
8.855
8.499
5.697
6.843
6.032
6.122
6.323
7.520
7.895
9.007
9.703
9.406
8.615
7.368
7.784
6.667
3.586
5.552
8.487
6.689
7.949
8.256
9.603
5.973
5.774
6.105
7.315
8.754
8.171
6.892
6.922
5.894
6.097
8.184
6.086
4.927
4.267
6.063
4.953
8.117
9.716
9.333
7.759
5.753
4.926
6.344
5.450
8.132
7.200
6.959
7.210
8.435
7.229
7.324
3.849
4.102
7.051
8.158
8.433
8.800
6.995
5.370
5.870
7.989
9.019
8.267
5.370
7.812
7.785
8.011
6.443
5.433
6.102
7.229
8.008
7.162
8.808
6.588
7.477
7.172
7.383
8.189
7.682
8.289
7.861
8.249
6.995
8.558
7.104
7.195
7.292
7.012
6.099
5.831
7.828
8.051
9.754
9.569
8.614
6.182
7.265
7.624
4.214
8.328
7.583
10.795
9.630
8.571
5.202
5.756
5.496
7.385
8.073
8.226
7.383
9.188
9.363
7.133
6.840
7.744
7.415
7.584
7.848
7.589
6.617
5.151
6.441
6.627
9.151
8.862
9.387
9.394
7.532
8.154
7.037
7.564
5.076
7.789
9.753
9.091
9.887
9.712
8.184
7.043
6.430
6.865
8.615
8.256
7.061
7.214
8.288
7.873
6.436
7.617
9.061
8.707
7.848
7.863
9.0
7.385
7.745
7.420
6.733
9.654
9.868
9.354
8.916
8.542
6.791
7.376
7.479
8.861
8.300
8.667
10.399
9.777
9.770
8.467
6.238
6.741
6.750
7.234
7.124
7.576
8.021
9.121
8.147
7.802
8.148
8.784
9.157
5.599
8.361
7.363
8.283
6.958
7.687
7.620
5.863
6.869
11.037
10.695
9.226
6.693
8.418
8.815
11.358
9.804
7.714
7.475
8.766
9.723
9.530
9.589
7.905
8.610
7.645
5.380
6.338
7.965
7.931
8.121
8.407
8.781
6.190
5.470
7.289
7.880
9.925
10.822
8.624
9.031
7.384
8.259
7.531
7.253
5.253
5.505
7.965
6.742
8.632
9.085
9.973
8.150
6.696
9.028
7.773
8.333
8.652
8.678
9.333
8.884
10.441
9.282
8.535
6.844
6.359
8.361
8.984
7.516
8.575
7.620
5.839
6.377
8.295
9.647
8.133
6.623
6.919
7.129
7.713
7.152
7.181
5.934
6.426
7.181
5.867
6.574
6.456
7.512
6.150
6.432
7.422
6.208
6.631
6.618
7.637
7.324
5.917
8.965
6.783
7.368
6.475
5.458
6.859
6.585
7.109
8.003
8.937
9.717
6.497
5.798
6.380
4.809
6.693
8.640
10.060
10.119
9.348
7.407
7.175
5.950
7.226
8.539
7.528
6.920
6.430
6.393
5.481
5.589
7.080
7.555
5.645
8.261
7.555
7.576
5.582
5.411
5.295
6.077
7.687
7.928
7.919
8.027
7.287
5.404
5.647
4.107
6.065
7.267
7.848
7.032
7.656
7.564
6.345
6.491
5.663
7.646
6.803
7.553
6.386
8.596
8.530
6.262
6.110
9.499
8.918
8.741
7.621
8.230
7.753
6.901
7.856
6.081
8.367
8.153
9.934
8.367
8.201
7.798
4.927
5.759
8.437
7.275
8.852
9.872
8.946
8.939
7.774
6.233
6.723
6.237
6.989
8.350
7.788
9.073
8.941
7.322
8.571
6.755
7.738
8.487
4.581
6.570
7.270
8.981
8.515
7.651
7.402
7.025
7.942
7.530
9.828
9.647
4.892
6.588
6.746
5.386
5.607
5.910
8.970
9.151
9.974
9.881
9.424
7.697
6.897
7.542
8.702
6.268
8.482
8.058
8.843
8.350
8.211
5.918
5.355
6.057
6.809
7.512
9.274
8.843
6.535
5.607
6.482
8.530
7.461
7.715
7.082
5.874
6.040
5.705
9.329
8.947
7.412
4.960
4.790
5.541
6.653
8.722
8.566
8.333
7.086
8.401
8.173
8.401
7.087
6.435
8.322
8.008
6.671
8.289
5.183
4.305
5.677
8.005
7.886
6.333
6.285
6.115
6.702
8.119
6.155
6.403
5.407
8.833
7.361
7.600
7.550
7.288
7.591
6.475
7.272
7.434
6.303
6.562
5.026
7.317
4.669
7.395
5.982
6.065
6.098
4.723
4.119
5.489
7.553
7.475
8.095
8.373
6.333
5.726
5.765
5.638
3.455
7.167
6.347
8.853
8.090
6.894
4.453
4.069
5.246
7.866
6.044
6.903
6.367
7.124
6.635
4.515
6.343
8.222
6.225
6.212
6.897
6.975
4.120
3.885
5.337
5.772
7.619
7.615
7.565
8.005
6.734
6.534
5.544
3.255
5.988
8.184
7.677
8.913
7.790
7.392
6.174
6.091
4.618
7.201
9.115
6.052
6.469
7.239
7.343
6.565
5.915
6.693
9.011
7.703
7.795
7.128
5.933
6.497
5.526
5.330
6.786
8.099
7.944
9.097
7.369
6.271
5.611
5.398
5.305
7.575
7.692
8.333
8.916
7.963
7.965
6.530
5.194
5.249
7.133
8.003
6.858
7.592
9.229
7.867
7.945
6.469
6.258
8.667
9.194
4.554
7.343
8.505
7.656
7.138
6.768
7.100
4.933
6.865
9.435
8.930
5.325
8.800
7.460
7.319
6.250
5.618
7.195
7.435
8.977
8.739
9.019
7.784
6.649
8.886
6.344
5.402
6.113
8.162
6.724
8.439
7.272
8.482
8.872
7.704
6.212
7.790
9.486
9.816
7.129
7.474
6.514
6.865
7.306
6.339
5.886
4.596
7.053
5.890
8.178
8.802
9.055
6.626
7.803
6.268
5.616
6.180
8.713
8.205
8.311
7.921
8.059
8.440
7.333
5.246
6.409
8.533
6.449
6.338
6.803
4.497
3.444
4.737
7.789
7.407
6.304
5.075
5.669
6.139
7.223
4.491
4.651
4.660
6.738
6.977
5.007
6.258
4.768
7.171
4.211
5.312
6.986
5.956
5.875
3.567
7.869
4.598
5.898
5.482
5.867
6.037
6.510
3.963
5.003
5.190
6.742
7.457
7.651
6.142
4.844
5.083
5.686
3.516
7.025
6.458
8.206
7.071
6.796
3.669
3.046
3.344
6.689
7.407
7.483
4.542
6.409
6.517
4.650
6.362
6.480
4.548
5.836
7.490
6.763
5.918
10.556
5.153
3.630
5.362
6.503
5.622
6.910
5.391
4.800
3.864
2.640
3.241
4.264
4.860
5.142
5.843
5.090
4.201
7.965
7.427
4.144
6.327
4.150
3.430
4.102
5.238
4.167
3.375
5.402
6.363
4.260
5.104
4.673
5.040
4.200
5.065
5.891
4.852
6.137
6.199
6.501
5.533
4.937
3.428
3.609
3.944
5.474
5.108
6.111
6.402
7.023
7.105
5.334
3.987
3.018
4.471
5.196
4.907
5.827
5.051
6.538
5.941
4.083
4.325
5.716
7.718
3.277
5.396
5.414
5.906
5.544
5.714
4.542
3.175
4.098
6.174
6.599
4.749
5.438
5.288
4.434
3.016
3.716
5.497
6.077
6.724
7.769
7.266
6.771
4.939
6.835
5.838
3.423
3.955
6.387
5.556
6.316
6.341
6.447
4.967
4.288
4.420
6.441
7.483
7.497
6.280
5.574
5.023
5.463
7.618
5.350
3.320
2.559
5.176
4.778
6.447
6.782
7.027
4.603
3.792
3.191
5.459
5.526
6.855
5.796
6.347
6.292
7.327
6.662
5.898
3.882
3.437
6.420
