2.046
5.886
4.701
4.203
3.617
2.282
4.654
5.189
4.584
3.469
3.915
5.211
4.950
3.877
2.425
3.072
4.388
2.812
3.030
3.272
4.420
5.758
4.169
4.865
4.485
3.555
4.926
2.887
3.723
4.692
5.452
3.854
3.222
2.222
3.951
3.767
4.362
2.874
4.216
4.079
5.481
3.311
3.469
3.748
3.915
3.882
3.106
2.018
5.295
4.194
4.215
5.391
4.285
4.443
5.791
4.843
3.287
3.353
3.162
5.688
4.947
4.813
2.980
4.909
4.404
2.961
3.854
4.752
1.954
3.495
5.197
5.848
4.391
3.721
4.778
3.512
3.560
5.388
2.876
3.014
2.816
3.152
2.601
5.210
2.768
6.007
4.924
3.652
3.409
4.145
2.731
4.082
3.818
3.818
4.509
5.182
4.554
3.340
5.400
5.344
4.657
3.803
3.309
3.102
4.889
5.070
4.708
2.224
3.342
4.772
5.267
5.456
2.984
5.898
4.180
3.096
2.817
3.311
3.410
5.792
3.113
3.704
2.364
3.821
6.539
4.564
4.331
4.005
3.748
4.497
6.089
4.191
5.174
4.730
4.881
4.530
4.122
3.532
1.028
3.137
4.011
4.348
5.057
5.541
4.775
4.055
4.351
2.780
3.127
2.429
4.103
4.560
4.296
5.152
2.805
5.722
3.595
3.864
3.874
2.384
3.230
3.925
6.332
5.351
5.527
3.965
3.550
4.567
4.224
3.491
2.026
3.355
4.941
4.711
2.183
3.721
2.717
4.455
4.305
2.520
5.544
4.307
3.351
3.482
3.529
5.603
5.906
4.838
4.203
4.842
5.344
4.299
3.123
3.428
5.489
2.306
3.371
4.762
4.599
3.150
3.528
8.250
7.589
8.094
6.213
5.228
6.101
8.921
8.306
7.190
7.228
7.713
8.484
8.146
4.500
5.352
7.445
4.674
5.633
6.067
7.870
7.896
8.0
8.528
7.201
7.651
8.629
6.946
7.285
9.732
8.344
7.610
7.483
5.350
6.387
6.422
7.048
5.336
7.298
7.579
8.911
8.069
5.179
6.155
8.200
4.393
7.925
2.116
8.518
9.327
5.789
8.021
6.975
7.780
7.390
7.412
5.882
5.667
5.108
8.816
8.847
8.239
6.658
6.711
8.600
6.171
5.382
7.770
4.494
6.439
8.596
7.595
8.090
5.582
8.422
8.317
3.885
7.568
5.570
4.271
5.232
8.711
7.354
8.311
8.085
7.475
8.771
6.447
5.924
6.570
4.416
7.764
6.618
8.477
7.589
8.053
7.819
6.003
8.067
8.845
8.174
5.292
5.922
3.215
7.551
5.931
7.402
3.721
4.099
6.626
7.561
8.418
5.732
7.600
6.191
5.436
6.508
4.909
5.174
6.190
5.485
6.250
4.080
5.126
8.491
8.690
5.732
7.584
5.639
4.903
7.100
7.661
6.488
7.470
6.304
7.640
5.380
6.038
1.966
3.731
4.959
7.028
6.958
7.784
7.152
6.113
5.785
5.622
6.865
4.575
6.421
8.624
7.718
7.646
8.087
7.266
7.667
6.005
7.672
6.820
5.926
6.309
7.941
7.148
7.718
8.021
7.753
8.106
7.157
8.529
4.104
4.928
8.466
8.655
7.242
7.538
6.067
6.827
7.907
4.925
6.471
8.733
5.060
6.233
7.301
6.774
8.523
8.623
6.712
6.512
8.035
7.820
6.653
6.030
6.676
5.669
4.724
6.627
7.281
7.191
6.753
5.660
5.402
10.603
9.894
9.960
8.190
6.513
9.001
10.060
9.558
7.921
8.693
10.561
10.192
9.115
5.863
7.273
9.079
5.455
8.642
6.191
8.926
9.656
8.889
9.549
8.090
8.560
9.782
6.785
8.361
10.301
8.045
9.037
7.743
4.494
8.883
7.253
7.530
5.515
7.133
7.583
9.483
7.042
6.522
6.574
7.952
5.120
6.254
4.500
9.348
7.243
6.225
8.339
7.028
8.969
8.249
6.707
7.043
6.671
6.065
10.234
7.781
8.851
7.091
8.433
8.328
5.010
6.958
8.749
6.190
7.989
10.120
8.233
8.529
8.147
8.763
6.846
6.113
9.893
6.942
5.727
5.556
5.964
4.238
8.914
7.820
8.345
8.394
6.582
6.924
7.167
5.483
8.514
7.283
6.926
9.134
10.007
8.317
6.662
9.018
9.253
8.437
6.539
7.105
5.726
9.443
8.650
9.555
6.038
7.219
9.987
10.007
10.345
7.058
9.375
8.024
7.637
8.097
6.338
6.992
9.419
6.383
7.641
6.768
9.061
9.921
10.284
7.477
9.265
9.109
7.809
11.016
7.528
9.543
9.599
8.283
9.499
9.562
8.879
6.477
6.020
5.108
7.884
9.232
10.199
8.289
6.246
8.333
5.941
6.949
5.232
7.904
8.951
8.024
8.083
5.964
8.591
7.226
6.456
7.507
5.515
7.013
7.764
10.112
9.973
8.051
8.518
7.062
9.121
6.689
8.361
5.088
6.467
8.305
9.467
5.623
9.398
6.347
8.130
8.719
4.839
8.428
8.333
6.196
8.090
7.214
8.077
10.558
8.937
5.874
8.272
10.066
7.810
6.653
6.387
10.014
5.898
7.172
8.994
8.027
6.826
6.622
3.836
6.883
5.461
5.566
4.106
3.068
6.008
6.155
5.863
4.082
5.295
6.785
7.157
3.745
3.553
4.161
5.863
4.0
5.125
3.922
5.851
5.929
4.883
5.789
5.446
5.763
6.707
4.213
5.632
6.987
5.563
6.307
3.469
4.172
5.703
5.169
4.465
3.836
5.859
5.482
7.020
3.940
3.417
5.481
3.367
6.515
2.941
4.279
6.728
4.683
4.037
4.147
4.654
5.894
4.434
4.072
3.846
3.298
4.125
5.453
5.312
4.886
4.439
5.902
4.064
3.241
4.479
4.682
3.026
4.606
5.941
4.287
4.345
4.351
5.306
4.068
3.879
5.333
2.144
3.010
6.058
2.205
2.253
5.402
4.175
5.171
4.126
4.122
3.958
4.029
4.734
4.834
3.324
4.485
3.933
5.678
5.291
4.232
5.874
7.495
4.907
4.142
2.810
4.822
5.270
4.585
4.494
2.749
4.415
5.394
6.292
6.966
4.983
6.238
4.500
3.490
4.613
3.757
4.397
4.206
3.496
5.803
5.641
4.313
6.846
4.920
5.0
4.800
3.782
4.147
6.698
4.510
4.983
5.312
5.371
5.017
5.496
3.689
1.821
3.224
3.460
5.178
6.846
5.422
6.467
3.586
5.123
3.294
5.099
2.549
6.163
5.788
5.291
6.095
3.428
6.125
4.045
4.316
3.665
2.402
5.104
5.848
6.085
6.038
4.194
5.827
5.650
5.109
5.622
4.702
3.611
4.156
4.428
5.964
4.497
4.476
3.767
6.320
4.414
2.998
5.804
5.420
5.033
4.428
5.221
6.365
6.271
5.217
3.065
5.559
6.007
4.843
3.925
4.222
4.567
2.415
3.880
5.663
3.457
2.733
3.721
3.782
7.599
5.902
7.128
5.114
3.344
6.486
7.864
5.616
5.473
7.397
8.041
6.689
5.051
4.654
4.833
7.128
3.513
5.168
4.144
7.283
8.163
5.627
6.671
5.663
5.914
8.137
4.784
6.169
8.193
5.973
5.947
5.146
4.793
6.338
5.003
6.246
4.450
8.077
7.077
7.462
6.362
4.841
6.614
7.790
5.755
4.582
4.183
9.838
5.726
6.756
7.773
6.667
7.703
6.631
6.903
6.866
4.964
5.910
8.953
7.358
8.032
4.377
7.383
7.267
4.399
6.554
7.119
3.874
7.200
8.261
6.554
6.493
6.342
7.781
5.600
5.023
7.442
3.772
4.417
5.161
4.424
4.142
8.103
5.709
7.786
6.304
5.338
4.727
5.655
5.606
5.682
6.075
5.730
6.978
8.096
5.407
5.585
7.826
8.602
7.290
4.657
4.393
5.906
7.503
7.015
7.247
3.094
5.169
7.821
7.523
7.809
6.469
6.817
6.316
5.796
6.728
5.387
6.413
7.330
5.319
6.172
4.247
6.935
9.079
6.499
7.924
8.212
6.019
7.176
9.151
6.512
6.738
8.466
6.555
6.644
6.818
4.211
2.096
5.232
6.140
7.005
8.184
7.415
8.231
5.166
7.963
5.707
6.841
3.651
7.809
7.585
7.432
7.324
4.504
7.805
5.615
5.902
5.094
4.114
6.081
7.019
7.855
7.038
4.922
6.734
6.834
6.467
6.785
5.674
3.194
4.606
5.556
8.003
5.274
6.573
4.275
7.477
6.452
5.274
7.826
5.274
5.730
5.114
6.174
7.500
8.707
6.384
4.462
6.850
7.598
7.806
6.551
3.890
6.432
2.857
4.857
5.866
4.860
3.245
5.355
