1.104
13.589
9.153
1.848
3.569
14.821
18.717
16.999
17.426
16.159
16.331
7.980
7.273
1.971
10.787
13.471
17.077
21.520
17.678
17.457
18.135
17.910
18.367
16.882
18.230
16.146
11.041
0.393
12.618
15.295
16.846
19.637
19.985
17.620
15.618
23.988
22.147
16.948
12.080
14.476
20.542
17.548
25.761
24.298
29.756
9.255
22.751
12.536
18.953
19.805
15.361
18.901
14.494
18.306
11.994
16.059
20.347
15.713
19.479
12.845
16.654
10.919
17.351
17.871
40.754
21.315
24.849
12.264
19.076
20.501
14.726
23.842
13.264
5.082
12.334
15.815
17.066
15.313
19.231
28.363
11.873
1.436
8.459
16.718
10.896
15.762
17.236
24.048
13.533
6.142
32.125
18.072
23.376
23.450
22.098
23.743
22.600
20.363
20.361
18.612
16.489
21.845
25.912
19.640
23.750
18.778
21.643
17.272
17.156
32.464
17.081
15.781
18.755
16.476
12.685
17.509
20.136
19.746
30.741
25.593
18.105
21.369
30.836
16.339
20.122
17.381
14.138
19.575
17.669
16.552
16.780
22.643
19.144
17.562
24.044
17.049
19.556
13.527
22.472
16.040
23.639
14.838
18.832
31.670
29.343
19.149
16.970
30.292
16.641
17.810
14.794
15.781
15.940
34.639
9.944
16.860
18.196
15.562
26.468
14.652
13.989
14.330
11.920
1.471
12.075
13.836
15.091
10.211
7.101
14.848
17.838
17.502
16.971
19.246
16.261
25.148
17.104
12.266
16.234
17.388
16.193
20.830
16.168
18.755
18.322
16.578
17.492
34.821
21.237
19.925
20.913
4.644
10.221
23.464
18.392
15.402
18.542
21.057
11.924
16.286
21.488
2.694
10.515
14.882
8.092
8.428
12.386
16.727
16.156
15.390
15.253
16.216
11.825
6.479
1.560
8.882
11.458
16.855
18.216
16.320
27.994
14.812
15.658
16.591
18.564
16.497
17.506
17.239
1.461
7.977
12.371
14.604
18.237
17.727
20.898
15.810
18.313
16.044
20.439
14.966
6.970
16.706
19.362
15.569
18.764
18.788
11.102
11.812
22.796
9.867
17.158
15.594
15.248
17.523
14.405
12.793
17.154
16.022
14.440
10.503
7.680
16.602
10.752
18.590
15.332
20.695
15.168
23.788
17.388
12.715
13.264
14.319
16.349
13.494
10.811
9.956
16.578
16.795
16.258
20.713
16.433
15.644
2.948
1.927
16.195
14.065
23.060
18.175
22.148
20.217
10.754
11.672
18.606
15.761
17.865
19.470
16.058
16.348
16.450
26.164
16.421
28.178
19.785
24.316
15.699
18.544
17.483
18.927
17.799
13.348
15.615
15.826
20.568
17.378
12.520
12.256
17.922
18.513
26.292
19.494
16.208
23.348
18.631
15.935
27.158
20.138
18.516
15.349
9.992
18.457
26.914
20.318
15.830
15.847
30.058
16.994
21.321
19.186
13.823
11.841
37.941
16.121
17.808
16.0
22.206
18.822
16.972
18.189
19.402
20.408
14.638
16.015
20.088
15.421
14.980
10.568
16.462
21.667
23.788
22.356
13.658
21.369
16.317
32.289
2.711
7.083
15.066
14.144
18.881
4.003
16.628
14.894
26.446
25.037
16.375
16.052
16.472
18.845
17.415
26.484
19.216
16.591
16.052
15.581
16.162
18.471
16.337
20.608
17.551
17.395
30.500
20.169
9.879
5.327
15.547
26.332
16.667
18.812
35.797
17.579
11.606
16.157
0.063
6.633
12.565
4.542
1.526
8.906
16.077
16.082
15.845
17.997
14.928
12.228
5.380
1.942
7.475
11.120
15.953
18.764
15.068
14.717
16.729
17.816
24.322
21.863
20.640
20.907
17.486
2.585
4.818
12.790
16.537
15.191
17.643
21.736
15.012
17.185
24.849
21.085
14.972
4.521
15.963
16.434
17.094
18.321
15.627
13.023
12.947
13.593
7.969
22.264
29.970
28.135
15.949
15.052
18.700
16.146
14.286
15.525
10.445
9.452
17.454
10.557
18.878
17.986
17.700
15.692
18.538
16.492
14.530
14.767
17.541
16.036
15.644
18.731
6.461
17.651
30.312
21.068
18.741
19.786
17.093
8.674
5.750
17.828
17.683
12.656
17.257
24.405
14.685
6.077
9.879
15.761
17.034
15.892
16.667
17.459
14.774
16.086
15.745
25.593
15.015
15.274
15.325
28.738
18.099
21.792
17.731
16.0
10.100
18.054
17.086
23.835
17.388
23.380
10.751
19.313
14.717
14.036
15.685
14.003
16.129
17.223
25.719
18.779
12.744
13.928
13.839
7.934
18.841
14.476
16.096
16.642
19.846
15.962
14.821
14.858
13.459
12.590
15.532
15.190
14.657
20.671
13.164
15.517
16.692
15.728
18.826
14.341
17.300
10.518
14.849
13.099
14.308
14.022
10.090
13.186
14.028
16.275
14.431
8.347
15.525
13.757
12.027
3.925
3.849
11.893
11.334
17.458
4.799
23.256
12.571
16.641
14.264
15.777
17.217
16.310
14.399
13.612
13.915
14.386
16.386
17.138
18.253
19.305
14.585
17.236
14.330
18.182
13.831
14.342
16.865
12.319
3.130
18.325
15.583
19.691
13.527
18.444
17.552
12.312
20.029
1.500
10.617
10.031
1.262
3.338
16.196
16.896
16.603
16.654
16.762
17.914
17.145
13.410
8.214
17.079
20.937
16.691
16.974
16.741
17.252
16.400
18.439
16.642
26.045
21.024
17.299
11.312
3.694
16.333
13.822
18.631
19.440
19.162
16.469
17.634
18.736
18.694
18.792
10.759
12.603
17.044
30.260
21.700
14.032
21.802
7.293
16.604
7.634
14.363
15.985
15.634
16.183
14.537
16.562
10.754
19.745
17.852
8.372
14.196
10.421
21.164
10.487
21.509
21.230
14.406
15.070
15.943
11.198
13.989
17.871
13.457
17.451
13.272
6.556
15.142
13.110
15.568
18.849
17.783
18.318
10.958
0.927
8.454
14.775
9.077
15.688
15.055
15.023
11.093
4.981
17.371
17.411
15.301
15.019
17.196
19.482
15.402
19.954
14.733
16.943
13.721
15.397
13.893
17.158
14.917
17.141
15.467
16.424
10.885
15.718
15.0
14.821
14.052
12.560
15.122
15.657
22.231
16.720
14.176
15.004
15.618
16.044
14.636
15.785
14.126
13.312
20.123
18.802
15.625
16.872
15.652
15.781
13.722
34.735
15.593
21.146
15.835
8.012
16.888
18.530
21.373
14.766
21.490
15.994
15.144
15.500
19.124
18.026
14.332
10.486
12.114
11.882
16.328
11.760
9.711
24.203
18.356
15.118
13.865
11.068
15.985
14.454
12.471
0.829
23.361
8.195
16.358
10.298
10.587
15.966
14.572
16.071
24.593
15.736
22.003
19.587
23.958
11.624
15.527
16.244
16.628
28.592
21.597
18.224
23.238
19.179
24.724
15.222
16.131
19.098
20.192
10.879
13.343
15.858
15.761
18.759
16.551
16.386
12.315
17.488
17.351
0.712
12.006
7.568
1.426
3.162
13.037
15.826
14.125
13.769
16.074
16.449
6.656
5.031
1.634
9.164
12.924
14.577
15.765
16.692
14.218
14.690
14.525
18.093
14.663
17.099
21.116
12.599
0.259
10.198
14.196
14.028
15.630
15.826
15.481
15.065
15.135
14.634
16.899
13.747
11.862
17.720
15.907
14.463
30.769
17.262
12.301
19.474
8.522
16.832
22.985
15.349
25.278
15.578
15.046
11.295
15.728
18.409
9.608
14.030
9.667
23.408
13.285
16.965
15.716
14.672
30.792
16.832
12.951
12.754
16.744
13.913
16.409
14.364
6.049
21.337
26.837
16.095
15.706
15.902
14.668
13.213
0.966
7.720
22.973
11.997
19.384
26.811
16.830
12.744
5.534
25.414
25.678
16.089
17.485
24.184
16.317
34.336
15.954
24.738
16.129
20.106
25.890
25.037
18.688
21.521
22.673
21.569
17.805
9.893
15.661
17.997
21.344
22.677
12.442
12.509
16.112
18.750
18.057
17.262
22.707
16.871
16.730
26.855
20.815
27.864
16.173
11.246
15.997
16.780
19.087
18.328
20.244
38.017
16.497
26.386
16.097
16.302
6.834
17.477
26.042
21.588
16.124
27.688
19.369
17.603
16.617
21.450
16.334
24.924
12.044
26.113
19.876
14.458
14.137
12.551
16.171
17.758
37.061
16.233
13.213
16.472
19.925
15.672
6.237
12.779
9.795
23.759
10.345
9.386
27.810
14.062
16.729
17.871
20.492
23.921
19.588
20.325
14.890
16.921
28.162
17.281
19.155
25.609
19.879
17.025
18.954
17.020
16.731
25.934
29.594
16.603
4.163
18.304
19.864
18.299
24.628
27.782
16.202
13.349
15.694
17.028
