2.297
1.910
2.235
2.628
2.303
2.188
2.912
2.704
1.987
2.376
2.644
2.497
3.076
1.969
1.966
2.701
2.384
3.072
2.425
1.967
2.347
2.955
2.375
2.370
2.639
2.243
3.228
2.573
2.049
2.294
2.783
2.365
2.620
2.872
2.358
2.640
2.578
2.706
2.507
2.823
2.758
2.689
3.016
2.571
2.964
3.226
2.253
2.518
3.106
2.567
2.846
3.014
2.581
2.968
2.493
2.312
2.574
3.441
2.893
2.557
2.961
2.517
2.949
3.205
1.841
2.822
3.949
2.642
2.749
2.318
3.289
3.215
2.651
2.228
2.490
2.910
2.867
2.347
2.389
2.383
2.590
2.557
2.306
2.050
2.130
2.228
3.020
2.776
2.474
2.822
2.508
2.640
2.850
2.851
2.312
2.397
2.926
2.851
2.595
2.107
2.749
2.752
2.665
2.384
2.613
2.639
3.135
3.243
2.818
2.433
2.122
2.060
1.822
2.584
1.902
2.512
3.318
2.827
2.167
2.181
2.785
1.780
2.067
2.893
2.376
2.373
2.904
2.692
2.781
2.735
2.365
2.493
2.237
2.569
1.996
2.640
2.394
2.704
2.823
2.566
2.100
2.264
2.872
3.076
2.426
2.515
2.732
2.442
2.235
2.312
2.255
2.699
2.760
2.244
2.097
2.717
3.373
2.119
2.185
2.822
2.241
2.910
2.407
2.608
2.225
2.326
3.052
2.502
2.885
2.542
2.309
2.626
2.345
1.862
2.625
2.183
2.767
1.982
2.452
2.460
2.574
2.428
2.644
2.397
2.056
2.706
3.714
2.132
2.696
3.088
2.576
2.429
2.390
2.309
2.559
2.362
2.783
2.980
2.692
2.249
2.439
2.064
2.072
2.246
3.083
2.510
2.180
3.196
2.402
2.602
1.922
2.465
2.513
2.976
2.372
2.433
2.445
3.451
2.602
2.455
2.071
2.376
3.564
2.341
2.522
2.706
3.196
3.333
2.602
2.061
2.781
2.619
2.579
2.689
2.252
2.184
2.947
2.545
2.865
2.172
2.882
2.498
2.185
2.180
2.694
3.559
2.178
2.139
2.772
2.283
2.255
2.704
2.381
2.642
3.296
2.164
2.104
3.150
3.390
2.375
2.588
2.546
2.513
2.984
1.926
2.107
2.046
3.576
2.651
2.492
1.982
2.444
2.857
2.639
2.258
2.370
3.119
2.717
2.833
3.034
2.569
2.744
2.458
1.863
1.991
3.324
2.507
3.069
2.395
2.188
2.882
2.454
2.309
2.184
2.927
2.620
1.923
2.939
2.660
2.637
2.458
2.249
2.395
2.947
2.945
2.450
2.814
2.927
2.989
2.0
1.868
2.185
2.996
1.759
2.778
1.853
2.183
3.400
2.241
2.295
2.394
2.785
2.610
2.312
2.318
2.282
2.609
3.133
2.586
2.050
3.386
2.566
2.823
2.449
2.279
2.591
2.445
2.487
2.593
3.024
2.183
2.326
2.408
2.142
2.865
2.265
2.395
2.785
3.416
2.098
2.318
2.774
2.324
3.247
2.593
2.507
2.618
3.694
2.132
2.246
2.194
2.053
3.146
2.439
2.853
2.387
3.736
2.874
2.569
1.845
2.721
3.353
2.781
2.885
2.769
3.140
2.763
2.964
2.597
2.540
2.679
2.118
2.623
2.492
3.362
2.710
2.270
3.142
2.857
2.824
3.026
2.381
2.908
3.289
2.651
2.171
2.460
2.939
3.490
2.687
2.584
2.243
2.298
2.552
1.985
1.939
2.498
2.497
2.853
3.020
2.188
1.983
2.053
2.517
2.180
2.125
2.760
2.387
3.125
2.392
2.312
2.190
3.202
2.115
2.237
2.632
1.859
2.116
2.264
2.378
2.243
2.262
2.590
1.970
2.850
2.253
2.437
3.026
2.512
2.307
2.452
2.061
2.623
2.552
2.185
2.398
2.455
2.332
2.637
2.976
2.503
2.119
2.835
1.995
2.537
2.708
2.241
2.243
2.844
2.761
2.247
2.048
1.799
2.129
2.298
2.031
1.976
2.704
2.737
2.368
2.364
2.518
2.583
2.801
2.235
2.381
2.562
2.319
2.912
2.042
1.736
2.472
2.562
2.433
2.042
2.434
2.507
2.626
3.262
2.177
2.765
2.312
2.614
2.313
2.836
2.584
2.502
2.316
2.465
3.160
2.626
2.277
1.993
2.581
2.235
1.777
2.306
2.139
2.998
3.020
1.842
2.417
2.818
2.409
2.164
2.367
1.974
2.528
3.432
2.230
2.304
2.730
2.704
2.389
2.827
2.234
3.024
2.633
2.676
2.639
2.836
2.249
2.175
3.038
2.542
2.749
2.301
2.365
2.067
2.372
2.758
2.052
2.872
1.989
3.074
2.694
2.288
1.842
3.008
2.780
2.309
2.390
2.304
2.450
2.868
1.976
2.183
2.831
2.787
2.316
1.663
2.200
2.072
2.265
2.114
2.125
2.136
2.381
2.787
2.444
2.178
2.265
2.112
1.728
2.054
2.502
2.264
2.061
2.916
2.447
2.313
1.927
1.785
2.761
2.750
2.569
1.671
1.940
2.389
2.609
1.919
2.255
2.108
2.132
2.250
1.922
2.367
2.058
2.728
2.567
2.136
2.384
2.512
3.931
3.351
3.890
3.514
3.779
3.973
4.629
3.838
3.641
3.427
4.136
3.820
3.492
3.259
3.239
3.890
5.187
4.348
3.935
3.243
4.0
3.564
3.823
3.176
3.390
4.079
5.165
3.557
3.460
3.699
3.528
4.290
3.654
3.411
3.331
3.841
4.354
3.481
3.619
3.962
3.411
3.432
3.209
3.838
3.313
4.698
5.699
3.217
4.102
3.654
3.388
3.622
4.155
3.377
3.559
4.136
5.256
4.257
3.906
2.882
3.540
3.596
3.405
3.728
2.989
3.960
5.363
3.320
3.492
3.490
4.119
3.416
3.564
4.043
4.625
4.068
5.392
3.034
3.347
4.427
4.461
3.476
3.488
4.040
3.841
4.301
4.419
3.928
3.908
3.291
3.906
3.699
3.189
4.130
3.471
3.313
4.530
4.591
3.488
3.161
4.319
3.696
3.221
3.646
3.437
3.490
5.468
3.681
3.191
3.528
3.877
3.588
2.644
3.681
2.878
4.857
5.037
2.439
3.302
3.844
4.548
3.569
3.418
4.333
3.854
4.068
5.381
3.736
4.099
3.995
3.789
3.311
3.776
4.295
3.751
4.400
5.541
2.979
4.570
3.427
3.900
3.704
4.032
3.414
3.686
4.490
4.152
3.639
3.425
3.284
3.736
4.127
4.075
3.340
3.309
3.259
4.785
3.342
3.441
3.256
3.649
2.975
3.083
3.485
3.336
4.561
4.921
2.949
3.681
4.124
3.267
3.681
3.581
3.922
3.324
3.338
3.870
3.502
3.898
3.478
4.046
3.151
3.579
4.068
3.259
3.288
5.431
3.763
3.766
2.969
3.490
3.434
3.872
3.472
2.768
3.656
4.918
3.559
3.694
3.020
3.252
4.524
5.376
5.918
5.623
6.019
6.134
5.307
5.628
5.095
5.374
4.605
6.603
5.256
5.544
4.966
5.217
5.559
5.363
4.768
5.431
5.738
5.380
5.870
5.365
6.395
6.212
4.785
4.976
5.510
5.590
5.174
5.017
4.814
6.393
5.151
5.003
5.346
5.457
5.281
4.953
4.881
4.428
5.331
5.277
5.341
4.561
5.468
5.687
6.271
5.697
5.780
5.106
6.042
5.384
6.007
6.069
6.220
4.428
5.782
5.095
5.802
5.689
5.100
5.878
5.990
5.174
5.313
5.878
5.704
5.954
5.906
5.974
5.720
5.303
5.657
5.298
5.380
5.930
4.966
5.342
5.072
5.316
5.303
6.052
5.962
5.499
5.544
5.753
5.854
5.436
5.737
5.051
5.612
5.986
5.387
5.593
5.697
5.292
5.586
5.502
5.582
6.048
5.446
6.345
5.426
5.708
5.133
5.732
5.114
6.344
5.982
4.049
5.034
4.755
5.742
6.052
5.608
5.396
5.231
5.858
5.220
5.810
5.398
5.353
5.962
6.135
5.689
6.199
5.231
5.699
5.630
4.604
5.156
5.526
5.185
5.886
6.050
6.042
5.910
6.396
5.914
5.653
5.453
5.739
5.863
5.590
6.216
6.003
5.433
5.484
5.498
5.612
5.597
5.862
5.400
5.452
6.092
5.130
4.926
5.464
6.131
5.109
5.256
5.223
5.791
5.466
5.431
5.469
5.010
5.446
6.241
5.502
5.167
5.854
5.559
5.338
4.810
5.506
5.212
4.815
5.571
5.110
5.278
4.417
4.276
4.658
4.752
4.642
4.876
4.814
5.024
5.141
4.626
4.963
5.325
5.055
4.742
4.831
5.198
4.324
5.044
