6.266
7.961
5.731
7.296
7.251
6.170
4.973
7.505
6.887
7.982
7.478
7.400
6.059
5.574
6.434
7.053
5.489
7.768
7.283
7.056
5.409
7.073
7.945
7.026
6.171
7.718
6.908
7.190
6.217
4.021
6.969
7.708
5.291
6.786
6.897
7.152
7.025
7.692
6.800
6.839
7.469
4.937
6.562
7.819
6.662
4.888
3.386
4.828
7.086
6.847
5.378
3.633
3.874
5.574
7.621
6.636
4.506
5.484
6.587
8.101
5.619
5.823
5.376
6.279
4.417
4.654
5.373
6.562
6.242
8.465
3.437
5.313
7.770
6.850
6.136
6.394
6.204
7.427
6.507
7.429
8.229
6.671
6.759
6.935
5.559
6.720
7.621
5.714
5.770
5.497
5.656
8.158
8.604
7.167
5.677
6.808
7.997
7.687
6.250
4.800
9.151
7.821
5.133
5.993
6.808
6.097
6.387
5.918
6.111
6.254
7.026
3.553
7.287
8.976
7.006
5.118
7.682
5.863
7.309
6.341
7.005
2.899
5.827
6.974
7.875
5.495
4.533
5.733
6.818
7.237
3.911
3.936
7.199
7.472
5.027
4.497
3.307
3.704
4.192
7.071
4.977
4.336
4.886
6.550
6.406
6.460
5.828
5.643
6.179
4.292
4.579
5.548
7.507
5.604
4.733
5.862
5.185
5.718
5.425
7.960
5.937
5.312
5.552
7.205
5.992
5.430
6.159
6.987
4.734
4.778
5.615
5.514
3.609
4.950
5.827
6.437
6.513
6.093
5.179
5.972
6.434
6.574
5.036
6.009
4.993
8.196
6.924
7.057
5.270
5.148
3.386
6.055
6.351
4.980
6.751
7.275
5.995
7.748
5.890
6.984
6.454
6.001
4.443
5.086
6.055
6.475
4.021
5.593
5.968
6.063
5.217
4.147
4.790
3.295
4.521
5.137
4.963
4.488
5.828
5.548
4.693
4.521
5.820
5.155
5.789
6.818
5.948
5.726
5.199
3.699
4.330
5.722
3.910
4.539
3.684
6.348
5.380
5.800
5.193
4.293
6.707
4.956
3.187
6.795
5.073
5.676
4.720
2.769
5.203
6.183
4.431
3.803
2.318
4.437
5.758
5.164
3.714
4.458
6.505
6.494
5.737
4.625
5.847
5.220
3.444
3.755
4.248
5.123
5.046
6.325
3.623
3.770
6.389
7.195
6.217
4.862
4.910
7.176
6.271
4.533
5.503
5.121
5.242
4.542
4.527
4.491
6.860
4.021
4.354
3.936
4.240
5.267
6.036
5.171
2.939
4.351
5.953
5.348
4.648
3.562
4.749
6.221
3.775
4.832
4.449
3.519
4.045
4.272
3.427
4.099
5.485
1.883
4.558
5.952
5.190
3.050
4.797
4.733
4.316
4.650
4.807
2.378
3.586
4.794
5.767
5.253
3.626
4.444
6.192
5.983
3.706
2.434
5.836
6.114
5.067
4.443
3.213
2.298
3.783
6.254
5.232
3.828
4.768
6.899
6.512
5.894
5.402
4.817
6.333
4.267
3.795
2.822
5.207
6.209
4.059
4.330
3.976
4.034
4.050
6.689
5.084
4.214
5.727
6.689
5.707
4.990
5.843
5.086
3.929
2.573
4.219
5.229
2.842
4.800
5.149
6.242
5.745
6.118
5.945
4.458
5.965
5.133
4.328
4.178
5.929
5.726
6.456
5.120
4.206
4.721
2.276
4.894
7.067
3.287
6.159
6.175
3.915
5.777
4.857
4.916
5.242
3.610
7.133
5.563
5.792
6.346
6.503
4.633
5.455
7.008
7.422
6.927
5.298
6.379
5.344
5.295
7.528
6.073
5.355
6.689
6.441
6.304
6.464
7.550
6.535
6.698
6.943
6.919
5.937
6.101
3.820
5.746
8.638
5.614
6.522
7.110
6.805
6.525
7.743
7.525
5.762
8.185
6.556
5.040
8.539
7.469
4.924
4.815
4.711
7.044
7.754
7.210
5.468
3.984
5.972
8.448
7.134
4.611
7.293
7.879
9.049
7.576
7.266
7.910
7.841
6.460
6.071
5.099
7.368
6.897
9.408
5.559
5.053
7.917
8.647
7.209
6.452
6.353
8.294
8.449
7.607
7.373
6.974
7.373
7.077
7.124
7.546
8.767
6.205
6.667
5.411
5.452
6.995
8.135
7.445
6.552
6.812
8.043
7.931
6.729
6.113
7.902
9.387
6.204
5.151
6.954
6.499
7.513
5.541
4.394
7.380
7.528
3.820
6.716
8.904
7.717
5.727
7.262
7.280
7.076
7.620
7.605
5.245
4.852
5.827
7.037
4.787
4.906
6.047
7.838
7.687
6.966
3.828
6.075
7.442
7.837
5.663
5.130
4.161
5.142
8.086
6.447
4.945
5.147
7.642
6.806
7.327
4.702
4.240
8.061
5.961
6.212
4.997
6.591
6.469
5.556
6.040
5.659
7.100
6.103
8.637
8.378
6.309
7.252
8.306
6.830
6.345
6.751
6.163
6.512
3.826
6.196
7.312
4.661
6.051
6.844
7.596
8.024
7.077
7.677
7.385
7.989
7.380
7.536
6.591
7.556
8.556
7.879
7.667
6.689
6.507
4.123
5.249
8.045
5.632
8.076
7.931
5.963
8.016
6.179
7.555
7.375
5.640
6.063
6.135
4.554
6.614
6.205
5.824
4.679
6.051
6.980
7.605
5.351
5.208
6.441
5.199
5.788
6.583
4.563
6.998
5.688
6.398
5.172
6.233
6.858
5.441
6.221
6.551
5.648
5.778
4.310
4.026
6.325
5.515
6.125
5.906
4.452
6.355
5.281
6.985
6.101
6.376
5.871
4.420
5.760
5.982
4.721
3.882
2.916
5.228
6.434
6.533
5.604
2.544
5.175
6.473
7.353
5.235
3.704
5.902
6.600
6.814
4.781
4.983
5.730
5.635
4.059
3.741
5.040
5.581
6.947
7.210
2.656
5.803
7.268
6.685
5.361
5.182
7.359
6.335
5.387
6.217
5.974
6.071
5.515
6.172
5.441
7.026
6.978
5.471
4.705
5.578
4.261
7.233
7.023
5.890
5.037
5.859
6.865
5.832
5.125
4.743
7.984
5.926
4.646
6.032
5.228
5.0
4.512
4.615
5.249
6.510
4.596
2.798
6.698
7.172
5.070
4.275
5.894
5.481
5.094
5.703
5.556
2.065
5.191
5.680
5.978
4.775
4.561
6.217
7.505
6.599
2.869
3.186
6.250
6.689
5.409
5.028
3.619
3.927
7.057
7.186
4.024
5.416
5.600
6.818
7.667
6.121
4.111
5.492
6.698
5.207
3.933
3.997
7.267
5.228
5.090
5.348
4.896
4.784
6.140
6.782
5.823
6.159
7.281
6.473
5.231
4.092
6.809
5.340
3.534
5.270
6.023
4.169
4.474
5.588
5.867
6.739
5.808
5.511
5.519
6.067
6.622
4.888
3.758
5.349
5.207
7.358
6.667
5.445
5.508
4.313
3.533
5.183
5.578
5.674
6.760
6.004
4.473
5.169
5.193
4.940
5.772
8.256
8.880
6.966
8.739
8.804
8.013
7.129
10.446
9.993
10.326
8.035
7.415
9.030
5.604
8.035
9.115
6.296
8.701
9.115
9.232
6.702
8.094
8.812
8.451
9.527
10.007
9.030
9.590
6.662
6.361
9.574
7.662
7.917
8.468
7.697
9.495
8.744
9.061
7.831
8.615
8.833
6.473
9.193
10.331
7.584
5.445
4.971
8.857
10.053
9.701
8.701
4.216
7.201
9.259
10.0
8.035
8.085
7.870
9.748
10.272
8.704
8.902
10.145
8.498
6.977
6.529
6.839
7.152
9.290
9.841
3.987
8.077
9.858
9.527
6.532
8.401
8.853
10.333
8.810
8.522
8.443
8.227
8.794
7.641
6.707
9.578
8.763
6.991
6.445
7.584
6.769
9.537
9.316
8.261
6.983
8.543
10.352
8.088
6.966
7.764
10.061
9.740
7.143
8.406
8.103
8.614
6.748
7.723
7.450
7.970
6.779
6.352
9.268
9.705
7.765
6.925
8.871
7.502
9.097
8.509
8.511
3.336
8.560
8.661
8.234
7.252
6.343
9.656
9.821
9.727
5.371
6.162
8.958
9.031
7.846
6.684
7.547
6.613
9.394
9.812
7.928
8.306
8.256
9.645
10.467
8.733
6.012
8.917
10.579
7.309
6.574
7.378
10.013
9.037
8.328
8.322
7.615
6.275
9.960
10.612
7.172
7.852
9.324
8.344
7.879
5.135
9.206
7.335
4.359
8.616
8.294
6.460
5.207
7.931
7.995
9.218
7.889
8.254
6.917
8.602
8.748
8.622
6.770
7.909
7.941
9.352
9.031
8.570
8.171
7.755
6.635
8.244
8.204
6.734
9.268
8.980
7.230
9.556
8.227
8.911
8.512
