5.319
6.742
6.809
8.444
5.138
4.790
6.736
5.113
5.313
7.243
6.729
5.793
6.671
6.204
5.232
5.890
2.760
6.300
6.075
6.163
4.990
5.200
7.415
5.284
5.828
5.548
4.714
6.760
3.997
4.067
5.657
8.294
6.627
6.166
5.281
4.336
4.114
4.933
4.788
5.851
5.686
8.288
6.538
3.752
5.548
4.567
7.270
7.129
5.026
4.956
6.861
7.523
5.225
3.016
5.459
1.711
6.497
7.855
5.822
5.137
4.503
6.936
8.250
4.909
2.547
5.0
6.797
4.625
5.013
4.970
4.211
7.671
7.646
6.586
2.633
2.710
4.524
6.501
6.991
5.578
6.402
6.439
4.781
7.997
2.761
3.366
5.745
6.880
5.526
5.925
7.195
7.105
5.839
6.175
4.224
2.232
4.876
6.470
4.542
6.967
7.371
7.940
8.372
8.011
5.246
2.899
4.292
6.449
6.250
5.384
5.040
7.029
7.944
6.125
6.007
1.485
2.097
5.043
4.237
7.019
6.901
3.508
6.225
6.040
5.910
5.578
3.892
2.003
5.996
5.615
5.832
5.489
5.375
6.558
8.024
6.291
2.431
2.600
5.277
8.155
6.920
5.939
6.133
3.895
7.495
8.514
5.541
3.006
5.548
4.756
8.261
6.325
6.689
8.110
8.454
5.667
4.050
4.670
4.299
6.853
4.066
6.067
6.867
7.282
7.615
7.332
4.021
4.676
6.574
3.694
6.878
6.421
8.372
4.194
3.976
6.409
6.936
5.596
5.456
4.003
3.920
6.026
7.579
7.881
4.208
4.980
6.823
5.816
6.454
5.343
2.375
4.488
5.559
6.711
6.132
2.937
3.235
5.010
6.412
5.267
4.660
6.126
7.215
8.136
8.851
4.930
5.046
6.786
5.534
5.792
6.702
6.689
5.817
8.115
6.529
6.171
7.081
3.204
5.960
7.186
7.081
5.096
6.409
8.466
5.754
7.576
5.405
5.552
7.205
4.940
5.485
6.262
8.802
6.972
5.478
4.552
4.234
5.157
5.168
6.137
6.702
7.133
8.611
6.574
5.422
6.020
4.963
8.552
5.851
5.764
6.146
7.801
7.947
6.871
3.473
5.330
3.104
6.402
7.417
5.886
5.653
6.332
8.133
7.355
5.645
4.790
6.333
8.045
5.712
4.582
5.503
5.718
7.982
8.629
5.800
3.647
3.958
5.597
9.030
7.611
6.815
6.649
5.999
5.484
7.801
3.215
3.767
8.535
7.306
6.163
6.135
8.658
6.988
6.184
6.707
3.453
2.068
5.871
4.192
4.740
9.454
7.201
7.482
8.451
7.384
4.345
4.0
5.026
7.299
6.400
6.566
5.313
7.784
8.573
7.205
6.332
1.170
2.968
4.465
4.794
6.782
8.845
4.128
6.517
5.344
7.626
7.190
3.400
3.0
7.065
8.933
6.024
7.301
5.585
8.734
8.825
6.992
2.129
3.079
5.037
8.081
6.149
5.982
5.981
5.023
7.388
8.046
5.242
4.136
5.863
5.351
9.287
7.278
7.375
7.713
8.522
5.482
4.622
4.855
3.636
7.143
3.360
7.327
9.419
7.800
8.005
7.557
3.228
5.175
5.914
5.074
8.283
7.733
8.564
3.081
4.910
6.275
8.016
6.779
6.560
5.225
4.057
7.984
9.425
7.858
4.113
6.259
7.129
6.805
7.280
5.121
3.179
4.876
5.389
6.212
6.922
4.069
3.721
7.412
7.215
5.985
6.417
5.674
5.371
6.411
6.582
3.168
4.008
4.591
4.733
5.007
5.921
4.935
4.993
5.703
5.0
4.611
5.298
3.020
4.810
5.739
6.782
4.582
5.017
7.162
4.950
6.471
4.421
4.737
6.341
3.430
5.556
6.042
8.181
6.303
5.142
3.971
3.194
4.990
4.446
5.765
5.987
6.858
7.341
5.020
5.739
4.896
5.036
6.805
4.724
6.465
4.630
5.812
6.782
5.432
3.982
3.675
2.769
5.462
6.728
6.492
7.564
5.200
6.001
4.848
4.333
3.543
4.637
5.601
3.540
2.765
4.228
3.797
4.857
5.037
4.117
2.694
2.375
3.629
5.570
6.114
5.850
6.205
3.141
5.054
5.839
2.090
2.642
5.198
4.365
4.467
4.889
5.189
5.140
3.941
4.650
2.227
1.903
3.721
2.633
3.912
6.250
5.168
5.632
7.285
5.149
3.536
2.731
3.856
5.196
5.455
3.453
4.929
6.184
6.212
6.028
4.728
1.733
2.434
1.893
4.534
4.870
6.055
3.543
4.913
4.642
5.263
5.093
2.676
2.535
5.480
5.855
4.091
4.333
4.195
6.098
7.346
4.488
2.013
2.816
5.497
6.818
3.423
3.808
4.536
4.977
5.984
6.242
4.095
4.247
4.775
4.685
7.039
5.952
5.376
5.351
5.176
4.656
3.239
3.602
4.136
4.839
3.111
5.772
6.372
6.103
5.285
5.093
2.372
4.427
3.813
4.131
6.728
5.921
5.171
2.807
3.733
5.295
6.113
5.193
4.841
4.774
4.018
5.619
6.467
6.098
4.609
6.144
5.191
5.482
4.858
3.255
3.439
2.780
4.862
4.676
4.787
2.951
3.546
4.409
5.774
4.354
5.545
7.827
9.127
9.392
9.293
5.746
6.588
8.035
7.359
7.877
8.814
6.715
8.833
8.581
7.430
7.403
8.074
5.746
8.135
8.181
9.893
6.073
7.910
8.855
6.858
8.228
7.133
7.095
8.831
5.703
7.968
9.533
10.411
9.872
7.753
8.533
6.254
7.528
7.105
8.494
7.850
10.107
10.731
7.417
7.267
7.219
6.680
10.060
6.776
8.224
8.085
9.967
9.587
7.733
5.441
7.739
5.611
7.361
9.826
7.366
7.477
8.498
10.086
10.313
6.572
6.241
8.139
9.591
7.738
5.844
7.631
7.020
9.025
10.474
7.319
5.083
5.586
8.083
10.326
9.458
8.592
9.596
5.928
9.295
10.397
4.402
5.220
9.318
8.669
8.019
9.055
9.441
8.295
6.963
8.227
6.065
4.213
8.492
5.305
7.157
10.361
9.867
9.508
11.406
9.121
7.040
5.167
6.773
8.344
9.369
6.422
8.505
9.591
9.278
9.549
7.257
9.843
5.556
3.196
5.768
8.048
10.215
5.633
8.244
6.622
8.378
8.652
5.084
5.728
9.812
8.868
7.839
7.355
7.640
9.947
10.505
7.315
5.581
5.815
7.291
9.259
7.243
7.253
6.528
6.171
10.218
10.106
5.675
6.552
7.176
7.281
9.327
9.017
8.554
8.908
8.932
7.528
5.492
6.892
6.933
7.898
5.816
8.713
10.296
9.409
9.188
8.566
4.692
7.662
6.671
7.626
9.584
9.906
10.060
4.852
6.099
7.774
9.060
8.306
7.022
6.411
6.525
9.934
10.092
9.816
6.823
8.311
8.733
9.121
8.589
6.157
6.192
4.512
8.644
8.604
8.693
4.929
5.953
8.278
8.977
7.579
8.964
4.024
5.323
6.071
6.768
3.127
3.179
4.394
3.398
4.997
5.309
4.147
4.676
6.409
4.283
3.836
5.614
2.109
4.261
5.362
6.320
3.869
4.180
5.178
4.910
5.137
4.250
3.992
5.214
4.595
4.482
5.249
7.019
5.953
4.714
4.458
2.658
3.826
3.918
4.987
5.179
5.788
6.800
4.617
4.114
4.781
3.723
6.519
4.246
4.868
4.488
5.777
6.389
4.618
3.096
3.441
1.836
4.740
6.126
4.380
4.645
4.657
6.383
6.609
3.974
2.203
4.288
5.848
4.005
3.668
4.608
3.987
6.154
7.241
4.728
2.937
2.222
4.161
5.992
6.279
5.763
6.329
4.531
5.176
6.324
1.638
2.240
5.633
3.920
4.169
5.203
5.121
6.038
4.921
4.545
2.445
1.239
4.119
3.135
3.898
5.344
5.677
5.581
6.869
5.599
3.175
2.158
3.557
4.960
4.594
3.919
4.394
5.348
5.866
5.387
4.186
1.097
1.639
3.032
4.746
6.394
6.363
3.098
6.055
4.636
5.295
4.591
2.484
1.765
5.189
6.346
4.351
3.970
4.194
6.012
6.631
3.622
2.717
1.847
5.133
6.648
4.336
4.409
3.426
3.256
5.626
5.529
3.731
2.510
3.885
4.053
6.924
5.337
6.099
5.511
6.121
4.194
2.895
3.196
3.574
5.720
2.559
5.657
6.087
4.860
6.0
5.416
3.494
4.494
4.513
3.790
5.769
5.979
7.280
2.410
3.351
5.087
6.592
5.599
4.987
5.052
4.452
6.019
6.949
5.712
3.862
4.803
6.254
5.898
5.688
4.186
2.370
3.283
4.386
5.235
5.288
2.657
2.914
4.380
6.338
5.159
4.921
