7.293
9.129
6.042
6.737
6.844
6.071
7.469
6.384
5.927
5.748
6.458
7.177
6.289
6.293
7.207
6.034
5.677
8.011
5.990
6.263
5.850
6.510
4.318
6.809
8.438
8.443
7.628
6.481
6.602
6.319
7.445
8.264
7.762
7.783
7.522
5.935
6.294
7.601
5.055
6.487
7.339
5.462
5.784
5.996
5.053
5.922
6.250
6.156
8.008
7.606
7.123
6.367
4.542
7.084
6.485
8.242
6.994
6.736
6.712
7.466
7.576
6.449
4.908
4.164
5.660
4.642
5.128
4.490
6.298
5.765
5.409
3.294
6.731
6.916
7.191
7.056
7.246
8.163
8.188
8.039
8.531
8.596
7.779
8.234
8.414
8.942
7.193
6.882
9.194
6.713
9.405
7.835
6.124
4.423
6.868
8.444
7.415
8.787
6.427
6.494
6.015
5.125
5.073
6.870
5.752
7.931
8.328
8.065
7.428
7.900
7.431
7.312
7.809
7.045
5.878
3.964
3.934
8.864
9.072
9.439
8.554
7.148
7.853
6.879
7.088
5.368
5.256
7.538
9.097
7.774
8.654
5.842
7.583
5.679
4.886
5.702
6.228
3.484
4.498
6.319
7.548
8.410
6.355
7.606
7.420
6.246
5.517
7.064
6.246
8.751
7.343
6.188
4.752
5.643
5.062
3.699
5.992
9.078
8.200
7.172
6.983
5.821
5.804
7.542
7.729
8.863
7.529
8.127
5.209
4.683
6.588
7.865
6.718
7.554
7.405
7.275
7.332
6.863
7.509
6.302
8.179
7.178
7.714
9.497
8.990
8.508
8.751
9.696
8.275
10.092
8.705
8.194
7.053
6.727
6.008
4.090
6.168
4.792
4.782
3.809
5.003
0.864
2.738
2.518
1.615
2.358
3.564
3.825
2.580
2.630
2.282
4.539
2.658
1.983
3.731
3.851
2.834
2.990
2.679
3.404
2.888
2.857
1.659
3.284
2.561
3.766
3.347
4.003
2.060
3.620
2.737
2.630
3.903
4.022
4.263
3.051
2.171
2.859
3.833
2.011
1.176
2.216
2.746
1.603
2.394
1.268
1.470
2.681
2.235
2.899
2.763
2.568
2.209
0.850
1.666
2.721
2.925
2.983
2.121
2.193
2.880
3.230
2.982
2.389
1.768
2.194
1.792
1.726
0.980
1.960
1.940
2.0
1.694
1.698
3.581
3.371
2.515
2.633
3.968
2.674
2.395
3.391
3.245
2.741
2.313
2.697
4.536
3.485
1.574
2.450
2.294
1.646
4.609
3.654
1.447
2.224
4.201
4.903
2.644
2.058
1.115
2.688
1.832
1.311
1.453
1.954
3.657
3.605
3.302
3.668
3.045
2.487
2.772
3.174
2.772
2.708
2.724
1.374
1.987
4.310
3.372
2.683
2.326
3.714
2.183
2.200
1.984
1.818
3.144
2.343
3.535
2.892
3.930
3.393
2.241
1.451
1.525
2.990
1.378
1.044
1.183
2.826
2.423
2.015
1.571
2.984
3.465
1.522
1.703
1.564
3.135
3.228
2.800
2.945
1.122
2.672
1.917
1.375
3.880
2.985
2.237
2.791
2.609
1.507
2.945
2.307
3.432
3.807
3.239
2.463
2.183
1.635
2.647
3.540
2.600
2.733
3.014
2.739
2.098
2.610
1.640
2.111
2.538
1.792
2.128
3.646
3.995
2.197
2.267
4.197
3.209
3.935
2.713
2.717
2.316
2.939
2.264
1.846
2.038
1.114
1.870
1.236
1.774
2.683
1.775
1.460
1.257
2.701
3.100
1.796
1.810
1.862
1.949
1.470
1.468
2.340
2.844
2.410
1.963
1.527
2.840
2.250
1.524
1.139
2.256
1.460
2.859
2.694
2.343
1.516
2.794
2.191
1.461
2.726
3.186
3.504
2.222
2.959
2.228
2.302
2.065
1.113
2.003
2.470
1.588
1.659
1.452
1.658
2.581
1.181
2.118
2.597
2.487
1.460
1.182
1.316
1.836
2.270
3.405
1.917
2.649
2.901
3.340
3.528
2.612
1.780
2.017
2.138
2.115
1.853
1.381
2.535
2.579
1.974
1.582
4.780
3.699
4.310
2.914
2.467
3.691
3.386
4.124
3.736
2.867
3.096
2.349
4.022
3.631
2.071
3.761
2.746
1.648
3.176
4.175
1.721
1.057
3.488
3.478
2.530
2.259
1.698
2.045
1.645
1.453
1.246
1.960
2.046
2.171
2.705
2.027
2.007
2.270
2.607
2.402
2.191
2.384
2.007
1.121
1.384
3.089
2.757
2.221
1.656
2.872
2.004
2.001
1.726
1.255
1.853
3.083
2.865
2.221
2.973
2.772
1.599
1.577
1.575
1.853
1.253
1.173
1.174
1.851
2.332
2.467
1.110
2.609
3.119
1.583
1.649
1.305
1.786
2.457
2.941
1.789
1.105
1.928
1.641
1.107
2.343
2.349
1.912
2.001
1.971
1.908
1.786
2.390
2.748
2.965
2.544
2.180
1.121
1.311
1.982
2.428
2.194
2.637
2.931
2.842
1.590
2.119
2.240
1.769
2.235
2.237
1.853
3.209
3.641
2.515
2.190
2.863
2.332
3.169
2.286
2.478
1.734
2.343
1.978
1.376
1.910
1.372
1.453
1.176
12.757
13.656
12.316
10.815
13.418
14.214
12.447
13.319
12.154
13.162
12.981
12.853
12.773
12.402
13.525
12.009
12.599
13.761
13.591
13.748
12.296
13.128
8.846
12.997
13.300
12.935
10.681
12.384
11.811
13.448
13.408
14.013
13.347
13.776
13.982
12.195
11.856
13.591
11.380
12.509
12.896
12.214
11.913
11.412
10.454
11.656
10.730
12.003
12.597
12.086
11.649
9.972
9.155
12.014
12.693
13.455
13.375
13.432
12.149
13.108
13.427
12.804
11.408
11.197
12.718
10.915
10.926
10.223
12.473
11.953
13.143
10.567
13.296
12.340
13.730
13.996
13.375
13.380
12.439
13.973
15.098
11.516
12.606
12.860
13.104
14.094
10.794
12.641
12.846
12.017
15.249
13.662
12.017
8.751
15.368
13.418
13.766
13.263
11.414
12.323
12.229
11.957
11.453
13.007
12.438
13.930
14.030
14.356
13.178
12.668
16.583
14.731
13.944
13.165
12.025
11.232
10.784
13.830
14.266
14.256
14.448
13.040
12.635
12.385
12.919
12.671
12.473
14.429
15.011
14.831
15.219
13.857
13.205
12.264
11.103
13.105
11.230
10.652
10.663
13.143
14.472
13.209
12.054
11.386
13.025
11.416
10.978
11.339
11.087
13.934
13.184
13.248
11.798
11.943
12.020
11.334
12.197
16.933
13.147
13.347
14.276
11.579
11.587
12.552
13.655
14.706
14.245
12.992
11.836
12.140
13.605
12.650
12.949
13.104
13.483
12.944
11.850
12.403
13.139
11.016
13.990
12.729
12.787
14.336
14.146
14.185
12.940
13.774
14.040
14.124
14.460
14.155
12.393
13.391
11.917
11.913
11.947
10.712
11.278
9.707
10.946
8.790
9.939
9.461
9.472
9.160
10.922
10.249
9.147
9.677
9.122
9.680
10.932
9.312
10.727
11.275
9.717
9.706
10.070
10.443
10.042
9.686
7.799
8.636
6.580
10.359
10.438
10.640
9.909
10.739
9.584
11.657
12.613
12.333
12.726
11.826
10.983
10.459
11.487
10.106
8.909
9.567
8.552
6.853
7.746
6.368
6.813
6.105
5.961
10.142
10.834
8.767
7.487
4.523
6.911
10.077
10.258
11.643
9.993
9.951
9.770
10.500
10.512
9.078
6.695
6.990
7.387
7.060
6.409
7.431
9.071
8.939
8.123
8.380
10.541
10.405
10.966
9.938
10.824
11.072
11.727
12.360
10.826
9.174
10.917
10.699
11.413
9.874
8.828
11.321
10.973
8.536
12.803
12.544
9.986
9.022
12.718
12.473
11.352
12.070
8.985
8.693
9.198
8.138
9.065
8.114
8.972
10.0
10.697
10.511
10.296
9.236
10.175
9.583
9.659
8.555
6.887
5.536
8.826
10.287
10.777
10.986
9.664
9.477
9.135
10.099
7.767
8.235
8.165
10.847
11.322
10.927
10.333
9.951
8.293
7.736
7.128
6.966
7.644
5.629
7.563
9.286
10.607
9.880
6.936
11.552
10.646
7.153
9.097
8.813
8.333
10.276
12.0
8.849
8.245
8.906
7.983
6.764
10.224
11.607
9.570
10.280
9.775
8.188
9.605
10.702
11.832
11.598
11.923
10.832
9.241
8.850
10.482
10.206
9.823
9.110
9.743
8.645
8.373
9.141
8.599
9.833
9.434
9.527
10.278
10.996
11.528
8.939
9.632
9.835
11.143
9.845
8.903
8.723
7.088
7.573
6.259
6.829
8.192
5.350
6.607
4.642
