21.219
16.472
23.878
15.818
20.687
15.301
16.056
15.814
16.119
16.195
16.382
16.472
16.342
17.206
17.364
17.365
15.740
18.649
20.414
14.603
24.130
20.775
16.114
11.769
14.996
16.243
17.906
16.355
19.588
16.245
16.549
15.962
17.442
16.295
19.859
18.069
19.676
15.004
15.637
16.187
15.523
20.140
15.535
16.180
14.377
20.139
16.965
15.509
18.750
15.474
15.307
15.645
24.830
22.814
16.872
8.611
15.282
17.706
18.196
16.968
15.826
16.936
15.265
16.009
15.012
17.421
15.300
19.954
20.107
18.610
19.225
18.745
16.421
18.885
15.802
14.892
14.902
20.107
18.458
16.641
18.020
27.463
19.752
15.665
17.588
16.616
20.366
16.041
16.862
18.711
16.784
16.315
23.231
11.657
15.579
19.147
16.229
20.171
15.714
16.576
15.317
16.590
17.225
17.508
19.665
16.524
24.167
15.276
17.717
14.969
15.940
17.679
20.971
15.427
20.250
18.043
20.794
19.412
13.605
10.447
16.357
18.238
17.519
16.248
15.361
18.466
15.385
14.902
18.996
25.229
15.711
18.585
17.642
18.794
17.781
19.377
16.016
18.462
15.923
16.212
16.706
16.134
15.307
15.527
15.523
16.940
19.121
16.288
19.814
16.654
14.897
16.877
21.875
17.555
19.033
17.306
16.524
19.066
25.095
19.799
17.223
17.127
15.904
16.358
17.121
22.056
13.221
17.981
21.380
18.493
19.567
17.282
16.195
18.648
18.175
17.112
18.069
21.981
16.055
16.116
16.309
26.566
16.088
18.673
16.640
12.328
14.027
18.755
16.172
16.849
18.726
16.159
24.106
17.081
16.654
15.554
17.412
18.308
16.548
16.706
15.574
15.944
16.679
21.665
16.503
23.282
18.049
23.538
24.396
16.482
16.334
28.791
17.021
16.888
16.901
26.617
16.265
18.224
16.231
15.889
24.544
15.515
16.680
18.921
14.019
14.678
22.559
16.718
17.945
19.400
16.460
18.527
17.947
18.447
18.386
16.847
15.871
26.451
16.447
16.895
16.254
17.469
15.859
16.279
20.135
16.355
18.697
17.064
19.549
17.169
18.427
20.062
17.125
16.628
16.336
26.106
10.426
18.445
19.479
22.409
22.039
16.808
16.845
18.099
16.985
15.237
16.641
24.379
18.484
21.300
15.550
15.810
15.295
17.204
18.300
19.102
18.750
20.909
18.209
17.427
16.339
19.442
17.909
18.443
19.193
18.066
16.591
15.542
18.119
16.603
18.465
18.202
16.895
17.580
11.214
19.620
21.249
21.249
18.397
19.787
20.985
16.239
16.476
19.815
19.320
17.348
24.698
15.862
18.822
16.388
22.724
18.798
17.398
23.256
17.260
18.813
19.955
17.138
17.026
19.817
11.064
19.301
31.970
22.273
22.147
17.776
16.961
15.802
16.539
16.913
22.348
24.848
17.196
24.192
16.538
16.925
20.424
17.364
17.368
17.081
20.031
16.667
20.214
19.650
17.244
18.774
17.688
19.477
15.608
23.338
17.028
19.605
24.355
21.660
16.885
14.330
19.969
15.295
14.657
15.969
16.393
15.152
18.875
16.420
15.932
15.523
11.568
16.082
15.277
14.875
17.260
13.460
13.705
16.381
15.366
15.240
15.497
13.810
14.550
15.438
14.772
14.692
17.785
15.685
15.066
14.809
11.760
10.622
22.692
18.956
15.156
17.724
14.874
13.707
16.127
15.194
14.384
18.660
15.066
18.203
17.925
19.770
17.183
13.587
18.083
14.241
16.811
13.979
18.302
15.929
15.137
20.234
15.331
16.547
22.377
15.974
18.832
16.680
15.909
21.947
16.059
16.420
17.011
18.224
14.038
13.017
21.041
17.333
16.096
17.183
16.268
17.615
15.893
17.625
16.139
16.197
18.077
16.474
16.423
16.421
18.516
19.675
16.171
15.420
16.109
27.610
17.997
15.420
20.564
19.434
18.561
17.191
20.446
18.516
18.064
15.900
10.256
22.340
15.241
16.371
15.608
18.238
21.105
19.464
17.606
16.357
19.252
19.228
19.757
20.186
17.578
18.535
15.884
20.884
22.748
16.386
15.093
21.347
15.683
15.874
15.081
20.645
17.015
15.740
15.826
18.796
15.161
16.961
20.031
17.575
23.810
17.534
17.428
19.419
11.644
17.696
16.447
16.129
18.519
19.318
16.898
16.451
15.692
27.273
14.890
15.966
17.711
23.516
19.157
18.083
19.246
16.500
16.887
20.687
17.384
19.449
17.597
17.445
15.858
16.758
8.309
15.512
14.757
14.949
17.025
14.275
15.769
14.401
14.578
15.732
15.342
14.873
16.208
12.913
15.385
13.998
14.274
14.157
13.391
13.516
16.028
14.852
13.426
13.297
15.044
16.746
14.107
14.826
15.421
15.573
16.134
15.342
14.131
15.781
17.179
15.576
15.071
16.371
15.802
13.318
13.915
15.336
14.251
12.734
15.349
12.835
14.440
9.673
14.873
16.199
14.958
13.175
17.358
12.837
15.366
14.945
14.197
13.234
15.663
16.953
15.147
14.208
13.929
14.984
14.069
16.810
11.892
11.296
16.314
16.822
16.314
14.320
16.719
18.238
14.441
15.039
14.364
16.345
14.658
15.119
15.385
16.055
16.654
14.649
16.987
15.379
15.408
17.661
17.096
14.821
16.889
15.749
16.849
15.348
15.929
21.347
19.772
18.175
20.184
14.914
15.785
23.166
20.109
14.838
16.0
18.931
10.823
18.462
15.379
19.814
21.240
17.263
19.798
16.019
16.330
17.771
19.323
15.313
18.049
16.910
19.055
22.035
16.283
16.263
18.960
20.741
17.559
16.864
19.629
15.956
16.306
16.0
17.138
17.286
20.997
15.505
16.395
15.012
10.054
16.089
22.188
19.099
19.893
16.034
16.603
15.202
18.291
18.119
16.867
15.039
16.193
16.034
18.459
15.716
15.736
15.326
16.524
15.683
16.991
14.397
18.538
15.265
17.652
17.130
15.543
15.443
24.015
17.174
21.918
15.187
16.361
16.078
15.567
15.941
17.615
20.651
11.455
16.965
16.627
17.809
14.174
14.274
13.565
15.512
15.166
15.847
19.658
16.680
14.690
14.443
15.637
15.373
14.890
16.099
15.569
15.415
21.016
18.287
14.768
17.107
20.061
12.567
16.545
16.680
17.326
16.589
16.214
19.938
16.602
15.904
16.009
21.543
15.642
17.975
17.819
16.179
22.154
19.073
16.388
17.921
17.158
31.093
15.468
17.846
16.385
18.033
16.212
18.605
17.249
19.798
16.835
16.523
16.281
25.920
20.608
15.842
24.543
18.351
17.415
15.591
18.959
19.516
21.624
17.980
15.039
21.369
15.659
16.563
10.044
18.083
16.092
19.590
18.308
16.840
18.161
16.398
17.616
20.425
15.858
17.197
16.588
17.697
17.191
24.700
16.035
19.847
18.686
16.233
9.412
16.847
15.858
16.355
17.829
26.071
16.497
15.516
17.090
23.831
22.953
20.509
17.021
16.003
15.481
17.165
14.141
17.016
17.455
16.434
18.008
16.227
19.801
18.260
20.581
16.692
15.637
17.846
15.884
16.059
16.368
16.081
15.957
23.629
16.485
17.425
22.113
18.083
17.348
11.881
15.904
19.588
22.703
18.097
16.667
18.884
18.018
15.704
15.918
22.164
15.895
19.895
17.431
20.150
15.324
20.349
18.590
16.922
26.359
16.807
23.824
16.281
17.729
16.988
17.378
16.233
16.602
16.034
17.813
17.218
16.206
10.220
16.602
16.114
18.693
20.352
15.884
16.050
24.172
17.054
22.556
16.820
22.931
17.733
16.187
20.444
16.811
20.593
20.455
17.069
20.904
17.915
15.765
19.587
15.443
23.251
19.402
17.724
26.058
15.391
15.891
16.172
15.935
19.907
23.561
16.159
16.538
19.030
15.366
15.490
16.227
20.602
18.927
16.499
18.633
15.969
15.178
14.694
15.559
14.663
15.329
16.044
15.665
15.0
15.402
14.567
14.162
19.453
16.445
14.308
16.771
16.409
17.552
15.467
13.057
8.794
15.315
17.652
20.272
20.425
16.169
16.484
16.923
16.485
15.753
17.178
18.865
15.654
16.576
16.333
17.843
19.605
17.738
17.707
16.132
16.197
15.753
16.667
28.882
15.956
16.537
18.407
17.411
20.735
17.278
18.875
17.002
18.413
22.0
16.511
15.615
17.311
17.101
23.773
18.678
17.879
16.834
15.433
21.719
14.914
20.840
11.619
21.497
18.852
17.258
14.862
15.859
18.290
15.769
18.238
15.463
16.820
19.270
16.038
18.971
17.756
17.500
16.354
16.171
16.277
18.678
14.943
14.514
22.554
17.905
16.603
17.188
16.915
18.210
17.348
19.243
26.003
19.878
16.500
17.527
16.794
16.550
