2.959
2.480
2.238
2.689
3.555
1.813
2.359
4.889
3.478
3.150
2.482
1.564
2.208
2.780
2.119
3.748
3.143
1.746
3.274
1.954
3.196
3.096
3.158
1.812
2.319
3.024
2.567
3.119
2.639
2.232
4.536
2.778
2.690
2.809
2.426
3.061
1.944
3.417
2.105
3.434
3.576
2.647
2.825
2.857
3.382
2.836
3.902
2.030
2.878
2.793
3.293
2.953
3.012
3.303
3.173
2.433
3.562
2.704
3.346
1.714
3.040
1.565
2.222
2.569
2.537
3.435
2.364
1.893
3.194
1.613
3.785
3.699
2.449
3.569
2.927
2.327
2.010
2.602
3.040
3.111
1.935
2.090
2.335
2.765
2.980
2.608
2.283
2.881
3.743
3.471
3.084
2.893
2.713
3.305
3.036
2.584
2.646
3.790
2.312
3.593
2.974
3.349
2.760
2.426
3.052
2.756
3.723
3.869
4.311
2.198
2.549
2.951
4.265
1.952
2.089
1.821
3.059
3.716
3.061
2.397
2.747
2.551
2.576
2.184
3.955
1.173
2.825
2.772
3.160
3.432
3.222
3.628
3.353
2.241
3.979
2.434
2.564
3.963
3.808
1.966
3.353
3.716
3.607
3.751
1.899
2.743
2.235
4.756
2.959
3.121
2.763
2.692
2.515
3.644
2.899
3.230
1.835
2.945
1.965
3.065
2.458
4.095
2.147
3.318
2.460
1.969
3.628
3.360
2.621
1.865
4.305
2.436
3.714
4.308
3.191
2.995
3.166
2.738
3.007
3.145
2.454
2.710
3.628
2.503
4.328
3.162
3.564
3.150
2.344
2.404
2.639
3.628
2.574
2.747
2.378
3.256
3.505
2.993
3.536
3.641
2.489
5.533
4.227
3.314
5.750
4.298
2.626
3.989
5.336
6.131
5.422
4.440
3.287
3.706
3.833
4.198
5.393
4.973
3.300
4.740
2.972
4.990
6.246
5.581
2.692
5.699
5.618
5.395
6.535
4.863
4.964
5.980
6.464
5.530
4.931
4.461
6.469
3.127
4.692
4.539
6.321
7.138
5.655
5.366
4.720
6.556
5.722
5.995
3.694
7.637
6.229
6.535
5.574
4.281
4.618
4.812
4.904
6.413
5.364
6.029
3.713
6.856
2.692
3.510
4.477
6.242
6.543
5.468
4.013
7.754
2.993
5.863
5.874
6.065
6.903
5.629
5.225
3.937
3.905
5.416
5.600
5.654
5.350
3.745
6.750
6.842
5.977
4.554
4.076
7.657
5.754
5.745
5.106
5.016
4.777
6.291
5.640
4.667
7.657
4.677
6.007
5.754
5.600
5.133
4.391
6.520
4.624
6.667
6.162
6.533
4.483
4.235
5.697
6.897
4.876
4.013
4.411
5.388
6.609
7.172
6.533
4.670
4.011
3.741
4.164
5.113
3.271
5.060
4.831
4.676
5.429
5.0
5.945
5.859
5.111
6.155
4.564
6.126
6.514
5.433
4.086
4.967
7.214
4.855
6.359
3.0
4.704
5.174
6.432
4.835
4.768
5.459
4.330
4.727
6.093
4.850
3.802
4.815
5.941
3.296
4.772
5.489
6.715
3.971
4.953
3.642
2.584
5.274
4.916
4.588
2.030
6.011
4.527
5.741
5.263
4.862
3.987
5.218
3.828
5.522
4.153
4.784
3.821
6.871
3.543
7.105
4.749
5.859
3.369
3.788
3.104
4.422
6.689
5.0
4.682
4.896
6.151
6.0
4.111
6.733
6.085
4.645
5.832
7.311
4.507
5.489
6.885
3.371
5.688
7.264
8.026
7.420
6.561
4.0
6.196
6.291
6.777
5.898
6.452
4.774
6.422
4.034
7.275
7.682
6.375
5.096
7.105
8.466
5.423
7.110
5.515
7.280
8.653
6.312
5.914
5.844
5.823
7.341
4.501
7.562
6.458
8.827
8.217
5.828
6.538
8.262
8.218
6.853
7.606
5.589
7.835
6.794
7.895
5.812
6.059
7.279
6.196
5.859
6.460
7.288
5.945
4.531
4.912
5.622
3.958
7.011
6.627
6.867
6.233
6.466
7.133
3.932
7.620
6.462
7.057
7.176
5.393
5.600
4.828
6.356
7.167
8.211
5.489
3.945
5.358
8.300
8.515
6.377
4.313
7.322
9.665
5.489
6.407
6.671
4.188
5.831
6.805
6.055
6.746
8.350
5.637
7.702
7.405
7.138
6.494
5.545
7.405
5.805
7.941
7.243
7.119
2.749
6.445
5.894
6.627
5.375
4.248
3.770
7.275
7.992
7.091
7.697
4.333
6.217
5.130
4.034
7.167
4.238
6.609
6.649
6.271
7.291
6.763
7.790
6.417
6.221
5.500
4.990
5.820
6.721
5.839
4.095
7.186
7.422
7.728
8.416
4.821
6.296
4.724
7.148
5.712
5.003
4.351
5.123
6.841
7.724
5.443
5.709
4.515
4.648
4.901
5.678
7.243
6.325
5.357
5.585
3.856
4.876
6.755
5.800
5.556
3.816
7.420
6.101
7.266
6.071
5.497
5.694
7.530
5.718
6.250
6.391
6.931
6.230
8.076
5.400
8.449
7.077
6.720
3.730
5.669
3.340
7.390
7.682
6.168
7.044
6.520
8.217
6.919
6.773
8.957
6.094
7.667
3.448
2.528
2.027
3.403
3.421
1.881
3.078
2.513
3.677
3.251
2.742
2.338
2.351
2.597
3.034
3.512
2.721
2.081
3.294
2.016
3.446
3.790
3.469
1.830
3.133
3.652
2.468
4.153
3.586
3.098
4.405
3.995
3.512
3.228
2.697
3.974
1.627
3.432
3.501
4.186
4.144
3.492
2.633
3.491
3.787
3.254
3.669
2.490
4.539
3.224
2.949
3.728
3.675
4.980
3.287
2.681
3.907
2.712
2.945
2.267
3.453
2.157
2.953
2.822
2.598
3.0
3.158
2.681
4.211
1.491
3.050
3.322
2.781
3.349
3.258
3.082
1.894
2.392
2.988
3.191
2.793
2.567
1.838
3.457
3.414
3.100
2.578
2.649
3.718
2.916
3.164
2.513
2.781
2.455
3.138
2.528
2.190
4.302
3.716
3.775
3.432
2.867
2.810
2.829
2.992
2.592
3.955
3.125
3.905
2.026
2.146
3.150
4.095
2.482
2.362
1.439
3.900
3.538
3.704
3.063
1.988
2.630
2.376
2.081
3.050
1.816
2.924
2.804
2.922
3.545
3.249
4.114
3.296
2.512
3.179
3.012
2.445
3.780
2.834
2.489
3.672
4.200
3.441
3.785
2.035
2.767
2.798
4.584
2.507
3.044
3.113
2.004
2.994
3.836
2.865
3.349
2.178
3.309
2.098
2.318
3.177
3.446
3.209
4.365
2.237
1.965
3.600
3.014
2.750
1.547
3.748
2.785
3.859
3.194
3.451
2.603
3.111
2.990
2.851
2.312
2.990
2.224
4.868
2.361
3.432
2.573
3.148
2.690
2.146
1.256
3.175
3.676
3.074
3.044
2.706
3.728
3.441
2.571
4.612
3.247
2.289
3.808
4.497
2.893
3.364
4.656
2.437
4.197
5.615
5.754
4.660
3.815
2.143
4.636
4.440
4.768
3.741
3.976
3.044
3.897
3.446
5.941
5.197
3.311
3.808
4.509
4.963
3.464
5.552
3.483
5.478
6.071
4.206
4.561
3.704
5.073
4.270
2.298
4.068
3.471
5.345
4.997
4.585
3.284
4.949
4.650
4.208
4.614
3.751
3.887
4.588
3.978
3.478
4.069
4.195
4.127
3.538
4.008
4.377
4.064
3.432
3.044
3.444
2.434
5.645
5.362
4.139
5.422
4.870
3.616
4.114
4.840
4.903
5.973
5.192
3.890
3.094
3.480
5.190
5.277
5.231
4.240
2.674
3.600
5.764
5.801
4.128
2.614
5.544
6.167
5.545
3.600
5.638
2.822
5.267
5.644
4.695
4.631
5.511
4.295
5.965
4.105
4.673
4.829
5.312
4.374
3.962
6.237
5.988
5.697
2.330
5.604
6.093
4.288
4.705
3.884
3.113
5.728
5.634
5.467
5.017
4.272
4.063
3.912
3.068
4.142
3.399
4.270
4.225
4.692
5.514
4.237
5.489
4.542
4.829
5.503
4.812
5.106
6.473
4.267
3.430
5.429
6.192
6.777
5.003
4.660
5.902
3.738
6.180
6.789
5.079
3.496
4.539
7.106
7.214
3.711
5.033
4.599
4.255
3.818
5.026
6.702
4.897
5.111
4.442
3.569
4.948
5.874
5.128
3.626
3.457
5.976
4.506
6.750
5.200
4.521
3.417
5.727
4.095
5.211
5.964
4.005
4.554
4.509
5.172
5.832
4.816
4.947
2.718
4.939
2.947
6.490
5.832
5.489
5.183
4.316
6.267
5.267
5.263
6.486
3.818
4.161
