5.317
5.782
5.132
6.083
7.740
6.801
4.979
5.840
4.603
5.232
5.450
6.601
5.501
5.430
5.395
5.353
5.074
4.560
2.890
4.007
5.681
5.199
5.514
3.993
5.514
5.829
5.032
4.327
5.267
5.476
5.293
4.094
5.004
5.229
5.141
5.989
4.712
4.661
5.705
5.502
4.958
5.980
5.302
2.322
4.746
4.900
4.494
5.941
5.819
5.602
4.898
5.089
5.150
2.535
6.025
4.837
6.281
4.397
4.417
4.832
5.088
6.385
5.616
5.341
4.955
5.419
4.553
5.120
5.281
3.238
3.632
5.965
5.339
5.294
5.882
4.726
5.220
5.523
4.774
4.362
6.245
5.259
4.866
5.491
4.996
3.566
5.319
5.611
4.854
6.385
5.241
5.494
4.958
4.837
5.640
4.459
3.656
5.428
5.848
4.979
4.587
4.586
3.715
5.620
4.731
5.245
5.109
6.333
6.035
4.988
5.509
3.990
5.486
5.458
5.233
5.004
4.686
5.088
5.769
4.579
5.693
4.829
4.682
5.673
5.974
5.809
5.237
5.180
5.263
6.038
5.008
5.050
6.013
5.329
5.381
4.955
4.902
3.030
4.601
5.546
5.578
5.268
5.259
4.734
5.224
5.662
4.437
5.800
4.382
5.877
5.518
4.380
5.079
5.148
5.635
4.805
5.351
2.399
5.311
4.940
5.246
5.263
4.841
4.599
4.987
5.276
5.614
4.878
5.528
4.586
2.397
5.029
4.979
4.114
5.376
4.260
5.233
5.151
5.376
6.078
4.858
5.392
4.738
5.029
4.841
4.685
5.806
6.107
5.051
4.542
5.063
3.113
4.425
5.698
5.281
4.480
5.665
4.428
5.838
5.299
5.824
5.642
5.149
5.674
6.457
6.749
5.008
5.356
5.596
5.588
5.613
5.472
5.645
5.155
5.443
4.459
5.977
6.205
5.949
2.557
4.819
4.579
4.493
5.643
4.971
5.863
6.167
5.686
5.831
7.085
5.353
5.514
5.666
5.588
5.971
5.477
5.298
5.582
5.777
6.198
5.343
5.225
5.833
4.130
2.832
6.465
4.819
6.058
5.634
7.077
6.155
5.779
4.959
5.085
3.061
6.908
5.750
5.367
3.462
6.744
6.639
5.695
6.224
5.853
5.976
6.300
4.903
5.174
6.116
7.085
2.725
6.129
6.478
5.764
5.970
5.578
6.514
5.075
6.740
6.339
5.907
5.624
5.620
5.514
5.546
6.081
4.754
6.683
5.556
5.966
6.224
5.004
5.071
5.797
6.589
5.912
3.086
5.974
6.255
6.266
5.662
6.145
5.992
5.004
6.194
5.537
5.523
6.942
6.235
5.902
6.218
6.333
6.172
6.035
5.750
5.980
6.633
6.411
6.214
6.134
6.028
6.481
5.659
6.446
6.112
6.355
6.733
6.529
6.081
7.047
5.971
5.684
5.135
6.119
6.711
5.957
5.833
5.877
3.791
6.433
4.412
5.753
5.707
4.448
5.877
5.951
6.086
4.854
6.281
4.334
5.882
6.018
5.688
5.444
6.086
6.119
5.906
4.276
4.600
6.401
6.136
6.177
6.611
6.711
6.229
6.830
6.511
6.081
6.033
4.841
5.363
3.259
5.707
5.833
5.936
5.882
6.184
5.902
6.150
6.265
5.495
5.998
5.668
5.333
5.772
5.601
6.591
5.852
5.338
4.731
5.993
5.353
2.721
5.679
5.206
5.410
5.334
5.068
5.774
6.171
5.111
5.847
6.205
4.301
5.237
5.364
4.330
4.964
5.093
5.414
4.746
5.700
5.361
5.516
5.089
5.195
4.907
4.979
6.596
4.762
2.566
5.090
4.475
4.327
4.703
5.286
5.267
5.395
5.845
5.737
4.793
4.793
4.785
4.710
4.396
4.730
4.384
5.333
5.610
4.950
5.341
5.186
4.789
4.762
5.455
2.725
5.224
4.321
4.750
4.979
5.405
5.037
5.752
5.237
4.789
1.869
5.169
4.866
4.634
5.839
4.508
5.435
4.742
4.766
5.528
5.158
5.412
4.980
5.868
4.934
5.593
2.593
5.758
5.421
5.921
5.824
5.597
5.760
5.272
5.332
5.551
6.171
4.391
5.598
6.048
5.092
5.365
5.800
5.495
5.537
5.189
5.381
4.996
5.172
5.634
5.162
5.892
2.855
4.666
5.057
5.367
5.611
5.316
5.742
4.668
5.220
4.293
5.132
5.050
5.579
4.921
5.671
5.828
4.798
4.854
5.606
5.583
5.054
5.334
5.848
4.895
4.163
5.643
4.682
5.049
5.008
5.276
5.250
4.959
5.072
6.076
4.778
5.408
6.487
5.066
6.255
5.444
5.197
5.579
2.553
5.556
4.660
5.616
5.523
4.593
5.171
4.996
5.750
4.926
5.664
3.236
5.408
4.809
5.574
4.600
5.181
5.514
5.471
3.504
5.366
5.310
4.726
6.538
5.333
5.435
6.516
5.528
6.131
5.462
5.092
5.365
6.029
2.974
5.795
5.360
5.477
5.476
3.758
5.198
5.387
5.276
4.975
4.996
4.583
5.814
5.041
5.152
3.679
6.332
4.455
5.873
6.240
5.902
3.081
4.770
5.828
4.561
5.729
4.770
4.770
5.281
6.223
4.610
5.181
4.415
6.637
4.815
5.744
5.229
5.0
5.660
5.634
5.128
4.758
5.183
5.392
6.210
5.334
4.778
4.334
2.880
6.101
4.239
4.571
5.873
5.132
4.940
4.918
5.254
5.083
5.109
5.004
5.863
5.367
5.105
5.616
5.471
5.560
5.324
5.323
5.509
5.276
4.910
5.931
4.880
2.341
4.832
5.246
4.180
5.519
5.877
5.175
5.537
6.149
5.320
2.595
5.700
5.583
5.574
4.509
5.097
5.560
5.410
6.093
5.066
5.029
5.584
6.041
5.556
5.289
4.988
2.759
5.071
4.530
4.925
5.100
4.694
5.459
5.858
5.250
5.927
5.623
5.785
6.045
5.224
6.491
5.294
3.438
5.527
4.722
4.377
4.583
4.988
5.250
5.013
5.804
5.853
3.554
4.260
4.478
6.401
5.107
5.066
4.738
5.632
5.316
3.490
6.071
5.220
5.246
5.565
6.260
4.967
5.902
6.083
5.132
4.707
5.432
5.519
5.981
5.681
3.748
6.580
4.872
5.629
4.852
5.523
5.776
5.642
6.399
5.385
5.774
5.560
6.656
5.356
5.428
5.177
5.523
4.712
3.083
4.734
4.146
4.902
5.602
4.448
5.365
5.844
5.051
5.334
5.156
5.116
5.324
4.908
4.922
5.726
6.038
6.098
5.092
5.551
3.111
5.607
5.990
5.046
6.204
5.882
4.888
5.975
5.974
5.976
5.482
5.079
4.904
3.409
5.085
5.460
4.500
4.722
4.390
5.307
5.421
5.906
5.981
5.965
5.367
5.820
5.946
5.692
5.065
4.988
4.334
5.403
3.710
4.908
3.695
3.834
5.139
5.858
5.102
5.887
6.428
5.058
5.201
5.285
6.151
4.523
5.195
4.295
4.475
3.940
3.812
5.507
3.858
4.462
5.519
4.923
5.551
5.796
4.968
4.902
5.012
4.670
3.472
2.790
4.758
4.560
6.179
4.303
4.355
4.799
5.251
4.594
5.038
4.115
4.280
4.910
4.561
6.198
5.821
4.962
4.615
5.922
5.263
6.281
6.028
5.560
5.882
3.659
4.025
4.992
5.577
5.017
4.851
5.184
5.565
4.722
5.424
4.941
3.139
5.833
5.337
5.338
4.375
5.620
5.868
5.635
5.168
5.045
4.821
5.128
4.504
5.630
5.205
4.878
2.147
5.464
5.046
5.660
5.038
6.728
5.820
5.158
4.971
5.726
4.702
4.963
5.374
4.333
5.051
5.008
3.658
4.882
6.385
4.722
5.941
4.530
4.538
4.866
4.228
5.686
2.411
6.400
4.603
5.150
4.384
4.667
5.394
4.288
5.272
5.782
5.657
5.008
5.183
5.504
5.211
5.394
5.523
4.810
4.774
6.020
4.870
4.738
4.882
5.691
5.435
5.616
5.824
5.276
5.085
4.663
4.926
5.813
4.572
5.171
5.294
5.726
4.837
5.021
5.686
6.076
4.685
5.376
2.939
4.734
4.088
4.822
5.263
6.529
6.005
4.651
4.677
5.650
4.479
4.705
5.907
6.046
6.478
5.446
5.255
5.130
5.602
2.729
5.100
5.357
5.707
5.950
5.660
6.281
6.131
4.793
5.460
4.667
5.588
5.289
3.885
4.150
5.428
4.667
5.473
5.045
5.028
5.199
5.514
5.189
5.259
5.514
5.426
5.878
6.119
5.050
4.781
5.970
4.259
4.266
5.088
6.207
2.468
5.268
5.004
5.757
4.992
5.878
6.583
6.742
5.241
5.180
