2.405
2.271
1.864
3.0
2.679
2.128
2.507
2.809
2.450
3.051
3.351
2.744
2.394
2.726
1.856
1.858
3.254
2.483
2.617
3.224
2.633
3.030
3.131
3.144
2.953
3.163
2.853
3.213
2.961
3.427
3.962
2.748
2.754
2.846
2.809
2.903
2.735
2.665
2.439
2.937
1.658
2.109
1.636
2.288
2.416
2.898
3.555
2.274
3.049
3.150
2.523
3.399
3.163
3.006
2.844
2.122
1.865
2.322
2.477
2.965
3.696
4.321
3.954
3.256
3.779
3.347
3.161
2.573
2.419
2.838
2.005
2.941
3.636
4.005
3.309
2.963
2.665
2.754
2.670
3.446
2.126
2.329
2.630
2.458
2.347
3.356
2.874
3.418
3.353
3.874
3.576
2.980
2.933
2.661
3.264
2.813
2.493
2.667
2.282
2.583
3.241
1.706
1.837
2.813
3.872
3.056
2.937
3.974
2.957
4.211
3.295
3.129
3.517
2.540
3.148
3.275
2.819
2.796
3.758
3.160
3.165
2.737
2.796
2.411
3.746
3.360
3.552
4.333
3.360
3.018
3.369
3.427
3.293
3.256
2.470
2.637
3.495
3.067
3.081
3.928
2.067
2.583
2.039
2.527
2.840
3.681
3.089
3.411
3.662
2.341
3.079
3.206
3.089
2.532
4.318
2.557
2.880
2.723
2.037
2.836
2.647
1.991
2.273
2.855
3.458
2.896
3.441
2.566
2.101
3.488
2.853
2.870
3.911
3.893
2.953
3.803
2.341
3.476
3.605
3.100
3.555
4.223
2.665
2.819
3.142
2.274
2.838
2.968
1.516
3.270
4.488
3.518
3.786
3.813
3.997
3.186
3.091
3.100
3.892
4.407
2.472
1.043
1.980
1.031
1.426
1.038
1.239
1.628
1.305
0.846
1.798
2.354
0.849
1.551
1.097
0.714
1.495
1.235
0.968
1.241
1.979
1.495
1.239
1.360
1.716
1.367
1.772
0.837
1.620
2.030
1.309
2.164
1.233
1.434
1.373
1.758
0.711
1.439
1.843
1.294
1.300
1.513
1.095
1.164
1.365
0.965
1.706
2.344
0.903
1.706
1.630
1.757
1.627
1.428
1.363
1.765
1.235
0.903
0.978
1.097
2.353
1.966
1.294
1.228
1.761
1.837
1.040
1.169
1.297
1.436
1.702
1.232
1.044
1.585
1.842
1.357
1.705
1.473
1.760
1.290
1.786
0.904
1.300
1.741
0.647
0.968
1.752
1.365
1.582
1.232
1.838
1.919
1.700
1.030
1.045
1.226
1.832
1.495
1.486
0.905
1.819
1.900
0.773
1.226
1.424
1.865
1.628
1.365
0.914
1.618
2.316
1.565
1.368
1.036
1.381
1.963
2.093
1.420
1.515
1.756
1.431
1.379
1.041
0.977
1.572
1.233
1.422
1.761
1.887
0.975
1.385
1.823
1.510
1.444
1.425
1.100
1.621
1.818
1.242
1.749
2.016
1.311
0.976
1.027
1.285
1.439
1.909
0.972
1.495
1.379
1.881
2.206
1.536
0.849
1.180
1.579
1.229
0.843
1.672
1.301
1.895
1.482
0.899
1.493
1.628
1.900
1.227
1.362
1.768
1.170
1.573
1.106
1.761
1.776
1.497
1.557
1.362
1.367
1.512
1.169
1.575
1.658
1.836
1.434
1.366
1.232
1.353
1.699
1.340
1.220
1.768
2.289
0.903
2.016
1.746
1.487
1.565
1.110
1.288
1.781
2.347
1.306
1.424
1.029
0.975
0.901
1.037
1.233
1.235
1.029
1.170
1.625
1.551
1.216
1.355
1.027
0.898
1.102
0.972
0.841
2.027
1.231
1.368
1.047
1.038
1.233
1.430
1.225
1.163
1.578
1.034
1.189
1.499
1.261
1.053
1.489
1.093
1.304
1.104
0.970
0.973
0.964
0.905
0.645
1.164
0.841
1.038
1.560
0.774
0.913
1.567
1.100
1.503
1.158
1.235
1.362
0.901
0.969
0.584
1.038
1.426
1.491
1.240
1.032
1.040
1.688
1.235
1.036
1.107
1.031
1.427
0.907
1.036
1.621
1.635
1.170
0.971
1.108
1.092
1.226
1.354
0.913
1.227
1.476
0.774
0.973
1.413
1.432
1.040
1.682
0.780
1.502
1.235
1.549
1.029
1.291
1.558
1.300
1.488
1.103
1.029
1.697
0.773
0.960
1.232
1.980
1.051
1.104
1.232
1.237
1.575
1.241
1.031
1.498
0.845
1.487
1.105
1.366
0.972
1.429
1.044
1.300
1.028
1.171
0.902
1.562
1.355
1.424
1.677
1.161
1.235
1.632
1.368
1.552
1.292
1.167
1.040
1.828
1.295
1.304
1.298
0.974
0.972
1.167
0.579
1.369
1.633
1.050
1.304
1.365
1.493
1.365
1.300
1.038
0.840
1.441
1.483
1.162
1.100
1.040
1.033
1.370
0.961
0.774
1.360
1.308
1.430
1.354
1.559
0.838
1.752
0.839
0.909
1.766
1.042
1.220
1.631
0.706
1.227
1.239
1.366
0.978
1.902
0.975
0.708
1.633
1.105
0.970
1.235
0.827
1.421
2.175
1.031
0.911
1.164
1.491
0.646
1.109
1.233
0.975
1.501
0.969
0.778
6.950
6.228
7.413
6.992
5.552
7.495
7.787
7.531
7.860
9.427
7.787
6.105
6.573
5.742
4.762
7.807
7.461
8.093
8.768
8.186
9.065
8.026
7.588
8.357
9.322
7.350
7.775
8.794
8.529
8.745
8.310
7.021
7.477
7.838
7.265
7.368
8.221
7.698
6.913
6.371
6.354
4.523
5.513
6.562
8.125
8.834
6.870
8.553
9.844
7.528
8.751
9.176
7.460
8.120
6.492
5.973
5.590
6.634
7.930
9.027
8.327
7.556
8.131
7.572
8.537
7.486
6.685
6.389
7.087
7.343
7.737
7.926
8.782
7.518
7.876
8.191
8.051
5.994
9.053
6.001
6.364
5.911
6.699
5.821
8.476
8.815
8.592
9.091
8.251
7.980
8.133
7.066
6.492
7.390
8.315
7.654
8.250
7.243
5.882
7.358
3.961
4.962
6.733
8.494
7.637
7.133
8.393
7.637
9.032
8.902
7.989
8.298
7.252
8.363
9.205
8.520
7.270
8.500
8.723
7.097
7.259
6.497
6.858
8.481
8.500
8.327
8.221
6.897
8.994
8.914
7.792
7.579
8.897
7.687
7.488
9.034
7.912
7.589
9.355
6.732
6.158
5.112
5.903
8.083
8.656
8.102
7.616
9.366
6.306
5.199
7.920
7.098
6.099
8.421
7.278
6.341
5.318
5.296
6.193
6.142
5.319
4.772
6.332
8.469
7.803
8.541
9.474
5.199
7.627
7.975
6.644
8.767
8.292
7.188
8.627
7.345
8.006
9.384
8.100
8.746
8.958
7.447
7.747
7.108
6.863
6.551
6.662
4.976
8.754
9.429
7.465
7.553
8.530
7.648
8.129
7.977
7.983
8.286
8.976
7.310
6.746
4.506
4.576
5.989
6.135
4.950
7.221
6.486
5.808
6.383
6.026
6.152
6.216
5.914
4.307
5.409
4.665
7.260
5.123
5.819
6.653
6.887
8.027
6.975
6.127
7.973
7.594
6.885
7.075
6.305
7.311
6.419
6.327
6.933
6.667
6.390
6.983
6.057
7.503
7.207
5.063
5.418
5.503
4.097
6.028
6.083
8.294
5.044
6.846
6.892
6.134
5.894
7.377
6.288
6.911
6.165
5.003
5.034
5.385
4.643
6.975
5.567
6.195
5.854
7.390
5.503
6.777
6.104
4.450
5.479
4.640
6.350
6.507
8.936
8.097
6.840
6.726
5.472
6.598
6.034
5.556
4.963
4.186
3.610
4.674
5.582
6.685
7.464
7.682
7.417
6.263
7.048
6.301
5.874
6.447
5.882
6.467
6.744
7.041
6.212
4.561
5.995
4.814
5.263
6.621
7.517
6.129
6.373
5.416
6.194
7.143
6.690
6.667
5.378
7.564
7.780
6.602
6.276
6.052
6.403
6.735
6.271
5.350
4.909
5.981
7.724
7.352
6.438
5.559
7.177
6.996
7.055
8.219
6.194
5.680
6.996
7.628
6.985
7.211
7.566
6.543
4.333
2.759
4.653
5.177
7.517
7.182
7.197
8.132
7.661
3.605
5.609
6.306
5.514
6.535
5.458
5.878
7.143
5.802
7.322
6.644
6.215
4.005
4.443
4.797
6.233
5.951
6.042
7.080
4.512
6.069
5.285
6.901
7.078
6.593
6.564
5.492
5.567
7.423
6.083
5.818
6.039
6.121
6.186
5.842
3.954
4.990
4.637
4.201
3.878
6.427
5.632
4.651
6.950
5.260
6.443
6.186
7.158
7.031
5.968
6.207
5.716
