4.175
6.729
5.689
2.706
5.926
5.749
3.679
4.881
6.596
5.481
4.144
4.509
6.618
7.138
2.495
5.795
4.415
7.181
2.874
4.743
6.271
4.593
3.268
5.450
4.953
3.834
5.126
3.723
2.437
5.502
5.149
3.340
5.087
3.882
5.507
6.042
3.342
4.016
2.247
4.313
5.634
5.556
3.925
5.843
6.897
4.733
4.310
4.437
5.741
3.640
4.893
3.100
4.038
6.212
4.110
4.330
3.777
6.221
7.790
4.008
4.637
4.167
4.933
4.223
4.730
7.322
4.098
7.687
5.003
5.253
1.910
2.737
3.576
4.252
4.909
4.910
4.927
4.778
5.726
2.551
6.486
2.008
3.709
3.170
4.573
3.984
6.560
4.005
5.007
2.982
6.892
5.040
4.573
3.475
5.434
4.461
6.421
3.663
4.461
5.416
6.997
6.307
5.504
5.519
3.558
7.503
4.759
2.673
4.194
5.968
7.610
7.023
6.795
3.226
7.233
5.951
1.955
8.300
4.954
4.759
5.046
5.306
5.980
6.254
4.973
2.362
5.184
7.273
7.278
5.997
7.0
8.151
3.505
1.162
3.738
2.365
5.452
6.288
5.455
4.271
5.682
4.244
4.059
3.923
3.289
4.829
3.823
8.272
4.377
6.229
6.967
7.738
4.513
6.426
4.026
2.571
5.652
3.634
6.548
6.830
6.926
6.512
4.557
7.651
3.135
5.197
6.379
5.925
7.138
3.876
7.119
4.161
4.944
5.960
4.548
3.628
3.609
4.582
5.890
5.249
4.560
4.845
3.813
3.416
6.363
3.610
5.774
6.324
4.251
5.960
4.705
5.808
7.955
4.642
4.561
3.423
6.312
6.143
4.066
3.826
4.613
4.424
6.225
5.123
3.230
5.902
4.880
3.610
4.704
5.867
5.457
3.303
5.027
6.581
7.009
2.621
4.290
5.206
6.820
2.495
5.316
5.938
4.642
2.964
5.794
3.102
4.088
6.151
4.921
2.743
5.047
6.312
4.247
5.492
5.567
7.728
4.612
5.159
3.391
3.085
4.660
7.157
4.671
4.456
5.288
6.200
5.337
3.889
5.125
6.409
4.040
4.528
3.831
5.062
6.158
2.820
4.901
3.801
7.001
6.924
4.220
6.116
4.842
6.172
4.980
5.786
6.389
4.425
8.029
6.192
6.057
2.544
3.213
5.302
5.703
5.113
6.034
5.302
4.730
7.780
3.249
6.653
2.671
4.708
5.497
4.322
5.253
8.251
5.974
4.964
3.923
8.311
5.007
4.964
4.164
5.288
5.199
7.005
3.981
6.001
5.760
8.583
7.056
6.944
5.420
5.438
9.097
4.317
3.166
4.641
6.208
7.697
6.467
7.472
4.040
7.584
5.356
3.158
8.539
4.255
4.181
6.383
6.667
7.483
6.640
4.724
3.026
5.299
8.278
7.739
7.383
7.090
6.484
4.579
1.770
4.278
2.021
6.922
7.325
4.640
5.952
6.196
5.444
5.629
2.746
5.390
4.172
4.394
7.677
5.364
6.297
8.161
7.968
5.138
5.906
2.571
4.382
6.292
2.995
7.014
7.257
8.005
5.863
4.615
6.756
4.470
5.418
5.072
8.117
6.791
5.585
8.117
3.194
6.055
6.622
3.781
3.362
3.950
4.800
7.952
5.855
5.942
4.048
3.940
3.391
7.090
5.733
5.088
6.644
4.322
6.387
3.635
6.711
8.190
4.787
5.952
2.962
7.335
7.743
3.604
4.327
4.997
5.567
3.859
2.395
4.711
5.793
3.137
5.285
6.320
4.620
6.789
4.153
5.585
5.703
2.868
4.990
4.425
5.921
3.663
3.876
5.842
4.111
3.255
4.388
5.820
2.678
4.765
4.359
3.125
2.999
5.337
4.237
5.288
3.373
5.769
5.650
3.234
3.524
2.852
2.180
5.478
4.620
3.416
3.938
5.778
3.907
4.600
3.257
4.406
3.828
5.957
2.727
4.175
4.815
3.609
3.068
4.128
4.296
6.355
3.586
4.806
3.956
3.622
3.974
3.366
4.299
3.448
4.497
4.953
4.727
1.845
3.548
4.052
3.191
4.910
4.178
4.222
3.846
4.192
2.250
5.197
2.670
3.325
3.076
3.254
3.259
5.863
3.966
3.121
2.497
4.727
4.043
3.667
2.611
3.624
3.736
5.166
3.309
3.150
3.393
5.074
4.976
4.184
3.851
3.103
6.817
4.034
1.231
3.718
3.138
4.305
4.705
5.871
3.080
4.821
5.063
1.093
5.792
5.108
3.170
4.359
4.690
4.609
4.622
4.480
2.027
2.706
6.233
5.556
4.752
4.473
6.427
3.711
1.633
3.655
2.485
4.066
6.415
5.288
6.305
4.784
5.260
3.616
3.694
3.550
3.355
2.500
6.702
3.755
5.013
5.302
6.588
4.169
5.263
3.839
2.274
4.527
3.602
4.408
5.221
6.114
5.559
3.937
5.436
2.706
3.410
4.963
4.200
6.132
2.980
5.582
3.968
3.777
6.156
3.630
3.654
2.818
3.298
5.871
4.799
4.411
2.770
3.430
3.826
5.312
3.816
3.407
3.267
3.501
4.278
4.071
4.382
6.133
4.342
3.160
3.467
4.371
4.692
4.188
3.020
4.0
2.097
7.780
8.085
5.650
6.812
8.016
5.650
6.384
7.497
7.148
7.497
4.778
7.841
9.036
6.437
5.625
6.179
7.933
8.278
3.593
7.859
9.007
6.325
4.892
7.806
4.167
7.090
6.943
5.600
2.966
8.450
8.849
4.963
6.600
7.520
8.289
5.972
7.533
4.359
5.221
6.808
8.786
5.358
5.982
7.281
7.543
7.604
4.799
7.708
8.730
5.563
4.993
5.737
6.366
9.103
3.543
7.759
4.581
9.253
8.585
6.424
7.100
6.428
7.733
6.609
7.210
6.952
5.007
8.502
7.749
5.794
5.020
4.990
6.871
6.858
4.398
9.018
4.870
5.414
7.114
5.692
6.917
2.616
6.011
6.271
4.034
7.038
7.177
5.256
4.155
6.604
8.428
5.712
5.489
4.412
6.552
5.500
7.008
5.669
6.091
7.604
9.103
8.158
6.267
3.831
8.755
8.539
3.920
5.246
5.497
7.620
8.766
7.724
8.435
6.733
9.259
5.197
5.987
10.047
4.987
6.846
5.819
8.099
8.847
7.616
4.554
6.262
7.997
9.927
9.284
8.816
9.310
8.812
4.807
4.138
5.242
4.878
9.358
8.545
6.217
5.933
9.079
5.545
6.733
5.186
5.193
5.099
6.794
8.144
6.503
8.305
9.854
8.013
6.387
7.955
4.397
5.946
7.766
3.259
9.236
8.395
10.007
7.482
6.830
7.425
4.189
7.867
5.563
9.310
7.580
6.316
8.300
4.430
9.383
6.910
6.707
4.599
5.224
7.301
8.119
6.087
5.007
6.171
5.263
5.393
7.219
6.192
5.981
8.672
4.477
6.876
5.882
9.853
8.681
6.250
7.034
4.947
8.267
8.466
4.244
5.871
4.441
4.950
4.612
3.241
3.839
4.743
3.316
3.092
4.825
4.781
5.405
3.062
4.479
5.475
4.032
2.690
4.408
4.806
5.382
2.184
6.275
5.036
3.655
2.594
4.914
2.596
4.079
3.890
3.236
1.905
4.883
6.121
3.289
4.446
4.414
6.065
3.614
3.800
2.219
2.712
4.147
5.407
3.623
5.504
3.416
4.740
4.319
2.224
4.618
4.746
3.349
3.194
2.846
2.900
5.567
2.389
4.270
2.387
5.391
5.445
4.0
3.519
3.389
4.325
3.230
3.571
4.288
3.028
5.043
3.462
4.246
2.283
2.381
3.706
4.011
2.381
5.097
2.644
3.696
4.914
2.261
4.973
1.428
3.692
3.622
2.421
4.153
3.260
2.681
2.683
3.079
5.387
3.569
3.353
3.188
3.828
3.362
4.727
2.690
2.625
3.684
4.588
5.413
3.706
3.297
4.491
5.106
2.167
2.479
3.009
4.736
4.628
4.237
4.424
2.902
5.980
2.790
3.164
5.362
3.129
3.593
3.010
3.949
5.087
3.550
2.436
2.109
4.264
5.660
4.368
4.625
4.536
4.449
2.972
1.291
3.385
1.967
5.185
5.459
3.806
3.839
5.090
4.257
3.532
2.566
2.859
3.567
4.147
6.029
3.342
4.272
5.722
5.441
3.513
4.525
1.952
2.767
4.561
1.700
5.956
5.617
5.788
4.699
3.579
4.050
2.561
4.444
3.217
5.496
5.132
4.606
5.239
2.861
5.703
4.037
3.102
1.971
2.880
4.076
4.921
3.882
3.475
4.302
2.616
2.978
4.904
2.865
3.950
4.446
2.881
4.714
3.968
5.548
5.515
2.449
4.319
2.378
5.350
5.428
2.092
3.519
2.637
