6.596
6.229
7.053
4.161
4.365
5.709
4.743
4.243
6.680
6.275
6.441
5.328
5.500
6.229
6.067
5.132
6.999
6.083
5.956
5.504
5.496
5.886
5.249
6.622
4.560
5.376
7.338
6.565
5.977
5.586
5.585
4.704
4.980
5.545
6.075
6.880
6.542
4.427
6.658
3.104
6.275
7.038
5.339
7.309
5.559
7.569
5.574
4.950
6.091
6.890
5.253
4.778
6.142
6.296
5.622
6.121
3.791
5.050
5.533
6.250
5.678
4.354
5.232
4.707
6.144
5.472
5.965
4.950
6.565
5.221
5.361
6.332
7.748
5.855
5.709
5.220
6.212
6.676
4.462
2.477
6.324
7.754
3.692
4.880
7.129
7.110
4.894
4.781
4.305
6.213
6.413
4.333
6.389
5.319
6.131
5.420
4.854
5.393
7.930
7.677
5.674
6.460
8.261
6.505
4.548
5.799
6.912
7.931
6.309
5.418
6.250
6.417
5.707
4.274
5.362
7.900
6.645
4.145
5.270
5.471
7.246
6.494
4.718
4.011
7.487
8.173
6.919
7.647
7.246
5.632
7.016
4.397
5.242
6.179
7.185
5.182
7.966
7.912
7.881
5.256
4.627
5.347
6.894
6.636
5.925
4.826
8.361
4.928
3.254
5.855
7.014
5.995
5.207
5.420
7.472
6.689
5.486
5.373
3.460
5.080
7.754
6.578
4.293
6.288
7.748
4.506
4.674
4.933
8.284
4.797
6.469
6.512
7.143
6.623
7.246
5.274
4.458
7.738
6.288
8.174
6.560
6.596
6.824
5.588
3.571
7.115
6.250
5.902
6.676
6.124
6.308
7.672
5.067
4.064
4.781
5.782
5.902
5.478
4.835
6.221
2.611
4.158
5.427
5.201
3.373
5.526
5.370
4.746
4.602
5.121
6.640
4.961
4.194
6.319
5.356
4.539
5.256
5.103
4.931
4.883
4.671
5.988
4.411
5.430
4.430
4.630
4.388
5.617
4.765
4.778
5.284
5.194
3.871
3.905
3.874
5.312
3.920
3.797
3.915
2.932
4.362
5.378
5.193
4.048
4.818
5.138
4.570
4.512
3.912
6.337
4.351
3.402
4.841
3.512
4.334
4.097
5.086
2.683
4.721
5.778
4.458
3.183
3.538
3.548
4.637
4.406
4.736
3.640
5.393
4.290
3.260
2.895
4.016
5.169
5.179
3.859
3.885
4.628
3.228
1.423
4.189
4.473
4.331
2.765
5.414
5.316
5.530
3.154
2.441
4.841
5.405
3.816
4.418
3.940
5.355
4.052
3.384
2.831
5.377
5.894
4.718
5.086
5.682
5.762
3.016
3.234
5.295
5.995
5.350
3.426
3.107
5.320
4.069
3.755
3.351
5.902
5.277
3.536
2.993
4.711
5.063
5.162
3.249
2.699
4.627
5.720
5.381
4.500
5.589
3.726
2.584
3.831
3.024
3.560
4.488
3.897
4.788
4.854
5.238
3.963
2.415
3.364
4.236
5.043
4.512
2.974
5.218
4.064
3.894
2.887
5.391
4.153
5.046
3.222
5.274
4.654
3.859
2.869
1.948
3.087
4.217
5.429
3.432
3.617
5.210
3.854
2.656
2.780
5.682
4.686
4.076
4.509
5.610
4.434
4.197
3.384
3.117
4.441
3.746
5.358
4.231
5.073
5.420
4.061
1.849
3.664
4.953
4.415
4.333
4.131
4.820
5.333
3.976
2.988
3.410
4.392
4.394
4.810
3.955
3.973
2.442
3.333
7.036
5.391
6.170
3.046
5.030
5.030
5.843
5.091
5.057
6.300
6.124
4.021
6.279
4.704
5.589
5.270
6.309
4.564
5.260
4.512
6.885
4.509
6.520
4.806
5.404
6.765
7.462
5.298
5.941
6.742
5.746
4.790
5.203
4.870
5.985
5.458
5.185
4.424
4.423
4.714
6.449
7.228
4.270
5.839
5.231
5.340
5.368
5.855
7.626
5.501
5.096
5.003
4.823
4.831
5.526
5.207
3.257
6.129
6.225
6.560
5.832
5.190
5.284
6.443
5.249
6.869
4.930
6.393
5.800
5.765
4.169
5.964
6.471
5.863
4.924
7.015
6.254
6.160
2.534
5.921
6.858
5.593
3.955
6.075
7.320
6.595
4.834
3.801
6.308
5.980
5.875
5.037
5.574
6.434
5.740
5.603
5.382
6.158
8.235
6.346
6.217
6.707
7.513
4.793
4.194
6.065
7.844
7.907
5.655
3.849
7.333
5.423
5.474
4.724
8.094
6.671
5.204
3.704
4.251
6.693
7.005
5.186
3.209
6.871
8.019
7.299
6.853
8.178
5.941
5.066
4.736
4.128
5.384
7.039
5.489
6.577
7.276
6.417
5.941
4.437
4.351
6.258
7.143
6.565
4.567
6.867
6.242
3.803
4.040
6.961
5.163
6.069
4.847
7.843
6.830
5.574
4.714
2.731
5.637
5.906
7.067
4.247
4.816
7.375
6.363
3.633
4.241
7.243
7.687
4.054
6.204
6.337
6.081
6.844
5.878
5.423
6.150
5.697
6.404
6.591
5.997
6.477
5.886
3.373
4.222
5.910
6.724
5.103
5.670
6.150
7.038
5.701
4.084
3.676
6.911
5.508
6.267
4.839
5.863
4.095
4.797
5.120
4.654
5.249
3.187
3.813
4.167
4.103
4.468
5.116
5.655
4.240
3.303
4.878
4.067
3.976
4.676
5.641
3.664
5.197
3.758
5.192
3.874
4.539
4.345
4.088
4.711
6.574
3.944
5.128
5.197
5.429
4.045
3.512
4.430
5.669
4.437
5.409
4.244
2.810
4.295
5.648
5.463
3.823
5.128
5.197
4.910
4.272
4.270
5.368
3.937
3.714
4.651
4.420
4.254
3.987
4.247
2.425
4.310
4.943
4.933
4.799
5.302
4.208
5.996
4.847
4.963
4.396
6.073
4.461
4.700
3.567
4.524
5.017
5.644
3.519
4.884
5.805
5.003
1.435
3.780
6.254
5.163
3.018
4.203
6.162
5.149
3.322
2.513
5.013
4.963
3.444
4.503
4.482
4.826
3.756
4.038
3.612
5.544
6.129
4.339
5.429
5.537
7.171
2.964
3.389
5.758
6.981
6.394
4.156
2.713
5.534
4.611
3.446
3.292
6.428
6.225
5.187
2.805
3.963
5.693
4.980
4.374
4.428
5.983
6.773
6.047
5.235
6.977
4.403
3.709
4.131
3.519
4.950
5.057
4.216
5.245
6.353
5.985
4.740
3.077
3.894
4.708
6.055
5.108
3.731
5.463
5.103
3.243
2.920
6.004
4.765
5.389
3.657
6.308
6.055
4.933
4.169
1.897
4.415
5.563
6.097
3.918
3.818
6.803
5.785
3.362
3.925
6.342
5.552
4.388
5.333
5.652
5.135
6.069
5.151
3.131
5.337
5.427
5.607
5.473
4.806
5.758
5.796
3.414
3.291
5.084
4.653
4.388
5.277
5.140
6.242
5.093
3.953
3.307
5.424
4.080
5.463
4.806
5.655
2.870
3.689
7.388
8.361
5.918
4.094
6.887
6.864
5.397
8.200
7.728
8.084
7.900
7.477
7.790
7.553
5.890
8.311
7.470
6.480
7.138
6.864
7.365
7.028
7.790
5.413
7.495
8.199
7.698
7.900
7.388
7.766
7.500
6.933
5.178
7.548
7.975
7.728
6.288
7.167
3.775
8.350
8.953
7.971
7.225
7.960
8.496
6.165
7.239
6.680
8.451
6.486
5.663
8.267
7.056
6.057
7.167
6.266
5.647
7.941
8.473
6.766
6.689
8.221
6.079
8.200
7.348
8.227
7.100
9.018
7.518
6.339
6.057
8.491
7.733
8.289
7.442
8.226
10.166
6.413
3.115
8.189
10.802
5.270
6.604
8.938
9.854
8.966
6.075
5.918
7.904
9.416
6.363
7.835
7.283
9.295
7.307
6.609
6.079
10.224
9.400
8.367
8.609
9.900
8.667
5.753
6.040
8.545
9.840
8.733
6.841
5.256
7.718
6.536
6.689
5.705
8.094
7.273
4.644
5.894
7.498
8.117
6.931
6.337
6.026
8.614
8.016
8.027
8.155
7.872
5.641
5.827
6.411
5.567
6.707
7.930
5.665
7.620
7.671
8.356
6.460
4.496
7.090
8.030
7.553
8.843
6.040
8.620
6.254
4.950
5.582
8.079
7.380
7.206
6.685
8.552
8.238
6.572
6.927
3.927
5.827
7.671
8.539
4.832
8.099
9.847
6.275
5.906
5.882
9.390
5.954
6.864
7.755
8.999
7.022
8.810
6.985
5.590
8.625
7.473
8.869
8.594
8.681
9.514
8.980
4.552
7.056
8.849
8.798
7.739
8.061
8.184
10.007
7.495
5.235
7.568
8.745
8.273
9.707
6.482
9.333
3.086
7.523
