24.047
23.538
24.236
37.974
16.767
22.382
26.388
23.525
17.567
16.505
22.415
25.481
23.489
38.153
18.702
17.179
21.520
23.366
36.657
21.167
31.659
22.811
26.241
21.547
27.392
28.261
22.973
17.494
48.954
27.778
34.066
20.253
27.498
29.200
27.348
23.100
22.435
31.168
23.731
18.471
23.831
37.427
22.020
18.482
19.133
33.015
34.581
29.096
25.664
16.412
33.333
16.528
16.297
17.418
19.328
26.505
29.708
23.976
15.589
19.440
38.440
21.828
18.477
16.218
28.085
19.468
25.519
19.774
18.098
29.315
33.913
17.723
18.243
21.068
23.874
24.981
18.326
29.772
21.256
25.849
23.263
15.308
39.971
18.812
40.821
26.577
21.817
33.309
30.529
20.934
16.983
25.092
27.225
28.858
25.585
17.249
18.264
17.210
17.768
20.812
19.609
16.641
20.861
16.922
19.715
35.172
26.141
18.605
22.535
32.845
25.223
31.522
33.984
22.643
35.910
24.484
16.921
22.197
17.966
39.137
14.447
16.642
22.978
18.294
24.265
25.959
29.207
35.162
16.907
17.917
25.112
20.150
25.635
29.964
36.117
17.021
32.999
21.581
22.280
39.362
19.183
32.999
18.175
14.552
32.616
25.350
17.165
18.351
19.123
26.538
18.991
19.611
17.937
27.120
21.962
16.311
35.269
28.174
32.840
18.898
18.072
40.186
22.665
18.120
33.236
16.565
26.736
29.670
35.971
21.873
24.663
18.984
26.920
34.162
18.099
34.286
21.697
22.231
44.895
28.134
17.715
21.529
27.239
21.127
32.965
17.108
17.852
26.058
16.945
21.873
33.137
19.263
31.218
17.844
16.348
37.293
35.256
26.541
21.672
34.430
18.072
28.708
38.099
26.820
29.124
18.849
40.565
46.132
18.899
32.194
33.260
25.420
20.519
17.372
18.736
34.388
20.300
17.169
17.647
22.025
21.596
17.722
41.340
21.397
20.015
28.198
21.165
26.720
16.212
25.018
38.917
35.251
41.096
18.064
17.982
29.028
39.084
19.776
23.264
37.870
32.973
22.247
41.495
23.865
18.694
20.269
22.897
19.617
17.660
25.112
29.627
25.576
33.502
27.132
25.622
19.822
28.832
21.849
31.327
22.785
19.698
18.297
30.724
29.309
17.586
41.797
22.559
39.459
28.211
22.564
29.142
21.010
29.942
21.752
25.937
19.355
18.587
18.854
47.491
19.556
23.128
31.090
17.956
29.267
27.273
36.507
20.030
31.938
18.202
30.909
25.036
20.233
18.419
29.009
19.865
30.469
30.248
19.651
31.722
20.373
19.108
19.037
26.612
20.505
27.774
18.021
17.018
35.607
27.313
20.194
19.912
34.792
22.840
37.500
27.491
16.476
35.214
19.510
42.687
17.538
19.520
16.692
25.463
41.074
33.017
20.896
28.458
21.408
32.548
23.764
22.222
21.810
28.447
22.554
17.346
34.249
34.023
22.091
19.155
31.903
27.664
27.914
37.640
18.120
10.397
21.975
36.767
18.862
32.372
28.945
26.029
13.195
18.236
17.306
28.353
23.140
23.795
25.240
23.678
31.163
18.560
29.845
17.336
34.842
23.314
21.987
19.896
19.605
23.156
39.394
33.573
17.332
26.696
20.240
32.735
19.292
22.386
30.542
22.264
20.015
34.483
30.708
33.576
28.719
27.307
28.841
26.374
16.426
24.153
24.390
16.961
16.967
29.399
22.951
16.667
32.009
28.467
36.383
22.407
20.606
30.129
21.723
21.147
16.983
29.227
22.451
23.499
19.739
32.143
16.258
17.494
37.643
22.498
41.810
20.380
19.880
21.887
16.592
39.248
19.757
25.601
25.074
26.909
18.263
24.088
18.690
21.088
16.841
19.444
28.448
23.346
21.080
39.293
21.589
24.059
19.097
29.806
37.815
19.173
17.620
16.880
21.327
16.628
17.528
18.984
23.688
22.141
21.547
23.516
32.413
32.030
19.532
22.526
27.574
29.355
31.924
35.392
34.669
27.354
21.267
49.346
16.339
28.295
24.632
36.562
28.801
22.323
34.309
36.952
17.234
20.946
19.850
20.951
22.680
16.820
22.206
38.489
24.039
21.349
29.025
24.963
31.282
23.338
37.473
16.526
16.894
31.610
18.080
25.540
24.668
26.637
16.355
27.944
17.656
28.540
35.905
21.364
23.404
28.035
28.127
25.597
18.381
24.309
28.120
30.473
21.080
24.926
18.415
21.772
31.009
30.124
30.539
17.620
25.298
34.341
19.369
39.943
31.232
32.580
25.567
20.120
33.824
16.910
28.702
25.315
28.165
21.439
33.212
38.213
21.124
19.328
25.055
25.349
16.353
21.068
34.120
22.140
27.693
23.460
24.245
21.064
26.672
24.408
17.509
24.388
22.102
23.700
19.242
22.616
32.319
22.851
16.900
13.215
25.630
23.407
31.449
33.879
17.152
25.844
32.944
40.662
17.208
28.708
38.758
26.621
17.342
32.366
28.540
34.968
26.274
21.343
17.544
21.535
42.272
32.757
23.725
32.825
18.237
27.172
16.440
29.815
17.647
29.831
29.161
22.197
24.963
19.478
34.478
17.665
41.333
16.151
36.226
30.390
25.480
17.509
28.077
38.500
29.013
37.192
40.880
17.199
17.492
23.859
30.051
30.928
17.917
25.315
37.795
24.308
26.052
27.770
22.062
25.775
39.112
18.958
19.030
27.770
19.924
34.982
31.782
35.272
27.994
16.364
25.797
25.056
41.726
16.794
20.586
40.468
40.283
18.051
24.850
20.238
23.788
22.024
26.999
28.457
17.732
16.756
24.652
32.756
26.067
22.757
30.596
26.667
21.759
37.465
17.932
25.350
17.265
20.852
16.957
36.720
20.090
20.480
38.147
29.948
24.721
27.708
25.513
29.330
21.720
32.799
26.042
30.303
20.965
27.071
17.036
24.815
24.192
37.437
30.399
16.124
31.195
16.615
23.071
26.058
17.956
22.626
21.986
18.182
20.417
24.497
29.446
43.790
16.058
19.804
18.566
35.328
15.957
28.254
20.272
20.361
26.154
23.225
29.720
39.615
31.781
18.321
21.423
28.614
16.642
24.156
25.522
35.116
31.331
28.687
22.517
25.532
25.094
24.833
27.094
24.981
44.157
19.970
15.918
22.724
29.188
21.460
21.386
17.265
16.641
23.670
26.829
25.375
19.851
31.688
23.596
33.788
16.314
28.686
36.755
19.955
24.945
21.021
36.396
24.456
30.476
25.823
42.847
17.002
33.285
18.457
20.707
17.738
25.541
12.391
30.625
45.300
22.289
22.619
32.551
28.261
12.317
23.902
19.147
28.930
17.060
21.486
21.557
17.208
32.293
25.256
23.242
20.615
21.736
24.551
29.167
18.155
26.106
20.312
32.897
21.381
29.046
19.355
31.368
21.542
28.352
31.734
19.761
23.674
29.696
41.278
21.120
19.700
23.630
33.408
19.940
25.742
23.446
26.475
29.786
37.671
24.197
21.259
24.738
44.444
16.692
16.402
17.607
35.107
17.496
21.488
21.669
22.683
16.247
18.660
21.199
18.640
26.579
22.573
32.267
37.661
23.209
20.738
32.454
17.311
28.164
18.441
26.544
31.583
26.402
36.930
17.801
24.036
32.379
21.461
28.111
39.858
17.147
31.944
16.021
24.310
16.463
17.313
24.982
18.994
29.649
25.112
16.679
23.442
26.702
25.708
26.657
42.316
28.254
19.410
28.237
19.386
18.823
21.119
19.789
18.966
24.067
36.467
24.082
27.447
32.153
24.135
17.283
24.796
25.506
19.466
23.698
29.176
33.958
21.736
16.542
32.666
22.206
29.412
19.019
29.054
27.160
21.604
21.168
31.901
23.163
29.767
21.966
30.285
16.529
39.787
16.540
19.704
23.642
22.222
19.744
28.044
22.368
23.710
32.055
35.776
45.918
16.900
23.714
28.750
17.521
19.985
38.472
16.794
19.488
24.497
17.033
24.720
20.874
20.210
27.962
22.164
19.228
31.065
22.371
15.789
22.571
17.361
21.232
26.682
30.926
16.654
22.566
24.344
18.956
25.691
28.791
15.112
33.978
17.525
29.472
31.884
24.717
28.475
17.769
19.123
17.451
25.167
20.089
24.082
22.371
30.741
18.369
26.822
43.807
16.693
16.267
22.932
18.433
23.604
12.970
20.322
18.433
24.060
16.575
24.310
18.589
17.912
18.086
18.712
22.340
25.248
20.640
25.656
15.975
21.949
22.140
17.941
18.841
18.552
17.571
25.149
22.407
24.418
18.423
16.579
15.858
33.185
22.071
14.571
18.238
20.030
20.436
24.245
21.514
21.347
19.470
21.060
16.642
17.073
15.728
27.885
16.446
29.399
32.922
22.568
27.519
25.129
22.571
30.170
15.373
16.680
15.588
14.887
19.257
28.332
16.359
31.656
