9.793
8.762
8.833
9.836
9.942
10.216
8.915
8.592
10.282
9.226
9.333
9.114
9.273
10.032
9.512
8.491
8.155
8.152
8.759
7.679
6.367
6.761
5.382
8.692
8.552
8.170
8.647
9.396
8.674
8.526
8.848
9.075
9.205
9.190
8.794
9.440
8.319
9.603
9.420
9.539
9.272
9.106
9.701
9.607
8.968
9.099
10.117
9.362
8.645
9.168
10.345
9.635
9.188
9.764
9.272
6.809
9.378
9.023
4.744
9.318
11.532
8.939
9.781
5.082
9.620
9.801
9.623
8.182
9.909
9.583
9.272
9.420
9.480
8.361
9.520
9.648
9.346
9.933
5.103
9.524
9.597
8.466
9.396
9.809
8.160
5.772
8.681
9.099
8.179
9.449
10.399
9.302
8.942
10.049
5.777
9.106
9.891
10.303
10.231
8.394
7.404
10.470
8.010
9.008
10.041
9.850
10.308
9.656
9.776
9.551
9.516
9.264
9.472
9.942
9.296
9.583
9.664
9.083
10.261
9.302
9.204
10.717
10.261
9.128
9.714
10.362
10.149
10.233
9.508
10.250
9.283
9.227
9.106
9.909
10.342
9.411
9.858
9.707
9.844
10.365
10.474
9.983
5.637
9.440
9.256
9.295
9.326
10.336
10.452
7.402
7.345
10.258
6.231
8.596
9.571
9.701
8.893
9.512
10.319
9.825
10.141
8.805
8.450
9.008
9.437
9.398
9.723
9.992
8.883
10.067
10.504
9.304
8.236
5.887
9.442
8.999
11.065
9.468
9.451
9.958
9.567
8.426
9.464
10.168
9.827
10.491
9.848
8.616
9.425
10.025
8.557
9.333
9.406
9.406
10.207
10.299
9.310
9.925
9.680
9.372
9.568
11.837
10.873
10.977
11.175
11.011
11.442
10.688
9.984
11.632
11.431
11.519
11.046
11.038
12.003
10.531
11.889
9.871
9.528
10.651
10.136
8.812
10.263
5.354
12.645
10.277
10.405
11.247
11.592
11.893
11.672
10.948
10.284
10.882
11.156
11.129
10.764
9.385
11.715
11.538
11.928
11.002
10.688
11.102
10.840
10.596
10.605
10.575
9.504
11.808
11.358
11.230
11.388
11.157
10.605
11.138
7.271
10.956
10.889
5.602
10.387
10.475
11.827
10.787
6.070
10.688
11.523
9.696
11.367
10.909
11.354
11.167
11.148
10.582
9.680
10.650
10.628
9.926
10.373
5.723
9.556
9.559
11.678
11.433
10.771
11.047
6.005
11.250
10.679
11.803
11.510
11.595
12.837
10.700
10.902
6.107
10.920
9.476
10.373
10.377
6.897
9.395
8.597
9.646
11.377
10.067
9.967
11.148
10.133
10.900
10.415
11.422
10.656
11.203
11.120
11.510
10.982
11.679
11.220
11.065
11.927
11.157
11.028
10.804
11.139
10.873
10.322
10.579
11.398
11.628
10.579
10.221
10.723
11.463
11.084
11.213
10.654
11.220
9.975
12.059
10.631
10.150
10.612
5.469
10.684
10.668
10.470
10.319
11.350
10.800
6.385
10.806
11.129
6.667
10.700
10.531
10.691
10.871
11.002
10.579
10.447
11.377
11.891
10.353
10.548
11.478
10.650
9.884
10.287
11.580
11.203
9.543
10.112
10.637
7.474
10.339
11.438
11.157
11.258
10.423
10.726
10.720
11.066
10.962
10.612
11.322
10.656
10.370
10.927
10.988
11.038
10.592
11.311
10.248
10.362
10.779
10.779
9.571
9.728
9.992
10.873
10.238
8.347
8.932
8.340
10.610
9.942
10.373
8.692
7.905
10.437
10.042
10.084
9.242
10.587
10.974
10.531
7.848
8.804
8.502
9.578
8.994
9.098
7.843
6.373
10.322
10.041
8.985
10.074
9.532
9.520
10.526
9.744
10.531
10.579
9.781
10.008
9.349
10.261
9.449
9.492
9.401
9.959
10.192
11.074
10.373
10.505
9.886
9.884
8.401
9.516
9.481
10.860
10.243
8.033
8.841
9.360
6.924
9.040
10.491
4.302
8.920
10.243
9.701
9.492
5.771
9.903
9.465
9.297
9.302
10.548
10.202
9.804
9.836
10.336
8.481
10.811
9.917
10.308
9.362
4.924
9.461
9.406
11.598
9.677
9.900
10.209
6.217
9.465
8.710
9.343
9.508
9.213
9.473
10.776
9.488
6.698
9.714
9.504
10.319
10.201
7.737
7.227
10.194
8.541
9.461
9.591
10.853
10.254
10.050
9.983
10.212
10.008
9.909
10.626
9.750
9.532
9.825
9.038
10.0
10.456
10.042
10.800
10.708
9.766
9.190
10.339
9.781
10.051
9.720
9.378
8.754
10.596
9.512
9.312
10.302
10.658
9.591
10.868
9.173
10.900
9.428
10.377
10.384
4.516
9.950
9.877
10.448
9.908
10.411
9.619
7.354
8.896
11.651
7.199
9.047
9.651
10.717
10.074
10.437
11.039
11.732
10.362
11.586
10.531
9.416
11.419
10.254
10.204
10.846
11.093
10.647
12.338
9.121
10.098
7.496
10.107
9.635
10.574
10.761
10.737
10.331
9.820
10.492
10.773
10.423
10.475
10.926
10.474
10.448
10.118
10.229
10.162
9.484
10.820
10.518
9.746
10.453
9.227
10.398
9.917
11.290
10.844
10.142
9.958
10.359
9.859
9.659
9.845
10.066
8.574
9.212
9.375
9.842
9.933
10.025
9.656
9.106
9.551
8.437
9.634
8.157
7.680
6.924
8.723
6.429
10.204
9.778
9.880
10.250
9.817
10.328
10.640
9.843
9.784
9.758
9.281
10.744
9.836
9.215
10.544
10.192
10.185
11.474
10.093
10.0
9.360
10.561
10.194
9.851
8.611
10.116
10.167
11.166
9.968
9.790
8.930
10.600
6.164
9.393
9.481
5.076
7.845
7.845
8.476
8.908
4.494
8.092
8.199
7.692
8.747
8.948
9.603
8.821
9.008
8.779
7.533
9.428
7.809
8.115
9.0
5.259
9.412
7.809
9.190
8.938
9.304
9.304
5.459
9.144
9.016
8.645
8.939
9.950
10.483
8.891
9.383
5.189
9.129
9.528
9.476
9.329
6.380
9.393
9.351
9.336
10.168
10.513
10.059
9.318
9.076
9.648
9.158
9.843
9.344
10.535
9.445
9.718
10.297
10.297
9.867
9.781
9.934
10.535
10.184
10.181
9.935
9.748
9.046
10.106
10.146
10.024
10.368
9.732
9.435
9.295
10.299
10.058
9.635
10.535
10.682
11.148
9.950
10.181
9.776
4.399
10.226
10.679
10.167
10.049
10.008
10.579
4.977
9.398
10.373
4.893
9.349
9.917
10.879
8.576
9.598
10.133
9.388
10.092
10.297
8.994
9.485
9.825
10.0
10.496
10.762
9.833
9.890
9.723
9.843
9.707
6.541
10.779
9.536
10.254
10.456
9.242
10.851
9.824
9.677
10.509
10.601
9.738
9.196
8.945
10.561
10.339
11.369
9.326
9.293
10.575
9.636
10.303
10.820
8.878
10.008
10.083
9.174
10.793
8.451
10.597
10.969
10.829
9.414
9.867
8.671
9.983
9.827
9.813
9.434
10.561
9.861
10.097
8.689
9.617
9.631
9.031
8.068
10.236
6.216
10.548
7.459
9.563
11.130
9.468
10.880
10.141
10.302
11.093
10.380
10.132
8.791
10.371
10.569
9.121
9.425
10.688
10.676
10.726
9.555
9.614
9.627
9.992
10.008
9.908
9.760
9.528
10.468
9.941
9.516
9.712
8.735
10.838
9.459
8.306
10.050
5.470
8.550
10.287
9.723
10.110
8.807
7.204
10.284
9.742
7.854
9.052
10.649
9.873
10.250
10.505
9.393
8.826
9.045
9.572
10.282
9.420
6.368
8.326
9.135
8.799
9.640
9.098
9.0
5.267
9.362
9.406
10.116
10.008
10.150
9.388
9.638
7.182
8.521
9.442
9.992
9.300
10.633
6.264
8.980
9.815
9.165
9.512
10.149
10.123
10.269
9.597
9.181
10.616
11.613
10.560
10.273
11.093
10.578
10.948
9.748
8.918
9.992
8.747
8.624
7.641
9.040
8.685
7.035
8.511
8.244
8.130
8.437
8.574
7.502
7.092
7.137
8.940
8.692
7.864
8.051
8.209
7.410
7.809
8.106
7.262
4.549
8.528
9.166
8.003
8.768
8.215
9.167
4.043
9.320
7.523
5.385
8.347
9.106
8.663
7.903
9.106
8.333
8.546
7.964
8.354
7.249
9.367
8.769
9.144
10.250
9.046
8.963
9.653
7.743
9.473
9.536
5.998
9.951
10.243
9.347
9.258
9.833
9.083
9.851
10.042
10.008
10.277
9.562
9.813
10.746
10.393
10.540
9.528
10.672
11.333
10.703
8.826
9.893
10.566
9.484
9.776
10.399
10.227
10.544
