2.765
4.555
2.517
3.275
3.501
2.373
1.444
4.040
4.673
4.953
2.588
3.769
4.392
2.990
4.214
3.353
3.931
4.025
4.803
3.249
3.483
4.117
5.726
2.809
3.557
5.133
4.567
3.385
5.027
4.125
4.087
3.158
3.286
4.746
3.997
4.551
4.453
5.073
2.916
3.785
2.066
4.234
3.444
3.382
3.795
4.0
4.397
2.332
3.981
2.713
2.542
4.664
5.843
4.867
4.470
3.207
5.277
5.475
1.703
4.473
4.278
5.707
3.519
4.109
3.296
4.983
6.355
2.364
5.200
4.772
3.175
4.296
3.052
3.179
3.995
5.155
2.310
1.978
4.130
4.080
4.264
3.815
3.307
3.262
5.249
3.478
2.780
3.291
3.564
4.482
4.813
4.255
4.438
3.828
4.558
2.492
5.026
4.464
4.790
4.418
2.480
3.905
4.097
5.358
3.976
1.493
4.184
3.797
3.753
5.886
3.482
5.497
4.067
4.765
4.208
3.232
3.641
6.125
6.424
2.895
3.748
2.646
4.296
4.656
2.230
2.890
4.106
4.0
4.937
3.600
5.253
5.871
3.738
3.327
3.271
4.354
3.333
3.552
1.239
4.013
5.622
6.166
2.690
2.728
2.806
3.846
4.130
4.019
4.299
4.019
3.455
5.256
3.267
2.791
1.686
4.506
4.689
4.067
4.220
4.050
2.937
5.270
2.785
3.854
3.177
3.145
5.070
4.485
3.682
4.339
1.992
6.071
3.221
2.490
2.982
4.597
5.541
4.876
4.458
4.181
4.679
4.927
3.485
2.395
3.862
4.727
5.214
3.311
4.858
5.200
4.097
4.743
2.348
4.667
4.164
5.492
4.374
3.117
5.288
6.151
5.777
4.545
3.706
3.333
5.968
2.569
2.823
3.711
6.213
5.388
5.242
3.460
6.192
5.774
4.480
4.106
5.405
5.825
6.458
3.660
4.870
4.923
5.812
4.385
4.752
4.845
5.172
5.710
4.671
5.157
4.035
3.973
3.425
5.057
3.781
4.817
4.987
5.014
4.435
3.174
2.812
2.798
3.701
4.675
3.144
3.286
4.533
2.171
4.003
3.741
1.821
3.259
4.141
4.410
3.769
4.270
3.293
5.331
3.213
3.067
4.564
5.405
2.926
3.121
3.631
3.030
5.544
3.138
3.743
4.462
3.584
3.559
3.434
2.848
3.252
6.259
3.133
2.114
3.567
4.401
5.242
4.365
3.030
3.004
4.521
5.391
2.515
3.536
3.736
3.057
5.764
3.407
4.886
4.916
3.758
3.327
2.439
4.640
3.209
4.161
3.677
3.785
3.432
5.431
5.113
1.632
3.659
3.738
4.021
4.987
3.219
4.327
5.423
3.733
5.118
2.701
1.685
4.336
6.242
4.155
2.219
3.249
2.910
4.397
5.023
2.089
4.612
3.435
6.030
4.452
4.987
5.819
3.414
4.920
2.721
4.237
3.512
4.351
2.249
3.856
5.999
6.432
4.799
2.637
3.092
5.114
3.907
5.466
5.210
4.588
4.385
4.515
4.765
4.325
1.666
4.056
6.036
5.086
5.712
3.400
4.128
4.970
4.069
5.027
2.373
4.676
3.024
5.260
4.957
4.494
2.887
4.542
4.956
2.924
2.441
4.797
6.220
5.003
4.685
5.946
5.378
5.882
3.928
3.087
3.508
5.238
5.785
4.412
4.392
5.961
5.207
6.627
3.689
3.405
4.933
4.452
5.245
2.836
4.192
4.555
6.150
5.701
3.650
2.614
2.517
2.758
1.907
1.705
3.494
4.074
3.495
2.566
3.201
4.403
2.503
4.153
2.906
4.255
4.106
4.630
2.599
3.278
2.988
4.564
2.794
3.371
3.541
3.929
3.663
4.183
3.498
3.020
3.311
2.528
3.400
2.869
4.153
3.634
3.731
2.995
4.042
1.426
3.990
2.781
3.455
3.108
4.596
4.497
1.756
3.173
2.567
2.333
3.439
3.981
4.293
3.767
2.235
3.611
4.260
1.943
2.549
3.669
4.645
2.288
3.0
2.680
2.679
3.944
2.035
3.469
4.220
2.571
3.598
3.032
2.758
2.980
4.479
2.505
1.687
2.945
3.907
3.254
3.374
3.030
2.910
4.683
3.247
2.045
3.024
3.154
3.102
4.394
2.728
3.219
3.545
4.203
1.818
3.150
4.437
2.635
3.598
1.633
2.772
3.243
3.543
2.515
1.164
2.821
3.640
2.926
4.175
2.472
3.736
2.927
3.607
2.914
2.027
1.815
4.254
4.482
2.163
3.125
2.541
2.621
4.117
2.680
2.816
3.264
3.144
4.402
2.780
3.746
4.247
2.696
2.970
2.579
3.492
2.579
2.798
1.021
3.626
4.247
4.552
2.542
2.365
2.232
3.471
3.356
3.805
3.324
3.525
3.333
3.612
2.974
2.515
0.967
3.931
3.989
3.391
3.247
2.528
2.855
4.155
2.401
3.086
2.985
2.621
3.555
3.453
2.637
3.706
2.364
4.267
2.904
1.966
2.687
4.068
4.139
4.316
4.172
3.743
3.780
4.683
3.219
3.084
3.038
3.912
4.080
2.906
4.446
3.823
3.833
3.679
1.692
3.856
3.701
4.908
3.564
2.993
3.545
3.989
4.627
3.557
4.627
7.351
3.522
6.525
3.936
3.056
2.342
7.143
6.167
7.162
3.362
6.533
6.977
4.926
6.596
5.754
6.799
6.658
5.773
5.340
5.677
7.001
8.228
4.823
5.274
5.760
6.375
3.790
7.882
6.120
5.267
4.072
6.933
7.324
6.083
7.081
7.872
7.442
4.597
5.215
3.372
7.091
6.535
4.928
5.556
7.304
7.039
2.887
4.960
3.934
4.066
7.219
7.517
7.243
5.855
4.450
7.462
6.733
3.660
6.981
6.738
7.152
4.356
6.890
3.902
6.375
7.621
3.205
7.020
7.774
5.856
5.632
5.685
7.035
6.496
7.115
4.557
4.450
8.186
7.143
6.702
6.530
4.833
6.085
7.853
5.236
5.724
5.187
5.089
6.876
6.836
6.513
7.096
7.105
7.274
3.469
7.338
7.929
5.386
6.061
3.121
7.058
7.525
7.728
4.480
3.346
7.523
6.171
5.387
7.779
5.101
6.785
5.937
6.724
4.211
4.708
4.280
7.272
7.571
3.841
3.889
4.650
5.984
6.944
3.771
5.260
5.430
6.578
6.187
5.792
8.438
7.474
5.804
5.976
5.103
6.769
5.490
4.602
3.408
6.437
7.620
8.716
3.441
3.831
4.891
5.200
7.267
6.720
6.296
6.897
5.781
7.933
4.287
4.068
3.796
8.166
6.613
5.926
5.338
4.973
4.702
8.278
4.197
4.600
5.552
4.031
7.086
6.471
5.140
6.016
3.318
8.027
4.095
4.079
4.889
6.693
6.950
6.342
5.973
5.678
6.800
5.730
5.113
4.455
6.024
5.882
7.437
3.895
6.480
6.350
6.836
6.556
3.385
6.212
5.034
6.333
4.642
4.914
6.867
6.757
6.985
2.528
2.918
1.644
3.149
2.038
1.631
1.504
3.376
2.741
2.735
1.842
3.360
2.919
2.454
3.168
2.554
3.399
3.696
2.168
2.823
2.593
2.867
2.863
2.390
2.685
3.701
5.236
2.431
3.748
2.855
2.857
1.716
3.694
3.224
3.320
3.610
3.091
3.071
1.841
1.567
2.364
2.785
3.474
2.378
2.465
3.213
2.732
2.090
2.970
1.899
2.692
3.782
4.040
2.537
3.550
2.623
3.342
2.661
1.433
3.091
4.333
2.556
2.726
3.583
2.219
4.067
2.744
2.163
3.933
3.364
2.518
2.457
2.216
2.863
3.232
2.628
1.306
2.809
3.271
2.593
2.586
2.304
2.428
3.448
3.342
2.109
2.906
2.175
1.913
3.890
2.447
3.714
3.619
2.922
2.402
1.743
4.731
2.787
3.423
2.114
2.228
3.320
3.797
4.307
1.628
1.878
2.724
2.780
3.318
2.703
3.283
3.298
2.899
3.309
2.205
2.260
3.417
4.172
3.412
1.236
2.810
2.708
4.107
4.345
1.932
2.949
3.909
3.859
3.571
3.496
4.733
3.183
2.996
2.455
3.414
4.101
3.096
1.615
2.177
3.639
4.296
4.192
1.625
2.225
3.065
2.185
3.284
4.167
3.206
2.850
3.247
3.760
3.014
1.405
2.581
3.922
3.329
3.311
2.591
3.748
3.517
3.453
2.706
2.738
2.690
2.539
4.582
3.704
3.111
2.513
2.710
2.992
2.283
3.010
4.034
3.897
3.271
3.232
3.226
3.059
4.664
2.893
2.694
2.288
3.976
3.844
3.682
2.894
3.681
3.144
3.770
2.949
1.760
3.476
3.696
3.610
2.831
2.358
4.554
4.382
3.481
