3563.71
3684.06
3967.58
3607.48
4055.95
4018.99
4059.49
4095.87
3913.53
4171.64
3480.2
3646.53
4143.76
4050.34
3909.9
4131.05
3808.29
4024.29
3931.46
3474.26
3981.41
4011.61
3861.01
3938.05
3976.41
3382.4
3761.8
3801.11
4099.04
3745.61
3862.63
3656.94
4052.21
4133.22
3859.51
3715.32
4077.09
3739.82
3906.74
4054
3578.66
4210.78
4025.19
4087.44
4116.18
3893.18
3672.19
4173.22
3649.35
4216.1
3919.97
3479.76
4071.85
3793.6
2981.27
4539.19
3438.44
3484
4098.95
3593.46
3160.97
3896.84
3868.86
3732.53
4382.35
3685.42
3745.53
4362.71
3430.93
2987.37
3495.91
4105.05
3509.58
4640.28
3797.06
3700.69
4656.22
3528.41
3644.36
3990.05
3357.16
3538.28
4547.47
3916.59
4089.07
4383.33
3641.17
3851.57
4162.75
3641.28
4421.76
4002.71
3809.34
4179.22
3708.23
3682.51
4598.24
3525.75
3904.67
4144.1
3418.03
3964.9
3885.24
4318.09
4145.67
3870.51
3980.39
4179.97
3943.4
4124.98
3909.95
3537.9
4026.97
4205.11
3760.55
3978.91
4098.24
3985.84
4125.61
4024.3
3666.99
4098.44
3765.28
4025.02
4047.2
3832.04
3813.68
4193.5
3939.51
4032.68
4055.22
3115.68
4177.95
4174.35
3775.95
3787.77
3765.39
3484.4
4044.15
4027.43
4143.64
3901.92
3696.69
3897.08
3799.24
4165.49
4120.1
4068.73
4318.95
3742.43
3813.83
3812.53
3778.07
4375.06
3792.34
3214.88
3507.54
4396.22
3665.41
4347.64
5297.37
2128.31
4527.1
3831.54
4027.13
4135.45
3891.81
3496.91
4097.83
3664.7
4256.79
4100.28
3838.23
4057.45
4026.36
4024.88
3606.52
4296.11
3477.29
3630.19
3637.84
3129.55
4127.68
4205.95
4041.97
3938.02
3946.59
3953.01
3638.32
2431.67
3682.32
3566.42
4077.04
3929.93
3755.86
3894.36
3925.44
3845.13
4467.35
3792.93
3960.64
3352.22
4058.45
3990.19
3640.52
4132.15
4186.53
3814.77
4079.9
4575.63
3452.79
3493.27
4406.53
3734.25
4396.94
4061.83
3487.05
4298.99
4146.75
3544.8
3855.45
4382.27
3175.58
4395.93
4328.7
3088.17
3915.47
4024.01
3688.81
4271.8
3799.93
3499.03
4242.48
4091.84
3962.88
4176.99
3642.23
4045.34
4129.52
3473.84
4272.48
4264.07
3598.77
4614.06
4083.9
3666.34
4100.9
3891.17
3689.72
4394.43
3835.54
3709.47
4043.3
3852.17
3420.87
4096.02
3644.1
3558.14
4296.56
3384.78
3653.99
3563.57
3770.05
3884.48
4567.29
3701.21
4117.01
4098.92
3649.45
3559.03
3269.69
3608.18
4013.17
4051.19
4267.91
4157.49
3918.45
3827.95
4015.47
3404.09
4097.25
3667.21
3949.84
3980.34
4370.81
3896.14
4233.51
3988.24
3768.86
4328.56
3718.39
3990.66
4614.93
3589.03
3746.28
4646.7
3520.02
3994.93
4471.84
3612.26
3445.38
4316.56
3599.56
4363.62
4271.48
3546.99
4819.48
3679.01
3895.09
4637.27
3823.29
3607.27
3875.03
4043.85
4063.22
4141.21
3771.35
4279.39
4088.24
3724.03
4144.97
4042.27
3397.21
4653.19
3843.96
3995.56
4097
3910.76
4076.39
4299.09
3938.26
3381.92
3966.48
3944.05
4360.85
3903.19
3360.85
3783.03
4128.58
3954.1
3927.75
4246.33
3879.45
3526.84
4269.24
4032.61
3995.57
4282.77
4108.11
4090.56
4104.88
3613.67
3928.85
4303.68
3790.62
3437.47
4219.79
3252.07
4049.41
4266.97
3873.57
4167.46
4175.37
3832.21
4147.89
4328.12
3856.85
3603.32
4165.22
3768.68
3996.43
4248.14
3873.45
4157.81
4082.96
4061.48
3775.07
3874.86
4146.27
3530.46
4115.88
2549.46
4261.16
3916.21
4362.22
3818.63
4220.6
4077.25
3483.32
3538.41
2847.62
3908.03
3395.02
4247.92
4047.14
3868.44
4017.95
3779.63
4198.76
4184.52
3955.01
3904.22
3461.88
3956.22
3867.92
3456.66
4149.66
4051.24
4119.74
4198.47
3927.57
4280.7
3379.24
3784.33
4240.27
3793.29
4201.01
3940.8
3758.18
4424.78
3697.74
3462.65
4251.32
3755.79
3998.95
4113.72
3513.14
3681.74
4042.12
3498.01
4316.34
3881.83
3757.27
3707.73
4093.97
3987.38
4318.8
3535.89
3982.03
4105.26
3566.72
3902.51
4197.85
4051.37
3836.95
4180.23
4127.09
4006.94
3750.98
3820.28
4148.43
3850.34
4026.53
3936.6
3680.3
3917.69
3235.97
4346.91
3380.43
3845.28
3836.44
3675.15
3456.16
3605.26
3949.57
3912.81
4186.21
3974.17
3859.7
4097.85
3881.99
2926.64
3350.45
4283.74
3475.35
4460.06
4038.22
3732.65
4273.53
3907.41
3732.34
3499.61
3897.69
3456.3
4323.31
4022.95
4103.39
4478.52
3888.07
3509.32
4349.49
3900.39
4136.35
3911.59
4030.77
3884.43
3966.7
3877.15
4221.9
4049.61
3654.69
4029.36
3863.9
3699.53
3791.93
4741.81
3565.57
4148.19
4337.22
3757.45
4355.82
3904.42
3743.27
3706.2
3979.5
4174.31
3903.53
3885.76
4001.73
4355.98
3841.89
4095.46
3767.66
4110.52
3658.15
4224.97
3963.98
3977.48
3813.56
4284.35
4082.26
3994.78
4040.22
3288.15
3947.52
4157.75
3951.74
3920.41
3636.2
3557.19
4085.01
3910.73
4199.03
4358.84
3231.2
3841.69
4383.98
3655.54
4348.99
4145.08
3902.9
4117.43
3873.46
3611.97
4209.8
4113.24
3590.22
3698.54
3417.5
4074.36
3866.26
4352.14
3959.37
3675.09
4446.74
3760.87
4264.74
3684.41
4281.83
3709.59
3731.16
3740.05
4659.5
3748.45
3834.74
4415.26
3718.72
4277.86
3457.66
4123.23
3901.46
3524.8
3699.26
3172.24
4224.88
3689.77
4457.88
4083.12
3653.41
4264.82
3669.68
2175.38
3966.99
3823.25
3634.84
4336.69
3730.03
3591.61
4159.93
3882.57
4210.06
4079.78
3971.27
3773.8
3813.52
3684.5
3778.47
4075.81
3660.05
4302.37
3936.46
3928.73
4213.83
3211.01
3825.93
4540.75
3989.63
3786.59
4031.65
3870.61
3925.1
3924.29
3287.62
4087.34
3946.17
3764.29
3880.36
3805.36
3503.18
3661.67
4248.16
3805.67
3786.05
3818.84
3679.49
4292.47
3984.36
3822.11
3859.69
3780.69
3757.05
4179.9
3953.7
3787.86
3984.75
4151.9
3982.58
3959.66
3599.39
3917.37
4102.66
3795.65
3849.7
4001.72
3621.47
3794.39
4090.81
3521.25
3617.38
3870.48
3871.62
3415.66
3794.34
3382.72
3569.45
4091.72
4163.15
3720.59
4163.05
4129.45
3562.77
3636.69
3208.56
3428.08
4167.27
3952.69
4075.76
4137.31
3913.56
3800.33
4163.27
3547.34
3524.11
3504.03
4345.82
3708.75
4222.36
4017.02
3977.2
4267.99
3692.53
4014.13
4073.9
3808.59
4145.57
4195.67
3502.26
3883.08
3942.38
3994.09
3936.73
3816.18
3580.54
4177.7
3907.6
3684.24
4174.16
3889.64
4033.25
4257.25
3838.56
3747.04
4528.01
3292.38
3708.1
4129.62
3873.16
3657.65
4277.8
3917.28
4028.65
3930.59
3582.01
4373.96
3668.37
3792.19
4337.54
3941.56
3550.87
4331.63
3903.9
3904.49
4392.4
3233.06
3463.34
4453.4
3952.08
3534.89
3773.75
3900.83
3461.22
4185.42
3963.31
3940.23
4212.98
3437.36
3657.63
4109.44
4185.02
3989.21
4200.84
3931.95
3793.2
3784.86
3606.01
4255.14
3874.52
3570.97
3704.97
3616.19
4077.39
3896.29
4188.27
3855.5
3984.06
3907.94
3958.92
4259.98
3868.07
3801.09
3669.06
3701.23
4029.85
4114.18
3723.62
4057.51
4000.01
4091.48
3813.83
3705.12
4147
3421.84
3937.61
2768.78
3970.99
3880.36
4220.72
3878.2
4224.4
3884.52
3691.21
3849.62
2332.49
3709.05
3400.23
4126.43
3938.33
3970.26
3697.84
3786.9
4352.14
3949.08
3886.19
4237.27
3550.52
3225.74
4340.3
3539.43
3396.16
4258.7
4009.51
3640.7
4317.54
3997.66
3504.14
3640.47
3908.21
3579.17
4369.46
3761.03
3600.57
4322.47
3666.72
3744.62
3910.75
3868.43
3655.22
4059.41
3663.29
3429.5
3888.94
3474.49
4087.23
3974.2
3774.83
3690.98
3990.63
3750.66
3915.43
3714.14
3818.51
4080.33
3739.88
3703.34
4087.06
3893.87
3832.78
4116.11
3715.82
3767.07
3932.35
3740.09
3709.59
4094.55
3885.47
3824.43
3667.17
3745.26
3345.74
3722.18
3720.07
3681.41
3709.6
3669.87
3736.21
3113.26
3998.23
3815.28
3943.84
3694.64
4072.42
3837.99
4007.59
3182.47
3193.88
3978.5
3869.19
3815.18
4183.5
3914.82
3702.38
4051.16
3798.57
3238.39
4051.66
3456.66
4051.04
4032.91
3688.14
3938.82
4054.52
3625.08
4005.69
3920.09
3981.35
4085.73
3965.27
3709.76
3720.69
3947.02
3944.49
4086.61
3749.05
3983.67
3634
3716.54
3790.39
4143.17
3641.35
4133.31
4119.03
3713.6
4120.04
4249.36
3601.09
3716.14
3746.48
3744.66
4131.84
3549.41
4047
4155.11
3729.73
3982.68
3784.11
3855.5
3667.31
4120.37
3580.87
4101.04
3774.06
3918.63
4158.81
3838.83
3997.15
3332.91
3760.16
3762.5
4141.32
3768.16
3359.88
3581.26
4130.69
3840.82
4015.5
3957.25
3706.96
3485.69
3821.2
4063.19
3988.97
4129.87
4292.8
3614.62
3937.99
3930.47
3623.09
3968.87
3904.83
3082.78
3919.4
3728.11
3887.18
3702.94
4100.21
3987.6
3785.28
3935.21
4028.88
3915.21
4136.78
3295.98
4078.99
3660.5
4165.28
4035.17
3783.25
3800.07
3968.48
4061.11
3766.88
3746.79
3969.37
3601.17
3768.92
2664.45
4245.2
3747.94
3915.03
3919.42
4046.58
3834.83
3756.05
2862.18
3105.35
3939.74
3535.78
3775.81
3927.16
3678.06
3950.45
3891.14
3975.66
3975.2
4010.17
