1150.89
1590.4
1377.54
753.723
1489.91
1532.99
940.865
980.266
1536.75
1372.5
1146.32
1138.64
1559.63
1647.09
676.147
1371.29
1167.59
1724.88
744.756
1352.94
1482.61
1116.42
861.497
1448.08
1052.8
958.282
1258.45
1006.74
795.68
1139.31
1427.26
1053.41
1330.93
1103.07
1475.71
1344.82
1030.12
1019.85
746.121
1032.93
1518.21
1392.92
979.142
1064.29
1473.63
1190.49
1093.07
1093.01
1329.78
1044.06
1300.1
778.775
1206.81
1435.76
856.013
1098.8
1050.64
1398.69
1774.12
1044.68
1302.27
1065.73
1060.16
1128.38
1087.82
1381.37
852.046
1657.41
1184.8
1401.63
563.225
913.617
978.088
1102.36
1332.66
1242.31
1052.4
1119.51
1402.52
742.861
1540.63
721.542
973.164
905.502
1141.43
1016.26
1544.96
933.753
1014.82
775.073
1737.02
1082.33
1061.18
868.922
1178.4
1166.52
1512.79
837.463
1086.4
1151.83
1601.63
1302.72
1202.65
1282.86
980.42
1785.12
1069.64
600.352
1028.15
1342.87
1489.99
1512.88
1633.82
800.414
1645.93
1382.09
433.321
1853.5
1189.71
835.767
1220.99
1265.95
1609.03
1486.72
1169.63
641.612
1046.36
1789.42
1629.39
1407.67
1423.02
1599.66
972.213
370.961
919.61
679.6
1342.29
1546.81
1027.12
1226.37
1351.74
1091.01
1051.81
1053.3
970.031
1034.04
948.111
1777.77
1128.15
1467.09
1632.11
1701.52
996.252
1366.26
940.31
742.949
1382.13
784.152
1327.03
1509.92
1586.31
1422.89
978.377
1652.84
768.053
1140.09
1291.43
1388.29
1480.1
1040.39
1667.8
1006.44
1211.35
1439.08
981.567
917.093
816.347
1084.84
1397.73
1251.04
1479.2
701.701
1001.35
934.762
1541.31
1058.26
1099.98
1288.46
1010.16
1383.67
852.895
1383.72
1641.64
1078.1
1216.09
917.181
1444.74
1368.13
931.573
941.19
1206.88
1157.91
1372.05
1123.06
874.148
1484.79
1277.68
950.181
1146.97
1344.48
1386.37
790.489
1289.92
1384.7
1496.48
622.106
1297.58
1241.45
1562.95
600.002
1278.71
1457.21
933.148
772.992
1431.91
809.826
1114.24
1230.71
913.008
563.07
1287.77
1377.37
952.024
1231.43
1067.17
1468.25
1107.44
1119.3
790.725
834.572
1048.58
1438.45
1034.4
955.048
1090.88
1292.46
1254.73
744.544
1261.1
1370.93
1018.96
939.229
972.935
854.396
1492.33
721.122
1122.49
862.37
1418.8
1516.5
972.765
1239.01
923.777
1103.62
1006.42
1118.91
1280.33
899.974
1617.88
1050.32
1195.26
582.009
703.889
1101.95
1157.13
970.249
1278.18
960.898
934.681
1450.59
739.306
1321.33
547.109
967.139
986.795
952.718
1117.52
1350.14
887.702
977.422
898.475
1658.54
992.159
953.734
873.458
1147.25
1046.42
1535.41
788.829
1005.62
1168.18
1565.39
1208.32
1235.91
931.227
1175.05
1609.38
730.175
679.44
884.771
1360.35
1426.44
1290.14
1553.07
741.445
1599.63
1032.26
740.801
1729.69
963.967
998.495
991.623
1290.21
1439.17
1211.32
851.785
726.462
1155.14
1699.02
1495.58
1394.83
1460.18
1217.08
871.556
332.029
978.782
517.958
1498.91
1435.95
948.517
1094.51
1418.32
1058.33
1141.02
834.735
813.349
826.035
1069.48
1545.47
1083.38
1333.82
1591.05
1533.15
989.448
1254.63
701.957
853.247
1359.94
610.536
1386.92
1423.07
1652.02
1164.88
1007.06
1392.74
654.665
1174.37
986.373
1584.07
1214.89
1052.3
1570.8
773.254
1294.91
1241.76
920.61
689.523
871.967
1103.34
1489.33
1182.44
1150.37
957.353
853.175
834.804
1462.54
1027.52
946.1
1251.79
870.405
1323.05
746.137
1462.29
1513.4
894.886
1198.82
758.346
1428.66
1342.47
773.397
991.668
1025.84
1759.56
1376.45
747.586
1464.95
1618.97
980.257
1116.92
1500.01
1386.36
1410.06
990.555
1514.31
1739.63
920.951
1429.9
1198.5
1661.31
1056.32
1154.05
1576.16
1238.18
992.586
1257.1
1225.36
937.676
1341.12
1118.15
981.586
921.789
1537.98
1076.86
1446.86
1029.55
1525.84
1556.88
1028.77
1202.7
771.86
895.216
1640.77
1464.53
992.054
996.02
1478.59
1181.21
1389.55
985.457
1354.08
1218.96
1455.54
650.153
1228.65
1368.32
1143.27
897.779
1236.19
1252.95
1790.14
1060.18
1440.24
1081.98
1090.58
1189.45
1156.41
1400.57
1052.24
1506.25
1347.73
1513.42
652.667
929.41
973.788
1052.31
1398
1228.66
1204.94
1176.94
1273.38
859.562
1511.17
876.7
926.434
929.001
1079.36
1010.2
1725.33
1039.85
1096.11
784.293
1653.29
1289.91
1259.95
793.985
1177.75
1270.85
1504.9
1062.6
1012.3
1132.27
1677.18
1359.53
1341.02
1423.09
789.877
1862.96
1275.88
483.752
1239.61
1158.85
1414.58
1685.09
1620.88
936.076
1536.16
1670.75
352.743
1801.74
1447.77
816.749
1264.08
1295.69
1559.72
1447.61
1320.31
741.736
988.126
1716.5
1778.19
1488.96
1448.21
1628.91
991.995
575.794
881.467
815.876
1136.16
1613.85
1199.12
1269.99
1302.93
1389.15
960.529
1198.74
1006.86
1017
789.804
1966.69
1135.17
1483.49
1647.33
1816.21
1074.38
1489.19
1150.35
682.638
1377.09
995.372
1132.07
1646.48
1535.79
1523.12
1100.4
1664.65
796.263
1115.83
1433.43
1251.96
1543.16
1020.99
1700.31
1164.83
1187.43
1544.43
1036.02
1038.85
881.052
887.292
1568.83
1456.64
1231.63
876.709
916.987
1188.97
1404.66
1200.93
1099.92
1232.53
1028.81
1436.88
991.013
1341.39
1706.53
1177.11
1144.31
1161.54
1291.93
1355.56
1115.29
874.693
1305.3
784.974
2077.55
1840.08
1260.62
1680.25
2098.34
1416.88
1541.35
1763.72
1911.44
1899.93
1198.32
1936.84
2154.97
1620.66
1344.46
1511.25
2041.55
2039.59
829.873
2012.35
2052.43
1475.1
1016
1983.86
937.67
1846.67
1620.57
1262.87
655.681
2002.77
2174.84
1355.85
1636.18
1730.65
2004.9
1344.12
1685.46
926.171
1253.35
1734.14
2137.99
1354.5
1600.35
1724.65
1855.48
1767.78
1124.38
1762.83
2022.28
1405.34
1250.22
1429.97
1431.47
2033.79
735.613
1989.87
1006.74
2174.16
2027.12
1576.47
1662.14
1364.32
1734.95
1364.79
1616.63
1725.56
1325.79
2077.33
1788.84
1331.4
931.263
1232.62
1322.98
1791.71
1104.48
2101.25
1195.9
1518.46
1822.66
1455.28
1771.08
667.843
1428.86
1645.77
1023.19
2051.09
1669.44
1256.99
1120.58
1694.6
2194.79
1507.35
1357.24
1043.34
1471.39
1708.86
1968.72
1262.6
1301.58
1892.54
2116.28
1979.78
1525.24
1011.9
2214.02
2229.88
829.279
1195.49
1310.06
1882.88
2230.81
1954.9
1923.87
1337.78
2279.22
983.956
1454.05
2406.77
1205.87
1628.95
1411.21
1869.21
2053.84
1855.31
973.691
1232.72
1789.14
2428.11
2114.11
1927.32
2093.53
1958.84
901.266
627.903
1167.55
1077.82
2050.59
2039.48
1487.46
1422.97
2287.91
1455.22
1448.41
1087.69
1280.26
1150.73
1802.39
2104.45
1545.57
1923.5
2412.68
1892.78
1449.41
1706.32
981.446
1295.72
1833.05
931.029
2183.89
2014.87
2323.85
1577.33
1611.62
1763.96
1036.62
1883.12
1282.87
2332.57
1759.75
1652.57
2004.57
1108.78
2207.03
1560.4
1352.35
1092.96
1089.84
1808.42
1941.41
1637.02
1259.37
1541.26
1248.45
1350.63
1966.64
1217.74
1486.08
1951.21
1111.87
1805.02
1229.2
2182.12
2061.82
1239.37
1760.37
1263.69
1965.71
1944.7
956.377
1531.59
1201.18
1387.49
1342.89
1010.56
1143.99
1472.23
1095.91
1034.41
1284.87
1377.93
1340.72
823.938
1350.89
1520.88
1283.58
827.947
1163.49
1391.15
1464.56
586.519
1406.79
1431.07
1030.76
754.585
1409.21
755.594
1211.37
1184.34
901.963
434.967
1390.78
1544.74
980.216
1191.65
1189.84
1487.57
959.035
1162.02
677.356
898.735
1131.79
1490.7
954.237
1179.03
1266.15
1336.64
1232.2
785.346
1251.51
1374.68
1011.45
944.975
1018.62
955.373
1487.18
620.665
1313.06
781.716
1513.43
1493.53
1092.98
1180.73
1016.01
1209.34
959.378
1137.75
1249.78
895.926
1512.83
1170.54
1059.87
599.308
848.599
1054.13
1210.47
840.871
1511.93
836.703
999.658
1397.77
965.769
1342.44
471.108
970.215
1195.08
770.386
1360.1
1216.92
886.484
893.946
1110.99
1617.14
1047.72
952.602
770.264
1026.32
1136.86
1464.93
860.048
972.352
1291.71
1535.41
1351.64
1140.45
759.213
1485.4
1644.76
686.777
772.381
948.797
1369.83
1555.23
1430.48
1444.59
887.318
1625.77
785.92
964.581
1716.61
931.677
1144.91
1033.44
1304.28
1435.35
1309.76
789.517
812.207
1254.05
1752.06
1485.52
1407.97
1531.03
1407
708.794
372.992
924.3
672.604
1499.01
1489.93
1032.51
1059.64
1555.29
1053.43
1081.83
755.563
896.271
861.849
1231.35
1575.68
1024.22
1396.52
1694.86
1419.06
974.342
1267.54
678.373
899.799
1390.93
665.998
1600.66
1411.98
1698.72
1126.94
1070.6
1317.97
755.378
1292.35
937.229
1639.08
1325.65
1125.83
1466.02
764.335
1499.24
1132.62
945.367
773.049
806.763
1193.52
1395.91
1152.8
1037.31
1089.21
865.218
902.66
1448.86
851.084
1060.37
1329.15
829.397
1318.87
790.225
1530.08
1536.68
861.27
1254.7
809.882
1477.83
1395.89
694.451
1072.27
913.943
