1264.65
1157.74
1123.84
1449.03
1509.45
974.205
1553.51
1606.68
1439.75
1849.5
1739.6
1786.71
1148.06
1162.59
1016.26
874.398
1571.95
1507.5
1364.99
1968.52
1822.66
1754.31
1667.06
1542.1
1512.8
1764.8
1310.03
1595.55
1583.71
1940.03
1775.22
1505.25
1357.19
1514.03
1309.26
1976.67
1460.53
1415.3
1594.15
1763.79
1058.29
1057.84
680.646
2024.12
1292.86
1717.05
1740.07
1268.47
1746.3
2184.65
1432.7
1721.31
1663.26
1743.35
1702.26
1025.76
1129.42
1078.39
1087.01
1978.15
1663.03
1737.71
1434.92
1616.24
1550.98
1736.33
1635.46
1180.77
1228.65
1742.26
1222.64
1630.82
1647.72
1646.68
1752.66
1545.43
1610.55
1686.29
1126.04
1942.29
1192.54
1236.65
989.327
990.273
1155.71
1556.41
1554.81
1796.85
1541.31
2147.2
1594.31
1526.31
1440.39
1234.65
1302.63
1554.29
1456.13
1395.16
1579.75
1331.1
1521.19
992.268
908.168
1302.95
1778.38
1604.57
1363.51
1696.37
1352.3
2028.84
1999.08
1645.02
1424.61
1549.64
1592.33
1790.71
1810.6
1475.78
1525.74
1846.8
1581.3
1356.91
1336.84
1225.01
1584.81
1706.7
1667.6
1353.52
1455.84
2044.01
1825.08
1837.59
1753.16
1426.9
1375.82
1720.46
1519.47
1733.91
1472.58
1936.55
1267.97
1015.32
914.509
1242.53
1546.07
1661.92
1671.72
1626.34
1824.72
1529.07
1395.04
1380.34
1499.62
1176.06
1812.52
1662.94
1287.09
1315.6
1021.34
1651.79
1273.4
984.804
1118.57
1078.67
2652.91
1446.16
1515.06
1792.92
1170.89
1883.19
1601.63
1449.14
1611.9
1724.66
1484.96
1607.91
1189.15
1626.06
1621.73
1991.47
1785.2
1677
1482.25
1481.24
1523.27
1184.81
1377.79
1215.76
811.854
1973.76
1740.33
1411.85
1497.14
1456.53
1576.81
1472.99
1662.22
1706.79
1651.28
1982.76
1480.09
584.528
575.916
416.152
518.477
523.519
473.585
500.76
627.074
531.02
920.133
790.579
617.187
504.418
441.886
291.857
502.663
539.237
478.247
624.377
1014.42
768.589
657.685
526.972
663.731
483.278
811.78
350.522
662.288
672.549
845.048
824.309
483.523
589.646
569.24
591.675
473.956
505.377
702.432
565.251
758.502
697.843
314.86
305.184
565.815
415.176
678.915
664.762
454.537
734.272
906.583
705.108
648.091
608.449
640.774
704.118
447.97
353.407
554.112
336.909
1012.29
692.042
598.679
569.959
638.307
614.385
568.028
572.71
517.287
480.177
825.361
588.376
635.075
559.39
749.522
522.969
756.719
495.657
696.839
367.842
974.059
547.186
521.535
380.959
457.653
351.878
655.53
580.072
722.019
543.997
932.197
769.951
580.888
464.563
544.05
492.203
631.854
532.338
559.891
476.1
869.251
711.779
386.133
382.97
517.379
687.863
564.35
547.856
627.927
558.634
996.673
746.101
627.465
513.216
626.291
631.484
666.23
605.308
635.209
619.718
851.714
704.429
537.173
452.002
669.554
564.962
647.963
585.621
540.488
540.054
932.349
784.663
772.621
586.869
573.848
521.997
629.996
608.633
653.192
543.995
905.515
670.345
429.945
336.285
498.804
482.898
811.405
521.261
671.842
696.993
687.419
830.903
470.232
571.997
541.804
534.514
645.842
425.483
537.103
497.95
857.305
540.881
394.77
485.465
479.986
649.422
538.365
577.996
642.696
500.912
905.121
647.275
633.593
687.691
625.524
501.572
575.96
458.8
686.69
530.048
885.462
808.661
647.871
536.713
613.432
581.462
450.045
588.683
433.682
402.206
887.229
815.72
476.149
574.125
594.812
569.219
608.013
560.932
559.617
768.285
861.539
702.371
474.69
417.942
575.065
481.1
422.911
531.805
619.633
430.536
676.142
656.269
665.556
450.507
489.556
366.818
330.731
590.779
535.948
487.516
755.004
582.072
725.924
646.243
558.924
529.579
644.821
477.049
517.76
639.785
667.024
745.337
534.805
670.353
445.176
549.216
479.961
581.421
493.081
574.922
570.943
416.507
463.149
326.765
374.105
525.534
672.047
624.487
464.767
601.842
772.884
504.691
702.921
479.002
702.578
584.094
430.229
474.039
391.929
435.566
639.191
645.076
652.929
504.671
620.169
604.843
619.884
567.286
534.055
394.896
598.833
512.617
552.002
611.009
623.349
595.269
554.601
606.698
600.431
437.652
592.84
509.134
447.377
404.156
373.374
487.593
508.585
606.358
571.213
623.142
651.446
736.988
572.704
566.642
447.076
549.304
1038.1
542.252
531.066
567.705
493.285
633.933
398.322
358.21
471.345
1903.23
561.272
501.76
607.235
531.937
721.336
724.883
539.765
537.749
577.989
560.98
637.194
701.746
457.365
573.561
631.47
688.499
486.712
575.647
390.358
657.481
579.769
616.512
502.471
564.259
612.136
756.377
721.17
600.28
525.585
555.672
514.685
638.772
582.718
599.126
681.098
502.494
393.439
392.383
374.963
634.151
591.435
672.068
593.991
612.361
657.138
552.646
550.578
614.199
397.915
587.804
561.148
473.033
477.193
503.622
483.472
614.374
370.843
416.955
495.259
658.49
549.104
525.94
708.958
400.835
766.524
499.072
562.136
632.871
605.381
438.409
704.316
333.575
596.83
609.156
666.733
650.694
646.854
564.618
452.274
682.087
444.189
441.994
534.153
316.531
661.333
710.024
454.659
568.306
508.321
640.584
434.141
684.702
583.728
615.038
689.385
545.167
469.943
1683.42
1750.31
2159.09
2132.55
1558.96
2310.33
2382.07
2212.67
2348.92
2284.08
2555.89
1727.16
1677.38
1386.54
1417.38
2285.47
2268.59
2062
2551.89
2474.97
2553.26
2586.28
2306.81
2249.41
2569.23
2011.74
2337.95
2436.68
2540.39
2356.68
2161.32
2014.26
2144.28
2068.64
2176.71
2042.78
2123.03
2441.99
2228.43
1469.49
1358.82
1031.83
1245.89
2028.41
2577.77
2462.09
1980.83
2501.76
2902.89
1981.41
2540.88
2515.94
2605.93
2512.62
1515.97
1655.22
1655.94
1608.48
2485.78
2339.73
2456.44
2318.18
2397.46
3321.91
1555.16
2412.31
1785.76
1800.03
2199.06
1591.3
2449.83
2340.49
2547.17
2603.59
2431.38
2333.74
2403.46
1678.65
2499.59
1585.72
1740.64
1431.2
1535.51
1709.89
2261.62
2355.75
2677.04
2317.28
2650.56
2127.6
2218.25
2147.74
1862.5
1885.16
2381.93
2166.13
2118.15
2260
1689.44
1832.29
1456.87
1281.71
1927.5
2505.42
2378.44
2034.09
2442.32
2096.22
2651.25
2660.5
2408.34
2075.59
2322.87
2408.77
2689.36
2690.64
2217.81
2113.47
2515.6
2011.09
2029.4
1936.84
1759.14
2428.45
2706.41
2371.05
2106.13
2152.76
2608.43
2650.84
2615.23
2575.91
2131.55
2119.94
2459.53
2442.69
2554.38
2220.12
2446.67
1749.16
1430.33
1418.28
1800.34
2234.95
2503.79
2508.86
2506.49
2652.45
2185.85
1527.6
2025.19
2232.62
1848.26
2147.11
2197.41
1861.22
1882.66
1618.02
1938.12
1628.48
1522.96
1577.43
1477.26
2438.21
2126.25
2326.99
2554.7
1773.31
2434.56
2213.26
2103.16
2571.17
2454.81
2230.17
2308.91
1906.78
2468.96
2420.13
2475.8
2461.43
2528.97
2206.25
2225.37
2272.23
1780.12
1933.28
1800.76
1180.15
2548.53
2356.7
2174.26
2240.05
2266.39
2297.15
2193.96
2500.04
2503.09
2517.66
2498.76
2051.84
1947.66
1132.24
1161.31
1594.16
1526.93
1215.5
1629.02
1616.75
1616.96
1709.17
1564.1
1766.13
1373.13
1282.15
1001
1169.71
1131.6
1758.34
1459.07
1515.74
1824.45
1637.37
1797.22
1794.56
1542.48
1766.36
1653.31
1514.68
1738.03
1616.95
1722.7
1542.61
1509.1
1475.84
1495.7
1521.96
1561.24
1392.31
1635.34
1586.99
1152.98
1029.5
871.503
736.848
1459.83
1466.94
1851.77
1332.97
1821.52
1789.05
1730.97
1478.22
1732.75
1845.03
1761.17
1484.53
1152.13
1115.11
1302.97
1166.15
1758.94
1575.55
1709.65
1614.85
1635.58
1532.54
1804.91
1549.49
1126.2
1340.74
1257.95
1451.96
1812.24
1796.08
1727.36
1844.15
1751.31
1490.59
1677.7
1372.94
1319.86
1315.71
929.462
1037.91
1343.05
1387.01
1684.64
1710.8
1745.13
1703.98
1634.65
1403.15
1502.67
1484.53
1400.47
1446.88
1565.88
1536.45
1585.03
1467.12
1044.5
1169.14
931.648
1021.15
1559.19
1961.83
1594.79
1605.2
1508.63
1651.43
1805.83
1794.2
1629.09
1477.24
1727.07
1790.97
1819.83
1764.26
1528.65
1704.74
1426.36
1516.44
1338.51
1245.11
1536.98
1750.36
1831.53
1580.4
1339.72
1667.64
1766.83
1831.24
1823.3
1695.66
1485.96
1681.51
1818.92
1703.4
1815.74
1710.24
1406.21
1108.14
890.515
1220.66
1453.33
1714.66
1809.39
1762.54
1827.82
1765.09
998.297
1353.97
1571.04
1391.6
1502.89
1493.43
1522.8
1254.4
1166.29
1202.7
1242.42
1046.87
1041.08
1107.54
1242.63
1751
1548.39
1734.82
1797.79
1106.73
1678.71
1467.68
1776.72
1755.93
1705.79
1602.75
1385.82
1622.14
1787.56
1640.33
1710.71
1714.52
1682.28
1684.26
1659.55
1355.29
1315.92
1301.64
1140.9
1170.65
1710.57
1591.56
1549.72
1670.19
1438.03
1626.76
1587.16
1827.77
1754.79
1671.01
1596.57
1362.77
