1996.19
2142.37
2196.72
2024.52
2520.2
2142.4
2070.35
2393.7
2072.97
2128.67
2158.96
2149.58
2024.36
2234.5
2299.81
2202.14
2193.83
2123.78
2223.16
1973.02
2276.44
2053.84
1844.02
2000.09
2188.58
2008.36
1880.85
1979.4
2273.26
2178.59
2143.02
2078.86
1903.06
1996.17
2127.95
2111.02
1910.43
1827.94
1957.22
1957.69
2182.15
2093.36
2133.33
2113.59
2329.56
2286.06
2143.86
2089.86
2263.61
2152.56
2221.96
1989.69
2209.37
2054.41
2286.94
2186.39
1613.25
2072.07
1986.77
1999.25
2002.43
2042.1
2147.05
2067.02
2435.43
2170.66
2215.53
2217.45
2104.98
2105.28
2239.14
2038.71
2094.59
2180.39
2475.65
2159.66
2164.86
2103.07
2065.66
2135.68
2120.96
1972.16
2154.83
2040.9
2457.72
2000.91
2125.67
1760.18
2010.8
1919.58
2193.79
1998.84
2202.27
2113.54
2263.81
2090.04
2205.05
2133.23
2214.2
1969.25
2125.3
2187.15
1973.18
2157.51
2232.82
2086.36
2243.24
1960.09
2105.47
2031.5
1806.63
2292.06
2059.23
2244.85
2302.13
2073.76
2182.79
2036.47
2169.81
2060.46
2079.66
2209.3
2170.02
2024.06
2344.91
2130.13
2002.12
1973.67
2026.27
1902.3
1983.67
2111.88
2085.16
2166.16
2445.1
2069.45
2225.86
2081.64
2044.39
2068.46
2034.77
2154.12
1976.26
2143.76
2230.34
2125.72
2052.78
2016.96
1875.82
1974.5
1860.66
1972.55
2039.64
1746.6
2246.59
1838.99
2049.64
2157.01
1998.56
2168.32
1987.6
2218.93
2132.39
2115.57
2355.42
2321.51
1934.79
2256.09
2119.37
2012.26
2154.81
2170.99
2210.4
2154.2
2347.09
2157.01
2109.85
2143.16
2192.86
1978.82
2110.27
1967.9
1951.21
2117.24
2283.26
2187.11
2121.95
2052.33
2127.49
1954.63
1990.1
1891.06
1896.23
2074.22
2186.73
1989.74
2098.01
2103.2
2170.49
2041.69
2157.14
1827.88
1894.51
1737.2
2035.94
2010.08
1860.42
2079.42
1674.68
2072.58
1842.7
1781.54
2048.17
1755.09
1888
2142.69
1982.09
1873.39
1810.88
1721.08
2011.28
1877.14
1615.77
1678.47
1721.01
2048.57
1630.05
1652.71
1819.07
1753.43
2018.79
1731.46
1811.48
1621.14
1757.27
1994.58
1794.53
1613.63
1728.81
1726.54
1646.33
1938.88
1783.79
1981.49
1923.92
1972.8
1975.42
1778.52
1814.19
1958.79
1850.92
1760.89
1995.58
1693.37
1935.72
2048.77
1659.62
1631.86
1670.61
1627.75
1659.84
1894.8
1731.29
1791.54
2010.94
2077.6
1983.89
1817.56
1826.86
1927.03
1996.15
1704.9
1763.5
1876.93
1891.6
2310.3
1841.24
1861.12
1813.06
1808.51
1822.68
1793.62
1821.48
1814.61
1966.55
2041.66
1838.32
1746.57
1636.86
1675.38
1756.71
1819.2
1808.23
1853.98
1853.6
2053.66
1792.05
1941.76
1821.66
1814.52
1853.26
1808.01
1905.29
1719.47
1870.26
1996.71
1869.54
1839.01
1726.6
1729.41
1763.43
1745.85
1860.46
1805.51
2046.58
1957.25
1966.77
1632.76
1829.78
1940.07
1701.22
1930.08
1832.3
1759.43
2054.5
2087.93
1662.26
1855.24
1523.53
1797.95
1654.71
1797.08
1708.19
1873.76
1944.32
2223.71
1846.03
1839.91
1849.12
1854.34
1642.06
1716.49
1778.46
1950.46
1729.82
1982.38
1834.18
1799.37
1705.06
1606.52
1664.17
1812.55
1667.93
1736.74
1636.5
2026.23
1752.18
1822.24
1904.12
1610.13
1834.6
1899.34
1837.04
1763.29
1908.1
2158.37
1982.31
1803.52
1697.1
1994.83
1756.41
1851.62
1879.98
1755.67
2124.76
2010.11
1837.42
1974.31
1769.53
1899.67
1638.06
1768.3
1831.48
1625.41
1823.2
2184.46
1742.1
1947.58
1781.71
1755.69
1710.47
1692.07
1572.81
1649.25
1836.35
1885.15
1829.04
1680.26
1946.8
1708.28
1933.44
1679.09
1765.94
1920.59
1641.21
2121.58
2005.79
1751.8
1995.18
1754.17
2005.44
1867.97
1780.17
1957.66
1621.25
2120.7
1951.37
1847.08
1815.89
1846.71
1694.62
1989.29
1839.32
1504.96
1746.16
1852.4
1709.67
1780.21
1498.22
1988.53
1697.4
1891.07
1859.31
1657.99
1596.29
1748.72
1954.77
1700.69
1597.67
1691.15
1590.45
1989.17
1764.43
1644.73
2051.39
1947.37
1904.68
1862.68
1814.8
1796.7
1954.04
1953.61
1668.48
1877.96
1757.98
1920.83
1836.02
1645.05
1747.69
1493.69
1782.66
1748.4
1679
1895.88
1621.4
2053.97
2010.82
1905.5
1888.93
1814.12
1858.97
1923.42
1781.85
1822.82
1695.05
2045.33
2076.28
1697.33
1899.74
1766.18
1805.23
1829.27
1682.58
1890.63
1741.29
1934.46
1941.61
1821.29
1699.53
1593.74
1619.27
1845.72
1747.46
1798.75
1740.62
1926.09
1918.18
1766.59
1928.26
1789.04
1819.85
1798.3
1847.58
1896.32
1727.21
1822.32
1903.86
1830.03
1790.79
1780.3
1633
1603.92
1836.74
1881.91
1822.88
1973.13
2021.53
1725.54
1737.18
1975.7
1637.17
1882.44
1884.6
1592.44
1936.64
2024.74
1929.04
1703.31
1736.87
1680.17
1638.63
1696.37
1772.85
1641.98
1976.88
2084.03
1841.09
1987.55
1742.55
1667.04
1973.31
1615.97
1782.82
1747.53
1845.17
1839.3
1764.12
1835.16
1782.12
1695.66
1681.7
1685.86
1705.69
1662.48
1533.3
1881.49
1691.98
1809.14
1897.09
1754.38
1728.6
1758.13
1831.7
1822.55
1792.54
1921.02
2039.65
1868.5
1924.85
1610.76
1976.11
1646.34
1859.57
1922.12
1741.25
2016.65
2059.28
1640.83
1989.9
1702.98
1909.01
1709.25
1709.4
1734.98
1722.1
1804.71
1989.6
1953.14
1810.29
1720.29
1787.03
1674.86
1566.16
1662.29
1626.95
1909.97
1761.24
1619.91
1857.49
1832.03
1617.64
1940.37
1695.89
2692.53
2610.37
2622.99
2757.54
2876.69
2600.03
2696.7
2739.88
2520.34
2666.88
2625.41
2611.51
2598.53
2624.19
2954.27
2591.53
2516.61
2777.57
2481.97
2672.82
2687.3
2290.35
2438.95
2580.93
2470.85
2531.61
2377.36
2442.71
2751.77
2629.46
2533.85
2655.05
2196.02
2405.55
2579.4
2503.46
2288.38
2451.71
2248.61
2532.09
2683.54
2639.86
2756.38
2570.57
2849.07
2618.29
2816.93
2627.66
2733.72
2717.08
2431.32
2820.08
2670.95
2690.1
2568.64
2550.49
2289.88
2342.12
2464.4
2451.26
2466.89
2585.15
2578.11
2682.52
2853.03
2604.84
2779.61
2748.15
2547.43
2664.94
2571.73
2641.66
2529.29
2784.12
2872.66
2605.63
2656.24
2604.48
2545.97
2579.78
2660.62
2690.28
2476.65
2638.42
2790.9
2617.16
2375.05
2342.35
2285.6
2509.64
2537.15
2619.51
2721.59
2530.95
2801.36
2505.49
2700.88
2597.29
2696.24
2474.63
2520.42
2721.58
2476.98
2618.35
2577.21
2569.35
2598.62
2570.11
2510.21
2375.99
2298.68
2668.21
2652.92
2777.81
2776.04
2449.45
2678.34
2694.02
2490.67
2627.1
2553.74
2664.74
2585.32
2698.28
2856.48
2518.26
2419.7
2392.85
2284.65
2435.8
2436.75
2431.02
2572.46
2802
2839.19
2566.14
2630.05
2725.55
2545.11
2384.04
2555.36
2473.6
2650.21
2664.56
2683.92
2606.31
2616.59
2285.37
2410.94
2345.96
2355.3
2442.89
2317.84
2253.54
2563.24
2342.91
2622.82
2670.49
2486.43
2513.62
2636.42
2592.07
2553.82
2681.31
2815.66
2688.07
2640.3
2635.98
2555.57
2576.3
2584.23
2646.66
2682.94
2796.32
2757.64
2609.65
2593.07
2721.94
2510.45
2472.34
2444.44
2296.54
2559.55
2500.59
2788.94
2533.72
2553.25
2591.38
2430.93
2475.61
2348.22
2429.01
2288.43
2489.91
2695.45
2389.63
2672.36
2556.85
2575.99
2693.69
2552.22
2545.55
2494.14
2589.38
2478.67
2499.16
2494.24
2508.17
2609.68
2504.6
2493.89
2531.95
2488.02
2496.79
2468.07
2493.58
2475.31
2442.91
2529.26
2392.11
2547.15
2537.37
2379.25
2244.83
2229.59
2303.45
2210.94
2284.28
2249.38
2479.99
2519.27
2550.24
2344.8
2368.84
2159.89
2250.45
2358.41
2291.23
2144.13
2271.83
2197.86
2499.38
2465.99
2536.16
2472.92
2562.88
2518.86
2455.33
2505.77
2569.77
2602.66
2543.72
2388.68
2524.18
2481.19
2294.74
2448.75
2206.67
2121.37
2313.99
2216.74
2430.05
2459.86
2462.19
2372.96
2591.49
2589.86
2465.87
2510.87
2595.85
2489.48
2585.51
2481.97
2375.01
2421.72
2728.51
2459.54
2442.21
2429.42
2431.93
2523.22
2527.73
2414.2
2372.61
2507.74
2473.23
2402.78
2429.06
2226.35
2162.94
2205.85
2582.62
2432.11
2457.93
2319.18
2465.04
2411.38
2575.44
2477.59
2487.55
2519.95
2456.97
2431.58
2468.21
2456.35
2342.76
2356.42
2351.45
2408.27
2347.29
2309.22
2223.78
2470.06
2552.11
2515.7
2462.19
2473.61
2431.49
2448.62
2540.36
2302.58
2504.53
2535.14
2444.03
2418.82
2570.99
2322.89
2371.67
2280.78
2227.61
2122.66
2281.78
2357.96
2447.1
2452.79
2624.82
2430.71
2497.84
2487.11
2441.53
2451.82
2430.36
2446.63
2395.24
2445.59
2420.65
2355.43
2437.22
2340.13
2303.76
2110.39
2195.75
2418.64
2213.44
2077.06
2256.36
2271.32
2177.74
2485.58
2569.1
2264.26
2453.33
2465
2516.59
2457.79
2430.98
2511.79
2514.8
2455.84
2400.13
2457.48
2459.85
2559.72
2445.14
2554.8
2545.87
2516.17
2467.89
2547.94
2546.13
2287.6
2321.09
2312.18
2227.77
2394.83
2410.05
2406.05
2463.81
2466.74
2357.8
2307.55
2262.88
2185.72
2179.62
2287.16
2401.63
2296.02
2258.68
2600.11
2532.4
2461.11
2446.94
