869.582
844.006
884.526
893.527
872.533
887.566
860.441
530.637
879.976
867.237
903.721
943.06
931.303
910.757
880.953
875.851
913.885
854.638
671.524
860.538
951.426
904.945
882.429
905.96
909.521
842.736
906.939
869.307
907.446
819.767
595.88
705.091
791.919
929.729
930.232
924.946
948.666
938.061
906.531
901.875
938.232
873.083
888.6
910.334
917.852
914.182
874.665
935.96
924.952
911.991
869.665
879.139
886.16
909.307
910.617
936.39
914.233
892.764
900.388
911.843
904.78
929.996
922.766
875.104
913.589
893.369
897.021
920.829
884.552
881.76
899.411
877.014
934.179
864.168
877.314
907.923
910.979
911.308
896.114
881.972
871.264
835.792
836.637
882.504
917.841
920.627
926.933
868.554
905.057
896.779
926.079
906.059
933.695
936.063
923.04
893.951
879.053
963.322
935.273
875.076
891.582
921.048
905.592
971.383
816.244
927.411
920.204
899.218
928.35
809.158
914.725
879.974
880.449
908.379
926.269
926.46
951.128
916.487
899.544
954.252
908.934
883.874
926.338
567.268
544.956
908.908
906.589
917.635
867.435
613.523
869.548
821.65
613.681
918.358
873.277
905.564
917.634
884.017
878.846
946.5
906.057
888.272
895.022
890.369
924.137
921.824
880.23
871.503
900.452
890.778
911.38
882.622
707.975
687.3
877.24
833.7
891.887
885.388
588.392
902.946
933.176
904.685
945.873
921.987
887.454
907.836
924.879
864.721
889.176
881.384
900.245
928.936
894.011
945.234
903.977
908.224
938.354
919.54
892.223
830.426
898.466
930.62
950.454
864.602
921.421
888.584
907.983
897.321
897.116
912.581
884.839
883.31
900.455
905.729
907.311
871.465
884.435
893.745
916.945
881.358
914.416
984.288
955.641
977.657
931.291
932.405
922.892
962.333
590.549
896.921
1010.69
928.005
999.239
990.298
968.947
951.342
988.859
987.865
825.282
711.086
893.595
985.658
955.05
958.938
969.972
936.283
965.537
950.555
948.077
989.247
899.674
693.237
750.151
766.984
935.426
963.753
1016.83
922.359
988.349
920.652
920.838
945.785
991.007
956.952
981.46
986.283
933.815
934.611
988.032
992.748
936.287
938.385
1009.53
895.596
944.594
913.665
920.446
926.284
968.869
978.209
980.733
906.02
965.069
963.841
928.58
919.928
964.513
958.131
937.057
954.08
997.41
1000.51
928.036
998.929
941.176
968.816
927.256
944.762
934.49
897.459
964.08
960.528
910.273
967.353
975.755
974.545
967.399
926.039
916.015
908.259
933.601
947.313
948.085
1038.31
979.356
948.548
937.607
946.759
950.691
1001.23
991.986
958.829
955.781
941.361
976.469
897.991
980.465
931.18
981.604
968.825
901.25
949.675
986.465
963.479
961.259
1006.3
967.569
979.37
949.017
962.777
989.354
994.514
986.705
949.99
630.837
573.114
968.952
1006.35
1015.86
1065.71
668.706
1097.42
955.192
685.152
979.003
981.031
1003.68
1023.54
1055.61
1012.54
1026.11
1043.31
1069.09
1065.27
1035.12
1043.57
1028.33
1023.82
1074.54
1136.37
1063.52
1073.13
1078.3
847.924
792.812
1002.16
1041.77
1077.92
1033.82
588.965
1003.59
932.351
976.894
920.549
887.892
939.237
1003.68
974.023
970.864
1031.31
995.679
991.04
946.276
958.866
998.46
959.257
928.431
924.001
917.702
917.739
898.197
966.353
957.848
1018.39
1008.88
999.721
969.707
978.867
958.683
978.163
990.32
977.18
992.641
951.41
1021.47
1024.53
1013.12
997.27
964.485
998.015
971.379
968.471
916.429
958.18
915.299
868.028
933.092
945.307
913.547
530.45
870.324
917.977
915.912
931.327
938.581
932.906
932.945
915.805
924.58
830.677
658.436
895.856
890.361
980.182
900.658
915.008
901.65
916.848
921.094
921.245
889.188
851.207
570.823
677.111
773.181
925.844
956.953
950.511
930.666
947.217
928.219
905.967
931.558
876.321
930.29
924.222
916.414
850.901
861.462
943.901
948.443
901.964
965.238
917.494
962.249
952.797
909.992
948.53
912.44
915.551
881.854
953.11
915.068
937.511
914.851
937.993
979.683
959.093
866.382
911.148
885.246
926.396
952.095
931.853
945.107
953.426
908.059
948.998
931.991
981.766
945.304
953.906
921.224
922.547
949.883
887.596
928.01
934.111
926.404
883.035
936.103
955.862
917.493
866.162
894.244
914.952
926.701
900.655
926.324
916.652
951.098
920.691
920.053
975.809
870.158
904.978
903.96
951.356
963.472
968.034
926.335
917.652
914.954
915.8
900.856
912.577
899.607
900.292
917.228
919.443
941.375
945.621
919.972
901.949
943.56
594.142
583.747
944.642
921.53
903.276
950.999
551.52
909.958
797.622
619.084
937.469
940.509
946.991
953.366
959.231
937.374
912.02
893.716
916.191
936.837
938.565
922.346
903.434
961.378
915.459
927.684
944.263
896.482
844.494
715.017
715.965
962.961
917.037
869.553
909.946
579.733
923.916
943.433
917.238
940.907
895.982
894.946
879.654
931.424
913.401
926.1
954.313
904.819
932.184
949.261
914.821
930.651
941.226
907.619
931.84
956.044
913.233
941.385
898.387
931.986
893.028
954.902
940.64
893.339
865.56
945.458
927.42
930.141
923.909
950.551
945.259
911.289
924.619
925.124
906.997
903.996
903.231
928.109
910.582
991.639
968.064
895.762
965.98
981.469
931.694
919.862
514.754
903.999
960.587
932.416
914.229
953.45
909.56
908.35
945.401
913.3
584.681
894.025
941.237
908.535
938.711
917.41
924.37
916.055
933.999
929.909
971.677
931.841
571.442
974.863
584.445
885.553
892.415
899.483
972.708
917.864
926.443
926.704
992.459
929.771
928.319
915.635
974.357
931.814
928.48
904.631
903.154
977.019
927.342
918.619
959.621
936.131
948.849
886.066
901.089
896.698
908.252
951.562
934.94
888.529
935.827
947.038
983.62
912.394
933.101
900.13
919.352
902.557
929.71
908.316
940.531
868.389
948.315
951.341
945.588
938.778
967.685
970.31
962.389
961.718
959.833
920.15
919.214
963.974
925.871
962.965
966.217
994.344
944.944
921.056
944.297
908.872
965.739
898.329
969.05
960.834
947.324
867.517
944.343
964.342
967.364
901.323
952.057
927.35
951.533
929.536
953.859
944.684
952.753
994.325
998.72
941.332
973.469
986.344
987.545
950.126
988.975
976.386
953.215
957.107
984.247
935.102
598.692
588.925
974.256
989.901
950.522
693.894
823.429
933.252
541.769
934.917
958.507
964.93
934.106
917.953
928.734
916.822
886.632
891.614
978.719
916.614
923.105
935.72
886.926
879.4
929.136
963.833
932.097
938.309
982.89
545.889
936.702
896.694
946.913
958.765
834.635
735.841
951.368
976.944
1032.19
920.034
943.78
960.241
962.761
1000.09
914.756
985.211
985.58
964.818
939.649
958.554
965.02
969.733
962.962
953.478
955.879
982.551
935.06
952.357
972.54
969.152
950.641
955.175
928.987
956.723
976.426
966.104
903.601
984.33
922.972
958.03
938.002
934.579
962.428
966.199
922.002
922.919
973.49
917.394
973.902
948.559
934.894
912.384
900.366
907.01
517.039
837.002
948.624
948.161
950.956
972.884
933.469
915.693
956.472
910.441
814.216
694.886
906.486
967.397
946.817
950.448
934.73
971.012
920.487
943.014
895.94
961.72
888.052
641.571
737.013
756.775
937.619
910.062
943.368
925.219
900.477
942.361
963.045
894.102
928.084
985.459
910.213
943.674
961.835
928.514
935.392
957.706
951.609
981.481
974.387
934.326
883.366
931.265
955.376
961.877
1008.26
952.02
954.228
951.599
924.746
959.965
950.598
954.123
966.966
904.522
903.335
858.214
923.464
903.624
897.947
911.113
895.927
931.959
901.045
906.726
880.432
907.281
921.237
927.395
903.651
895.482
922.969
890.819
951.842
923.365
939.712
924.65
921.867
882.097
914.966
896.233
908.62
943.784
946.625
878.116
949.093
917.293
934.144
896.385
937.507
956.211
917.344
832.458
854.643
885.441
890.099
914.91
904.161
933.667
946.159
886.988
912.094
920.502
876.045
916.753
955.651
894.75
951.428
947.381
922.824
915.95
556.576
549.637
894.012
906.792
948.915
907.604
601.887
953.212
836.513
596.485
908.445
932.164
914.015
905.554
932.889
888.342
905.872
896.187
893.382
925.527
931.267
963.26
905.665
923.906
865.847
951.049
946.705
893.666
960.057
739.15
700.684
920.498
927.459
938.367
927.748
578.458
919.562
896.743
915.164
891.485
881.897
903.67
929.297
893.96
940.959
926.716
898.311
860.927
915.751
885.683
908.668
925.13
944.939
876.002
933.359
893.095
826.919
927.417
918.505
891.743
931.939
905.675
936.452
878.606
890.01
935.89
921.887
880.501
913.904
907.227
932.073
913.697
899.676
869.73
856.344
909.677
906.91
943.672
