937.77
1156.65
1077.49
954.153
795.925
1049.23
1191.42
1103.96
949.878
918.167
1192.61
1264.27
921.922
1060.37
950.628
1000.75
1022.89
629.905
1040.42
1045.22
1250.15
930.936
960.128
1033.15
1191.44
749.65
1248.96
859.6
1140.89
778.185
1019.64
977.141
1169.44
623.226
723.174
1076.9
1091.26
947.543
922.554
744.886
1004.49
921.183
1163.52
878.181
1115.01
1202.04
1110.2
894.999
813.383
948.784
1012.57
869.999
937.893
1170.75
1160.83
947.645
936.642
948.326
1209.4
992.693
976.757
854.634
984.658
1066.94
1031.04
877.617
1014.22
1047.04
881.419
1019.98
1233.12
1224.84
1023.09
1011.95
853.485
1180.38
1062.91
866.524
1012.01
1302.85
1077.56
1081.07
937.077
819.365
1090.58
1062.27
985.674
836.295
1158.63
1233.91
1056.99
1041.18
957.484
1302.88
637.823
1046.85
949.409
1037.21
896.388
1129.24
765.257
835.808
1134.21
1073.87
1058.67
851.159
1093.33
1043.58
940.044
967.417
1009.84
1126.24
1288.43
903.066
1183.09
1154.86
1149.42
954.726
1011.53
738.007
1088.37
1182.82
873.242
893.671
1005.74
924.96
1044.67
906.375
1133.63
913.988
824.88
1013.73
846.88
1066.42
1127.44
977.212
1051.4
794.308
976.267
780.224
1047.82
834.441
859.306
1011.35
1115.34
1153.07
798.154
939.57
1125.34
959.934
1182.82
741.885
1024.76
938.774
993.321
1063.13
905.039
1033.68
1094.26
932.984
1070.7
1060.98
1045.07
804.378
1200.55
860.315
1022.56
864.007
984.111
953.024
482.839
759.012
1009.87
1225.78
991.652
905.579
1044.89
1115.31
1024.39
979.748
955.505
985.09
1249
1069.11
1142.72
830.029
1059.67
1265.39
690.508
1030.94
773.486
970.063
1244.14
1174.04
1234.57
1052.03
1171.06
950.173
1082.02
827.038
722.303
935.564
960.682
912.864
819.902
864.728
1040.47
1034.28
839.947
816.225
1118.81
1085.21
904.577
1005.08
880.024
862.171
890.462
653.504
961.345
836.078
1219.44
803.332
838.265
1066.28
1088.13
745.538
1028.52
841.678
1068.94
762.863
865.631
917.612
1085.09
549.615
688.288
924.859
1029.26
806.48
878.059
549.336
988.746
820.197
1125.38
712.117
1054.44
1055.9
1014.81
923.804
711.854
815.679
894.633
921.173
702.72
1082.4
1096.22
924.199
840.951
766.095
1149.91
966.095
901.155
785.502
873.018
994.679
957.177
893.692
782.336
907.378
902.944
917.527
1094.08
1109.59
1044.97
882.943
804.945
994.317
899.98
1031.1
734.37
1140.55
1040.79
979.485
926.29
764.559
951.108
1054.23
957.074
729.295
904.112
1127.74
985.331
1016.88
792.233
1158.28
668.896
957.006
802.502
1038.47
799.667
1002.8
796.672
692.233
993.604
1026.23
1050.52
747.966
1032.42
983.828
917.882
818.398
928.727
965.977
1148.44
991.221
937.595
1104.47
1017.46
1029.69
909.66
660.179
958.525
987.011
860.3
820.113
983.802
888.66
867.923
823.39
1096.78
867.424
721.15
897.169
758.583
1001.28
964.226
904.978
1004.67
709.143
944.813
804.175
745.986
916.659
682.662
911.009
1024.14
1125.22
733.471
808.289
981.496
849.912
1124.76
669.572
867.885
924.188
940.317
957.053
838.733
888.523
1042.22
794.156
1042.32
858.767
1013.28
760.849
1050.84
910.276
821.343
854.004
850.388
883.802
600.726
567.49
846.126
1064.88
1058.93
774.941
879.55
1015.29
1000.82
883.799
771.412
983.791
1042.9
1028.53
1067.09
833.922
904.256
1127.22
816.322
899.821
712.203
720.59
1182.24
1020.96
1128.99
998.998
1099.53
851.065
1023.52
851.527
610
1056.23
1158.25
1112.43
1006.23
856.798
1031.23
1171.65
1205.63
933.23
1019.87
1332.02
1299.65
996.959
1152.66
1025.54
1028.44
1088.78
744.911
1117.13
1069.92
1369.64
974.383
1009.9
1173.9
1258.94
773.587
1347.69
944.421
1280.93
816.843
1099.85
1037.72
1313.18
609.807
734.653
1127.85
1177.35
932.163
982.733
764.685
1090.17
989.859
1276.31
884.297
1197.58
1298.35
1185.2
978.118
837.204
964.383
1072.87
910.421
956.994
1260.74
1246.46
1077.65
972.872
1002.29
1316.29
1103.97
1042.27
903.682
1051.6
1153.5
1105.32
908.116
1049.69
1137.89
977.452
1066.3
1286.33
1326.74
1102.44
1042.86
891.546
1207.29
1092.19
956.05
1090.59
1359.29
1099.43
1139.78
1045.4
900.152
1167.43
1120.79
1074.48
896.461
1158.66
1295.02
1158.02
1081.1
1022.08
1338.39
639.062
1142.83
1001.54
1117.95
984.868
1208.25
836.544
817.707
1211.09
1176.47
1151.64
890.082
1206.62
1110.48
1005.94
993.853
1094.38
1160.1
1335.44
988.447
1210.11
1266.81
1240.24
1059.5
1098.98
767.56
1127.23
1215.68
939.698
1011.19
1104.27
1006.12
1084.72
979.413
1231.2
965.531
840.99
1101.07
868.274
1122.2
1248.67
1011.6
1154.53
875.638
994.687
878.007
1044.98
924.364
867.652
1077.05
1181.97
1251.78
836.853
1039.11
1240.94
1003.64
1275.66
765.256
1074.06
984.716
1072.06
1130.81
943.71
1088.05
1163.03
989.115
1113.47
1092.63
1079.18
820.299
1248.21
884.71
1097.64
911.298
1052.06
983.274
523.803
776.251
1034.01
1291.92
1050.48
949.092
1064.83
1137.4
1106.16
1053.68
1003.4
1075.37
1266.99
1130.16
1211.92
883.978
1149.53
1354.03
754.722
1112.79
785.189
1015.23
1306.92
1275.09
1314.1
1133.65
1267.08
1012.54
1218.86
896.253
751.68
1321.2
596.656
782.273
687.593
631.691
552.318
671.011
771.595
689.638
651.939
625.331
780.535
829.287
587.046
686.021
604.814
681.059
665.386
446.532
659.836
720.051
773.629
620.323
636.91
729.696
775.873
551.376
781.993
604.646
773.23
515.001
703.086
691.741
679.748
488.72
483.681
766.216
717.481
598.639
591.012
478.697
617.572
679.751
699.263
618.986
707.631
836.198
718.851
545.363
587.764
586.896
705.278
501.422
684.584
827.43
768.244
608.298
604.832
678.191
818.526
655.817
618.617
552.886
706.391
718.686
656.191
488.392
765.179
675.059
616.023
730.173
797.99
801.008
646.031
650.13
583.236
747.011
734.27
490.44
727.083
862.373
707.781
720.299
575.723
565.7
756.834
683.409
592.861
556.12
771.069
836.029
722.418
647.547
706.285
819.407
428.764
667.537
645.598
623.999
646.134
726.612
513.232
567.811
697.367
730.003
667.708
592.578
758.662
704.532
615.931
712.517
646.097
714.031
875.421
573.128
786.901
725.526
798.477
588.903
634.199
523.133
696.55
828.804
579.155
584.714
651.678
599.901
751.589
599.385
709.815
596.256
617.561
663.566
599.562
695.601
753.641
633.788
629.441
602.447
659.577
449.894
751.5
470.621
628.88
723.386
762.115
672.313
586.93
622.209
731.353
640.728
699.004
495.929
681.297
597.053
683.917
693.072
620.161
682.343
696.998
642.394
620.742
726.036
661.846
552.422
833.088
511.243
646.751
618.072
649.261
578.759
287.377
542.832
704.647
815.883
624.763
548.539
700.723
751.524
655.105
631.326
630.919
665.402
801.842
720.199
728.931
560.086
746.726
813.118
512.102
660.891
502.604
679.592
833.808
793.426
767.136
687.834
745.758
629.39
703.041
510.503
561.334
1419.48
1870.1
1625.67
1646.66
1273.38
1679.13
1858.6
1633.73
1564.8
1564.92
1956.76
1910.98
1523.31
1740.05
1439.84
1579.89
1557.73
1168.12
1565.7
1912.89
1774.97
1503.54
1529.89
1905.89
1827.06
1265.19
1870.89
1490.73
1807.41
1272.12
1631.17
1657.97
1457.48
1195.29
1232.66
1839.99
1728.48
1387.46
1395.49
1230.18
1491.14
1757.4
1643.61
1527.25
1766.08
1939.01
1704.14
1262.54
1471.18
1455.1
1705.95
1179.89
1667.22
1980.55
1820.93
1462.94
1430.73
1686.43
1935.15
1556.21
1515.58
1383.58
1770.42
1829.59
1517.73
1166.02
1842.48
1586.55
1532.06
1756.68
1920.01
1972.01
1581.51
1646.15
1454.89
1735.96
1867.47
1145.16
1874.95
2068.93
1727.28
1741.99
1391.56
1443.46
1833.11
1617.99
1414.89
1455.35
1924.26
1989.8
1673.83
1448.78
1841.73
1924.76
931.9
1521.51
1687.7
1468.79
1676.71
1707.36
1281.45
1388.44
1760.31
1780.79
1494.82
1587.03
1753.37
1628.23
1532.97
1764.52
1511.9
1877.01
2087.64
1350.61
1938.96
1763.43
1998.82
1414.87
1449.44
1408.65
1685.8
1950.18
1308.22
1481.89
1541.73
1517.27
1770.56
1540.35
1623.48
1424.73
1498.85
1534.33
1483.47
1710.83
1730.16
1561.16
1462.07
1513.23
1546.77
1106.32
1829.48
1050.62
1598.3
1770.79
1827.01
1580.12
1407.38
1571.99
1748.89
1701.84
1614.32
1200.4
1728.08
1531.8
1661.42
1661.54
1474.25
1678.29
1616.48
1609.09
1488.97
1821.41
1532.32
1461.32
1942.44
1299.67
1628.78
1426.49
1607.75
1465.36
567.781
1345.69
1743.62
1970.67
1513.57
1324.69
1762.66
1755.51
1574.43
1435.76
1657.44
1694.38
1915.56
1794.52
1662.13
1312.31
1841.12
1974.26
1233.31
1445.03
1182.96
1727.42
2041.29
1918.56
1813.47
1843.39
1747.98
1546.32
1672.05
1222.2
1425.29
