1325.68
1261.58
1368.26
1320.74
1335.06
1342.84
1639.98
1428.04
1326
1335.98
1309.28
1316.18
1373.53
1341.37
1314.56
1377.66
1619.33
1392.86
1352.36
1338.14
1328.61
1315.21
1338.73
1340.31
1326.98
1325.02
1633.43
1408.14
1283.47
1305.8
1372.29
1338.86
1269.21
1337.46
1311.3
1432.96
1598.38
1380.05
1333.64
1305.03
1324.82
1356.31
1387.08
1331.53
1352.3
1430.64
1544.9
1348.58
1373.38
1322.41
1353.74
1321.78
1348.32
1326.39
1294.17
1361.43
1651.41
1440.19
1330.64
1263.81
1251.61
1264.76
1294.94
1222.02
1173.94
1367.97
1701.04
1423.48
1248.19
1340.43
1352.84
1335.05
1308.62
1332.98
1349.53
1361.52
1564
1461.52
1282.49
1343.81
1361.79
1349.82
1236.28
1314.35
1405.31
1298.62
1626.97
1433.64
1254.06
1326.43
1352.12
1330.41
1364.46
1389.33
1312.21
1361.87
1607.83
1344.29
1383.72
1358.06
1306.11
1325.94
1382.98
1327.05
1273.8
1361.19
1698.34
1346.61
1336.42
1266.94
1299.2
1383.98
943.047
1355.57
1313.19
1371.98
1683.85
1364.62
1340.93
1296.86
1377.66
1285.28
1349.08
1338.02
1346.35
1362.34
1623.33
1335.5
1369.93
1374.29
1367.95
1300.38
1305.66
1362.88
1317.58
1401.08
1641.99
1435.71
1326.13
1306.12
1331.8
1323.3
1301.68
1415.13
1382.04
1418.35
1563
1350.04
1301.35
1329.02
1360.41
1355.14
1398.03
1287.64
1217.14
1363.33
1702.79
1419.55
1359.11
1375.06
1307.11
1332.75
1327.95
1282.66
1337.27
1443.29
1638.7
1357.17
1287.86
1261.02
1377.81
1386.52
1290.05
1374.33
1331.95
1280.07
1579.04
1444.65
1344.05
1343.82
1316.5
1230.58
1308.35
1388.1
1325.99
1406.92
1653.81
1326.82
1345.52
1312.79
1363.91
1337.26
1400.77
1323.07
1340.21
1397.48
1523.86
1475.75
1352.39
1324.85
1327.58
1389.74
1366.3
1327.95
1408.88
1354.82
1310.78
1738.51
1527.6
1398.86
1345.22
1285.71
1355.85
1408.34
1397.75
1351.38
1426.07
1678.57
1502.56
1359.45
1301.49
1359.61
1459.36
1384.17
1362.4
1338.33
1380.83
1597.58
1493.76
1390.47
1370.46
1452.38
1346.63
1249.19
1345.3
1334.78
1437.9
1728.95
1502.66
1325.96
1345.26
1333.25
1372.34
1381.63
1385.38
1485.28
1394.73
1630.95
1423.05
1419.11
1334
1387.77
1386.34
1358.1
1375.24
1336.67
1307.49
1705.27
1586.18
1389.36
1312.43
1217.67
1322.05
1362.3
1302.07
1182.06
1272.84
1849.13
1516.55
1336.96
1353.33
1300.52
1391.92
1376.68
1351.4
1347.74
1441.53
1601.8
1471.45
1379.71
1397.56
1412.25
1384.08
1333.55
1286.15
1427.43
1303.34
1733.16
1457.56
1374.45
1381.62
1371.9
1333.56
1349.16
1465.52
1355.26
1348.44
1680.57
1394.73
1433.67
1366.74
1359.57
1391.43
1381.83
1393.57
1352.51
1352.77
1621.78
1573.03
1329.8
1325.88
1345.31
1488.82
886.277
1398.37
1333.89
1378.65
1745.14
1458.98
1352.25
1336.84
1428.22
1392.07
1326.58
1343.43
1372.08
1404.12
1687.34
1464.9
1339.57
1454.42
1368.47
1320.92
1375.37
1358.98
1425.47
1346.45
1667.94
1553.87
1412.12
1326.13
1341.88
1387.7
1333.6
1416.76
1376.78
1398.11
1652.12
1575.95
1266.44
1366.95
1360.66
1381.12
1395.79
1378.78
1316.73
1319.8
1722.98
1553.27
1372.85
1344.11
1363.72
1438.14
1320.13
1359.4
1319.56
1434.83
1727.87
1442.53
1342.56
1359.28
1381.42
1365.91
1359.26
1346.1
1391.9
1365.45
1575.79
1526.17
1354.57
1451.83
1334.88
1322.5
1292.12
1383.23
1364.73
1396.73
1699.48
1515.68
1416.77
1333.64
1330.08
1365.24
1454.42
1381.09
1303.68
1399.5
1654.99
1540.83
1357.74
1384.32
1361.97
1331.34
1359.14
1384.22
1393.32
1239.76
1542.27
1577.16
1369.12
1387.06
1313.12
1243.9
1441.52
1380.54
1337.03
1369.16
1517.5
1575.32
1339.61
1330.81
1312.19
1388.56
1391.76
1319.24
1371.27
1345.88
1508.18
1493.96
1317.65
1329.08
1409.85
1401.15
1284.74
1352.53
1336.22
1344.04
1477.43
1576.08
1359.21
1336.04
1408.92
1259.01
1360.03
1373.99
1400.62
1373.07
1519.49
1540.28
1339.43
1343.68
1316.24
1359.72
1346.34
1394.64
1350.51
1325.13
1464.3
1599.14
1373.58
1319.79
1281.11
1259.18
1319.66
1264.03
1205.08
1257.9
1567.94
1619.37
1295.07
1401.61
1383.63
1296.54
1285.65
1373.67
1306.27
1365.33
1576.42
1535.57
1280.46
1374.59
1389.12
1355.66
1307.61
1334.84
1419.86
1319.21
1428.2
1610.92
1289.37
1387.29
1357.1
1359.47
1298.04
1378.8
1397.88
1326.41
1505.44
1512.26
1410.82
1310.87
1364.77
1319.6
1383.38
1395.18
1292.09
1342.98
1521.83
1577.9
1316.74
1357.9
1271.93
1383.48
1202.47
1168.78
1356.6
1308.1
1536.48
1526.44
1350.68
1307.49
1399.98
1342.94
1393.36
1268.23
1369.27
1346.96
1592.4
1488.57
1366.55
1357.77
1385.37
1289.66
1416.28
1391.23
1332.18
1322.82
1507.84
1553.71
1399.65
1396.93
1330.93
1346.25
1351.32
1389.1
1379.07
1365.17
1478.23
1578.8
1363.26
1304.13
1375.03
1316.94
1369.34
1334.84
1316.36
1321.33
1578.3
1582.68
1363.06
1313.97
1336.17
1377.68
1385.95
1375.77
1279.07
1381.69
1516.13
1543.88
1349.33
1346.31
1357.68
1336.23
1294.68
1347.75
1368.97
1377.8
1460.48
1517.25
1363.89
1387.66
1305.78
1333.67
1361.29
1349.36
1314.01
1354.85
1534.65
1562.99
1430.47
1358.38
1302.43
1337.93
1380.21
1341.53
1306.04
1378.93
1562.96
1613.99
1335.9
1369.42
1342.77
1360.83
1327.76
1388.53
1368.09
1369.66
1371.77
1509.6
1676.74
1366.06
1359.49
1298.18
1418.41
1376.33
1437.7
1343.68
1388.47
1476.59
1681.01
1418.26
1394.98
1359.24
1355.97
1346.54
1304.53
1315.68
1362.83
1571.86
1644.29
1322.78
1327.45
1360.68
1385.79
1365.32
1393.49
1350.89
1408.85
1429.9
1630.11
1369.3
1394.23
1435.64
1302.64
1331.23
1335.7
1430.37
1390.91
1483.43
1705.48
1392.01
1387.28
1346.99
1410.97
1366.99
1460.04
1365.71
1354.87
1462.57
1646.06
1362
1372.37
1293.54
1298.11
1317.81
1297.22
1276.47
1302.73
1470.85
1677.24
1389.38
1401.36
1390.58
1429.35
1270.85
1361.75
1339.78
1397.45
1523.77
1698.98
1357.07
1334.82
1386.16
1318.31
1353.95
1357.69
1345.79
1354.42
1473.87
1623.86
1348.6
1457.35
1310.73
1369.66
1321.54
1372.87
1432.47
1362.11
1485.19
1637.75
1398.55
1344.69
1343.42
1392.57
1326.72
1431.83
1355.67
1338.42
1472.92
1720.07
1329.8
1378.16
1331.01
1338.69
1336.35
1110.56
1287.46
1297.12
1566.41
1648.51
1353.75
1393.72
1356.49
1408.14
1367.16
1304.19
1330.27
1437.5
1507.14
1605.84
1354.16
1388.93
1391.98
1445.62
1350.77
1428.85
1416.49
1317.82
1507.41
1658.69
1391.7
1439.74
1367.4
1335.05
1352.28
1379.22
1346.08
1387.34
1565.18
1606.64
1381.7
1368.62
1302.24
1382.4
1472.33
1346.77
1329.85
1357.87
1509.57
1661.88
1371.72
1363.94
1392.14
1402.05
1336.57
1422.93
1303.42
1346.43
1556.98
1644.88
1316.73
1399.55
1381.69
1315.82
1336.65
1377.24
1408.96
1393.09
1513.88
1612.21
1346.01
1440.24
1332.81
1364.67
1329.43
1314.54
1405.01
1350.83
1479.28
1645
1390.01
1368.12
1301.2
1354.76
1380.91
1410.79
1347.08
1365.77
1547.35
1706.05
1318.08
1387.65
1403.63
1351.59
1328.18
1412.91
1423.22
1379.9
1385.44
1500.91
1459.82
1370.47
1366.4
1401.95
1394.17
1425.18
1412.14
1372.29
1418.64
1449.01
1427.44
1415.66
1376.3
1347.77
1435.33
1374.74
1396.18
1393.78
1387.85
1463.55
1405.52
1392.16
1390.45
1367.65
1407.68
1329.08
1376.36
1400.44
1449.66
1403.88
1473.75
1354.26
1400.22
1413.05
1342.79
1382.7
1397.54
1429.59
1385.94
1425.02
1433.61
1418.58
1387.92
1384.58
1382.35
1353.88
1413.92
1365.2
1462.56
1441.7
1482.89
1381.16
1357.07
1292.28
1333.93
1372.03
1297.69
1248.66
1302.2
1487.98
1460.49
1350.85
1394.12
1378.41
1349.55
1310.12
1433.82
1369.74
1434.46
1479.39
1432.01
1374.92
1353.51
1456.47
1377.97
1395.17
1354.64
1404.83
1347.06
1426.19
1455.88
1342.71
1417.72
1374.62
1382.45
1382.57
1422.55
1394.69
1404.7
1451.58
1420.01
1389.36
1395.57
1374.94
1374.63
1417.21
1428.06
1388.92
1376.3
1464.28
1438.19
1367.2
1380.81
1370.41
1416.6
1106.18
1256.87
1365.8
1391.31
1472.91
1415.05
1394.96
1399.76
1400.18
1379.17
1403.59
1294.55
1398.12
1453.22
1502.01
1427.91
1405.85
1397.58
1443.95
1353.23
1389.74
1394.55
1399.1
1379.59
1510.69
1433.51
1350.82
1416.96
1360.46
1358.64
1391
1407.77
1409.04
1394.81
1475.32
1454.56
1375.71
1372.41
1375.07
1350.05
1395.1
1345.18
1373.31
1388.24
1480.31
1471.5
1409.35
1376.85
1369.29
1398.99
1380.43
1423.42
1367.32
1415.22
1465.8
1413.42
1367.88
1400.84
1333
1389.93
1388.03
1362.05
1398.7
1353.59
1448.31
1446.28
1415.94
1366.06
1351.95
1324.7
1386.65
1375.74
1395.12
1363.05
1458.09
1433.33
1432.71
1396.72
1385.57
1380.07
1423.24
1370.21
1413.7
1378.03
1478.33
1510.54
1356.31
1409.56
1356.12
1429.96
