2370.42
2315.26
2408.65
2309.87
2123.1
2601.86
2368.84
2302.6
2449.2
2490.69
2189.04
2473.95
2140.84
2090.08
2599.44
2078.66
2002.66
1963.17
2167
1712.67
2107.98
2281.16
2298.02
2352.74
2486.85
2294.95
1796.19
2229.69
1153.83
2584.81
2121.08
2506.92
2036.7
2039.62
2027.44
2116.78
2043.06
2298.24
2449.18
2256.12
2436.59
2173.35
2323.71
2116.13
2326.43
2432.72
2381.52
2547.35
2396.99
2323.13
2185.84
2526.02
2067.12
2250.52
2081.42
2413.73
2545.83
2348.75
2325.03
2289.81
2378.47
2258.56
2295.94
2303.89
1983.04
2036.89
2440.77
2567.99
2420.95
2098.78
2275.19
2335.44
2416.8
2415.96
2388.84
2298.14
2313.01
2075.54
2454.91
2233.55
2143.26
2378.44
2428.49
2428.27
2203.89
2437.22
2485.15
2204.31
1709.25
564.221
2492.62
2308.32
2691.9
1066.08
1727.72
2512.99
2253.39
2360.8
2084.28
2240.31
2412.71
2460.68
2590.85
2420.8
2561.15
2670.72
1785.41
2484.18
2551.96
2300.25
2304.54
2339.79
2003.39
2176.74
2160.36
2473.29
2147.14
2281.34
2349.06
2342.41
2388.91
2465.12
2333.64
2276.33
2225.42
2254.75
2260.11
2270.62
2101.5
1882.39
2433.38
2280.54
2409
2614.8
2365.21
2356.43
2437.15
2502.72
2266.31
2222.71
2179.9
2201.91
2480.57
2276.01
2295.08
2527.36
2364.26
2248.38
2618.17
2476.17
1797.62
2340.27
852.918
1812.3
1363.22
2494.4
2391.57
1988.56
2416.82
2294.8
2279.87
2336.84
2380.17
2358.02
2073.6
2185.74
2310.48
1726.18
2379.15
2388.68
2314.04
2351.89
2765.79
2150.83
1249.47
2216.31
2258.94
1954.35
2390.09
2227.09
2335.84
2655.66
2536.83
2235
1986.09
2210.52
2647
2176.45
2196.46
2304.06
2278.74
2485.65
2459.34
2515.51
2346.66
2404.13
2539.35
2219.97
2315.32
2362.14
2423.47
2278.37
2092.02
2157.57
2151.32
2004.82
2421.49
2254.27
2207.49
2317.05
2238.43
2102.87
2369.48
1751.72
2083.66
2329.52
2123.58
2160.82
1891.56
2281.93
1883.23
1910.18
2317.7
2182.83
2081.57
2129.36
2194.55
1877.8
1691.01
1353.58
2381.87
2104.28
2343.53
1893.51
2038.13
2214.3
2036.45
2161.27
2254.5
2244.81
2194.55
2422.93
2229.89
2339.19
1987.52
2255.64
2282.03
2511.47
2363.17
2087.73
1830.01
2189.82
2310.78
2241.8
2317.66
2241.58
2312.02
2373.6
2224.12
2428.14
2504.67
2420.79
2276.26
2454.78
2181.25
1584.89
1936.67
2277.8
2215.14
2333.35
2233.3
2336.3
2314.44
2268.73
2405.53
2224.17
2313.02
2329.87
1856.09
2436.21
2288.91
2195.63
2271.97
1970.53
2297.9
2210.48
2272.36
2339.53
2313.91
1363.75
848.143
2337.53
2196.43
2459.93
773.578
2204.63
2521.92
2194.56
2401.4
2045.66
2212.29
2408.82
2239.33
2409.08
2074.8
2403.37
2222.5
1810.66
2321.68
2432.84
2306.95
2304.37
2099.57
2008.23
2193.99
2003.16
2317.7
2228.7
2361.38
2334.6
2248.2
2415.72
2364.49
2403.06
2230.7
1959.53
2199.83
2258.82
2146.89
2033.88
2079.02
2224.1
2234.15
2334.39
2473.82
2282.2
2255.44
2234.51
2239.79
2414.5
2170.2
2196.41
2235.22
2351.95
2384.03
2249.29
2345.9
2361.34
2173.02
2249.52
2283.84
1569.99
1943.15
600.93
2125.39
1474.03
2482.64
2078.6
2141.3
2249.55
2095.17
2260
2017.45
2260.92
2145.84
2093.78
2187.86
2129.39
1737.53
2274.94
2286.8
2178.59
2445.4
2540.19
2148.78
1423.43
2296.61
1971.91
2057.07
2403.58
2349.47
2170.6
2291.84
2229.78
1856.52
2132.68
2264.81
2618.8
2260.63
2232.58
2121.49
2238.89
2403.82
2352.7
2410.5
2406.64
2148.36
2139.18
2276.11
2157.54
2060.91
2192.43
2086.61
2224.03
2315.78
1999.07
2388.39
2235.65
2034.74
2241.05
2322.34
2168.56
2265.12
1967.68
1835.41
2332.79
2162.24
1767.19
1865.29
2156.17
1836.51
2113.88
2225.15
2317.08
2309.95
2339.88
2204.02
1539.18
1965.91
866.25
2228.66
2157.66
2437.49
2079.43
1814.69
2006.6
2196.21
1946.44
2115.43
2159.84
2076.67
2267.91
2179.66
2204.55
2008.27
2022.09
2225.16
2175.74
2263.51
2148.39
2140.81
2003
2388.86
2110.87
2361.54
2044.29
2391.5
2382.04
2160.65
2218.2
2358.47
2273.44
2214.09
2179.94
2224.51
2147.46
1782.52
2011.76
2223.11
2273.98
2054.15
2319.4
2116.57
2090.34
2059.74
2165.11
2105.24
2131.36
1911.16
2365.03
2029.92
2263.58
2296.83
2277.11
2409.34
2251.5
2207.93
2362.49
2237.35
1671.48
325.651
2402.98
2002.94
2348.66
1188.02
1562.74
2508.24
2361.03
2240.38
2147.08
2023.81
2075.09
2081.98
2099.04
2068.18
2052.57
2348.86
1788.94
2251.07
2461.36
2120.69
2179.35
2163.27
1993.3
2180.06
2110.95
2301.61
2231.69
2301.83
2249.74
2288.73
2248.47
2406.7
2224.86
2211.6
1961.94
1994.58
2238.31
2148.75
2010.83
1768.54
2084.88
2243.88
2268.98
2390.26
2191.08
2192.32
2225.83
2290.62
2123.56
2146.08
2171.08
2130.47
2254.58
2086.56
2182.43
2413.3
2349.07
2213.21
2299.37
2107.92
1593.44
2193.23
903.135
1532.43
1511.71
2339.25
2237.48
1792.59
2318.82
2261.71
2181.17
2278.24
2201.08
2116.41
1921.71
2231.68
2126.72
1740.63
2158.83
2108.94
1971.59
2030.97
2563.14
2102.89
1207.08
2276.78
2117.01
1826.74
2269.32
2038.55
2156.57
2305.14
2341.74
2176.4
1913.77
2302.07
2208.07
2032.52
2128.24
1909.52
2039.67
2283.11
2277.34
2525.53
2251.87
2209.29
2219.8
2169.44
2153.67
2158.98
2252.91
2269.07
2348.45
2281.88
2457.1
2273.28
2229.32
2473.09
2146.94
2152.68
2395.07
2163.58
2233.77
2256.45
1491.33
2232.95
2260.05
1918.99
2277.19
1948.23
2178.28
1890.14
1991.7
2277.93
2359.53
2116.13
2284.99
1934.18
2106.11
1051.71
1832.55
2095.29
2195.76
2397.81
1897.63
1911.94
2205.94
1840.98
2298.14
2390
2225.1
2147.97
2177.68
2208.3
1903.6
1990.1
2171.54
2233.01
2160.98
2254.9
2223.34
1824.6
2347.35
2184.91
2254.51
2207.26
2382.29
2434.38
2263.26
2266.2
2403.72
2479.03
2455.52
2233.1
2382.35
2218.94
1737.69
2156.32
2434.04
2279.95
2332.04
2290.9
2355.68
2405.74
2275.38
2496.56
2469.18
2159.08
1922.12
2077.85
2407.34
2135.71
2353.02
2438.59
2244.86
2192.23
2262.95
2106.65
2343.85
2097
666.073
1521.85
2181.62
2228.65
2046.88
880.272
2393.52
2411.05
2128.32
2409.15
2022.45
2276.12
2396.82
2146.62
2397.91
2154.14
2395.83
1972.34
2156.97
2269.15
2291.1
2164.09
2203.06
1993.9
2025.27
2287.72
2088.3
2323.8
2176.76
2298.18
2127.72
2226.96
2257.99
2354.32
2441.53
2185.45
2014.82
2243.92
2315.07
1968.03
1682.32
2364.75
2252.09
2214.3
2190.47
2228.43
2253.08
2292.46
2351.52
2355.08
2473.07
2245.97
2099.24
2174.22
2356.64
2204.61
2324.29
2314.25
2023.47
2246.7
2197.17
2136.39
1776.51
1696.57
784.846
1932.74
1755.11
2387.86
1928.67
2098.06
2323.86
2020.97
2030.94
2167.04
2283.74
2004.88
2155.34
2308.4
2100.44
1916.61
2093.09
2110.36
2018.91
2451.95
2401.7
1582.87
1846.48
2262.25
1838.47
2284.25
2192.77
2215.54
2219.41
2506.74
2192.75
1760.79
2271.79
2471.97
2458.75
2144.76
2364.01
2109.16
2433.89
2124.05
2298.27
2316.55
2346.07
2338.99
2336.84
2263.92
2493.6
2303.22
2333.39
2389.74
2102.89
2418.65
2293.02
2131.04
2484.9
2145.64
2276.35
2266.55
2214.96
2277.19
2428.23
1923.22
2309.05
2296.42
2189.19
2107.51
1763.7
2175.31
1918.92
1994.7
2477.68
2206.01
2135.18
2144.13
2214
1825.93
1596.92
1264.17
2397.59
2131.78
2443.53
1818.4
2118.07
2200.14
1971.51
2198.7
2242.29
2250.85
2227.47
2387.62
2197.5
2124.51
1936.37
2185.01
2002.56
2368.96
2191.21
2111.21
1960.61
2331.72
2358.62
2379.57
2433.29
2289.88
2240.14
2340.89
2070.99
2467.82
2435.21
2379.74
2286.76
2549.9
2393.84
1906.43
2257.44
2296.46
2324.4
2212.37
2244.63
2375.88
2215.13
2175.9
2473.27
2285.93
2224.93
2224.44
2091.52
2598.04
2269.21
2293.78
2373.27
2208.81
2344.87
2430.8
2338.84
2499.47
2318.69
1205.18
795.047
2259.99
2066.68
2291.53
736.652
2245.85
2456.97
2252.29
2604.08
2143.17
2153.55
2195.12
2109.89
2471.3
2245.05
2491.05
2321.11
1850.52
2133.2
2305.16
2172.13
2151.82
1939.57
1893.6
2134.58
2077.24
2517.38
2275.83
2410.95
2349.41
2301.41
2274.16
2304.47
2383.84
2396.11
2186.29
2361.51
2228.62
2292.8
2121.68
2292.03
2283.28
2358.26
2378.92
2500.25
2084.66
2097.22
2212.64
2369.95
2457.66
2237.55
2295.65
2294.95
2512.26
2368.76
2293.41
2409.89
2402.82
2181.32
2229.39
2413.64
1740
2056.14
577.103
2052.76
1423.8
2402.44
1967.87
2113.43
2406.8
2332.31
2366.46
2288.45
2169.98
2194.33
2171.19
2236.38
2124.33
1861.53
2275.75
2268.11
2197.82
2192.88
2364.66
1861.05
1390.6
2183.95
2010.17
1928.2
2379.04
2310.39
2416.45
2505.69
2342.97
1777.97
2048.8
2194.92
2558.16
2265.14
2130.57
2018.31
2006.96
2083.09
2352.04
2256.76
2107.47
2061.47
2142.23
2166.73
2376.18
2420.07
2226.93
