1873.15
1756.82
1726.11
1965.33
1797.55
1364.18
1516.46
1749.16
1780.32
1765.82
1798.43
1848.75
1774.12
1904.8
1893.16
1853.04
1826.09
1796.62
1736.78
1706.42
1830.8
1848.54
1802.64
2017.29
1938.71
1727.62
1851.36
1751.19
1650.83
1749.29
1647.53
1682.02
1622.16
1787.87
1749.73
1562.78
1708.64
1848.32
1120.29
1835.19
1765.45
1719.31
1749.29
1875.64
1889.29
1824.38
1773.92
1752.53
1531.91
1615.84
1629
1661.89
1806.15
2056.89
1972.19
1770.94
1807.64
1704.91
1802.39
1830.5
1700.18
1784.27
1757.21
1993.24
1960.29
1821.57
1831.56
1591.67
1769.11
1820.37
1823.73
1579.91
1623.76
1757.63
1590.84
1469.21
1692.92
1585.13
1771.34
1772.04
1773.79
1765.57
1720.01
1964.81
1961.56
1805.32
1734.73
1758.64
1788.22
1782.91
1830.44
1846.95
1761.77
1940.12
1996.96
1714.72
1847.26
1847.47
1804.27
1767.49
1854.92
1762.95
1814.32
2001.65
1888.59
1800
1763.7
1689.05
1751.66
1625.46
1775.22
1686.76
1898.3
1885.48
2023.16
1813.14
1871.57
1799.83
1687.49
1784.5
1747.78
1844.14
1725.38
1996.04
1939.14
1711.6
1772
1800
1767.48
1724.55
1721.1
1397.89
1507.13
1412.25
1502.92
1468.97
1278.64
1362.31
1740.99
1804.37
1792.61
1822.91
1235.02
1884.84
1967.76
1859.6
1755.91
1842.96
1839.03
1755.4
1676.93
1817.63
1807.02
1974.04
2008.95
1706.8
1682.64
1576.74
1684.45
1832.26
1820.05
1840.2
1827.45
1955.26
1928.96
1806.11
1830.48
1715.64
1765.63
1745.04
1759.26
1840.39
1727.28
1952.51
1982.59
1877.35
1778.93
1817.18
1788.44
1715.98
1738.51
1735.19
1741.29
1983.81
1962.52
1779.75
1740.8
1772.91
1705.48
1867.76
1803.21
1760.01
1842.64
1981.28
1801.96
1798.18
1715.9
1733.22
1783.71
1817.03
1762.91
1568.65
1496.65
1454.31
1757.48
1611.74
1314.39
1286.41
1394.61
1497.53
1552.24
1450.1
1489.11
1515.01
1684.32
1595.79
1583.08
1465.31
1509.44
1486.4
1459.13
1448.42
1563.62
1577.51
1743.95
1686.54
1467.69
1586.31
1470.04
1387.15
1390.28
1367.48
1392.43
1378.37
1547.32
1440.36
1374.13
1385.79
1498.41
898.606
1581.18
1543.34
1425.57
1506.44
1710.27
1606.79
1569.39
1352.79
1425.54
1261.68
1413.36
1290.49
1443.17
1465.2
1829.24
1711.75
1462.26
1450.57
1489.4
1578.36
1478.04
1469.6
1474.87
1489.27
1841.25
1654.14
1528.78
1427.24
1552.82
1384.93
1563.79
1422.79
1384.98
1425.19
1493.52
1511.94
1257.38
1458.91
1248.44
1557.18
1461.1
1444.49
1516.65
1350.81
1774.35
1706.61
1530.58
1428.71
1492.24
1504.27
1419.37
1495.02
1459.88
1527.65
1754.34
1654.51
1427.61
1514.67
1523.43
1587.24
1577.1
1464.8
1418.3
1529.43
1830.75
1630.2
1492.06
1438
1487.33
1505.04
1434.64
1422.31
1443.88
1652.25
1604.28
1761.43
1523.24
1491.72
1563.17
1461.17
1459.84
1460.94
1527.52
1499.67
1718.61
1629.37
1520.47
1568
1532.93
1392.93
1437.43
1439.36
1156.1
1246.49
1455.05
1206.34
1168.37
1150.05
1103.87
1454.03
1610.22
1448.86
1534
936.989
1730.95
1707.04
1539.47
1429.89
1506.21
1548.44
1462.5
1443.96
1485.34
1578.07
1743.69
1742.89
1392.16
1427.03
1369.42
1274.75
1546.38
1462.19
1509.91
1600.64
1685.53
1684.7
1523.21
1478.31
1426.24
1425.83
1545.3
1448.02
1550
1411.08
1679.76
1733.89
1498.95
1581.57
1494.23
1443.97
1494.42
1493.87
1491.36
1424.68
1754.98
1651.73
1458.3
1473.2
1489.49
1443.86
1540
1441.37
1470.07
1541.06
1763.14
1553.89
1455.02
1469.77
1515.47
1510.61
1481.16
1502.27
1544.51
1438.88
1610.69
1433.68
1286.67
1278.85
1367.27
1458.78
1487.61
1487.28
1442.03
1478.03
1595.82
1625.76
1533.36
1508.7
1431.51
1469.84
1518.19
1440.26
1486.77
1603.17
1676.14
1628.57
1475.42
1512.01
1474.68
1440.02
1398.97
1314.93
1392.95
1358.75
1487.1
1492.43
1292.18
1315.92
1430.6
986.079
1476.95
1531.77
1455.03
1398.87
1573.67
1700.54
1449.45
1397.85
1450.31
1243.97
1292.51
1386.42
1399.04
1576.88
1663.94
1723.36
1457.03
1420.63
1374.59
1534.5
1504.03
1462.12
1495.8
1457.63
1627.23
1705.29
1571.72
1451.91
1434.18
1446.35
1459.09
1510.11
1303.18
1364.77
1444.69
1496.3
1272.16
1363.65
1213.53
1456.16
1460.76
1472.89
1509.25
1432.55
1614.86
1695.81
1532.73
1437.93
1409.31
1498.71
1426.07
1494.17
1494.72
1444.86
1665.45
1608.71
1444.12
1484.57
1513.57
1544.06
1502.78
1436.78
1507.87
1519.61
1601.6
1608.44
1566.01
1371.89
1418.33
1482.32
1379.61
1410.81
1345.53
1608.1
1548.32
1712.37
1502.55
1496.34
1511.72
1474.77
1498.2
1386.98
1479.97
1432.7
1656.06
1656.78
1366.76
1563.16
1464.21
1479.96
1434.94
1430.4
1164.71
1322.49
1198.69
1243.3
1221.25
1047.86
1091.63
1476.86
1511.67
1473.75
1506.89
1197.92
1232.91
1759.57
1511.35
1480.03
1451.34
1556.09
1437.92
1489.46
1549.69
1492.86
1655.31
1679.79
1406.3
1453.72
1365.79
1315.7
1445.54
1468.36
1517.17
1518.37
1646.71
1690.27
1491.2
1543.32
1400.24
1428.24
1388.54
1468.97
1568.85
1366.5
1505.38
1666.01
1556.6
1485.14
1547.03
1433.2
1455.94
1496.4
1422.31
1436.8
1616.05
1671.41
1485.79
1430.46
1457.02
1432.93
1458.73
1516.93
1492.95
1485.56
1587.31
1664.96
1410.49
1367.19
1399.05
1534.7
1483.9
1380.65
1431.24
2434.38
2223.84
2209.18
2415.29
2059.77
1712.28
1912.48
2165.99
2302.77
2187.01
2247.5
2315.95
2182.68
2457.03
2242.01
2260.91
2247.57
2190.11
2135.74
2123.82
2323.13
2255.9
2201.64
2533.76
2270.07
2233.65
2217.17
2202.13
2087.86
2206.74
1992.96
1984.38
2089.71
2230.47
1943.67
1997.76
2075.58
2318.32
1329.76
2252.55
2227.43
2222.02
2146.14
2467.51
2268.85
2202.89
2102.11
2104.89
1896.21
1996.35
1945.87
2111.36
2223.73
2524.61
2325.24
2246.59
2120.34
2281.86
2263.23
2241.44
2126.88
2235.06
2223.39
2463.79
2362.53
2262.16
2208.59
2686.7
1706.9
2271.64
2144.04
1893.26
1926.33
2228.82
1929.91
2653.28
1357.56
1834.62
2258.72
2315.77
2209.84
2254.94
2167.59
2501.64
2373.11
2242.23
2237.63
2299.18
2217.7
2248.99
2259.19
2332.26
2204.85
2491.96
2357.29
2250.2
2238.6
2301.93
2262.66
2176.31
2326.1
2197.79
2227.6
2482.07
2253.11
2244.2
2206.87
2149.53
2201.35
2048.33
2224.49
2084.35
2360.54
2423.55
2363.91
2236.72
2279.1
2241.21
2172.57
2260.67
2170.09
2279.19
2301.49
2477.27
2278.52
2238.99
2283.33
2220.16
2157.72
2067.8
2091.33
1643.13
1835.55
1889.92
1613.58
1803.13
1548.23
1749.91
2197.39
2223.92
2239.31
2240.32
1290.7
2543.59
2364.64
2320.63
2255.65
2190.16
2274.44
2202.22
2060.53
2254.49
2271
2453.54
2357.7
2167.31
2101.46
1967.73
2138.43
2255.59
2359.9
2276.68
2256.58
2514.3
2248.29
2185.34
2288.59
2169.25
2060.12
2281.12
2165.02
2215.68
2247.79
2541.29
2839.21
1774.39
2242.18
2218.62
2151.22
2171.78
2222.08
2187.46
2184.21
2514.34
2236.47
2213.41
2188.04
2224.26
2161.72
2205.94
2268.25
2193.42
2257.51
2423.57
2199.14
2212.65
2130.95
2231.38
2280.59
2225.55
2270.45
2155.32
2086.65
2134.91
1886.29
1803.28
1861.08
2060.07
2187.03
2158.48
2175.61
2226.35
2132.34
2126.16
2135.16
2218.32
2225.82
2195.27
2052.68
2131.14
2205.88
2212.63
2191.51
2273.07
2138.96
2190.42
2230.23
2155.37
2055.58
2148.86
1986.87
1915.56
1989.03
1923.1
1807.11
1867.42
2075.18
2142.42
1314.4
2223.31
2122.77
2105.67
2128.39
2197.25
2124.55
2152.71
1973.93
2041.9
1859.59
1835.22
1962.52
1902.75
2153.22
2253.33
2215.1
2146.74
2217.87
2131.62
2231.76
2228.22
2150.66
2173.27
2158.97
2150.8
2231.17
2187.29
2189.7
2043.03
2154.34
2205.32
2158.44
1867.61
1947.52
1934.96
1780.19
1843.37
1950.48
1784.98
2176.97
2228.9
2204.73
2214.09
2032.74
2207.87
2228.44
2227.7
2096.62
2266.52
2148.32
2120.41
2214.59
2205.21
2223.26
2204.95
2126.3
2144.42
2255.76
2175.14
2213
2140.88
2210.69
2133.35
2203.72
2180.27
2180.37
2212.73
2100.72
2050.84
2194.32
2051.35
2201.09
2020.42
2274.46
2125.34
2257.62
2194.88
2216.12
2226.8
2068.93
2183.99
2118.22
2229.63
2156.41
2246.13
2165.39
2087.93
2184.01
2190.14
2095.78
2100.5
1981.38
1550.96
1770.43
1637.18
1430.88
1780.9
1446.55
1566.72
2132.81
2198.8
2187.33
2242.53
1478.83
2033.58
2221.86
2223.14
2182.89
2196.86
2257.01
2126.14
2068.74
2245.7
2191.17
2173.36
2173.19
2089.64
2002.95
1933.96
1986.73
2193.47
2231.04
2181.64
2200.58
2276.36
2157.64
2155.95
2230.92
2092.48
2063.48
2172.48
2134.96
2171.4
2099.68
2263.89
2185.48
2216.22
2158.74
2184.47
2125.18
2166.15
2077.99
2114.03
2128.59
2217.18
2119.02
2177.32
2195.68
2131.58
2099.38
2165.97
2177.51
2162.73
2252.26
2136.28
2151.45
2095.14
2087.22
2159.41
2132.97
2189.07
2198.17
2040.53
