1954.79
2090.54
2378.46
1214.2
1813.38
1450.85
1799.02
1681.22
1820.01
1900.29
1840.44
1765.07
2037.52
2116.66
1254.49
1223.04
1729.6
2070.86
2370.11
1653.87
1895.51
2046.25
2304.28
2191.4
1387.84
1264.39
1249.5
1542.61
1835.35
1489.7
1477.62
1513.29
2128.59
2020.39
1946.33
1870.69
1803.09
1589.28
1092.66
2223.12
2231.41
1849.58
1756.17
1845.95
1650.09
1549.9
1787.59
1286.8
898.562
1225.28
1531.56
2219.72
1677.51
2416.57
1850.37
2204.37
1960.24
1848.33
2105.77
1437.42
1005.72
1246.24
1556.37
1465.61
1375.39
1961.26
1894.55
1696.08
1564.48
1546.26
1935.86
1843.96
1606.18
1635.14
1869.46
2113.67
2629.09
1972.16
2121.07
1873.73
2033.48
1561.93
1271.07
1168.13
836.078
1516.76
1678.51
1741.86
1842.11
1363.55
2166.02
1648.22
2369.43
2288.74
2024.31
1095.02
1399.72
1985.46
2039.03
2336.53
1616.32
1732.7
1369.2
1496.98
2297.93
2057.43
1022.13
1038.21
726.097
1435.22
2052.4
1775.87
2169.51
2062.76
2250.8
2099.19
2110.79
1493.85
1441.6
1265.64
1247.61
1748.62
1379.98
1184.55
1346.18
1568.87
1963
1982.12
1146.42
1083.16
2455.12
1629
1041.79
1511.22
1821.64
2368.4
1834.31
1890.09
1951.31
2739.11
1995.17
1583.89
1113.14
1600.82
1440.69
1640.84
1126.25
1550.59
2102.37
1795.65
1935.43
1863.28
2552.13
1316.4
955.639
1491.79
2084.22
2234.32
2036.51
1984.51
1921.13
1568.16
2302.49
1763.95
1567.94
1191.84
1286.15
1387.47
1507.7
2025.9
2023.13
1600.49
1738.31
2067.92
2145.59
1903.61
2160.01
1962.51
1193.24
1573.02
1466.95
2012.62
2219.08
2409.34
1310.66
1053.72
1122.29
1314.15
1662.76
1678.4
2537.14
2001.76
1194.13
1132.36
1297.99
1634.11
1770.94
2011.09
1584.75
1880.79
1974.74
2101.81
2304.61
1455.02
1669.75
1779.03
1711.95
1779.03
1894.44
1847.99
1788.95
1747.71
1894.17
1957.96
1434.16
1265.08
2022.59
2085.01
2406.22
1831.37
1819.42
2035.99
2411.04
2076.94
1607.39
1360.56
1426.84
1843.74
1654.45
1558.71
1576.95
1643.58
2014.71
1992.32
2136.57
1627.52
2046.07
1573.86
1442.93
2135.71
2100.72
2064.96
1742.76
1669.57
1801.15
1631.03
1988.99
1244.8
1112.31
1444.99
1555.5
2068.55
1873.72
2003.65
1887.02
2168.8
2130.33
1881.37
2095.99
1662.24
1411.03
1210.94
1386.44
1548.19
1489.29
2003.83
1886.02
1918.69
1598.93
1776.12
1855.9
1959.25
1766.92
1576.92
2008.8
2061.24
2250.55
1885.38
2113.01
1973.89
2026.76
1526.36
1262.11
1408.82
1116.87
1436.5
1805.24
1927.93
1931.21
1718.31
1984.13
1924.88
2033.56
2239.63
2109.14
1266.89
1470.89
1947.72
2173.3
2317.51
1924.6
1602.43
1338.65
1399.82
2156.64
2044.59
1301.22
1254.55
945.839
1188.22
2342.26
1840.39
2134.88
2015.08
2369.8
1943.83
2050.94
1622.85
1619.83
1395.6
1543.35
1496.33
1385.41
1295.88
1234.16
1519.6
1991.54
1947.05
1210.71
1447.87
2020.23
1864.13
1234.97
1577.02
1752.5
2439.57
2087.33
1911.12
2002.07
2219.41
2073.67
1739.11
1237.78
1477.58
1333.98
1459.37
1196.45
1546.21
2086.32
1927.59
2001.15
1790.55
2362.94
1641.27
1062.16
1683.1
1975.35
2374.59
2058.44
2100.83
2139
1809.26
2191.48
1948.65
1403.98
1186.22
1162.36
1431.75
1581.59
2152.57
2172.48
1685.39
1607.24
2150.31
2047.34
1797.38
2075.3
2380.96
1359.66
1748.47
1582.48
2024.98
2281.07
2447.78
1592.47
1301.44
1214.53
1128.45
1379.28
1562.15
2349.45
2132.94
1572.75
1279.25
1428.99
1793.56
1668.89
2075.36
1630.28
1784.57
2309.81
1754.05
3415.99
4013.7
2151.23
2911.7
2551.76
2902.58
2904.03
3142.9
2777.77
2821.43
2953.5
3342.41
3659.67
2213.66
2016.36
3072.31
3353.18
3856.63
2864.29
3218.84
3442.63
3859.15
3594.83
2415.92
2246.09
2104.97
2803.45
2860.12
2559.06
2436.97
2508.84
3446.86
3469.13
3300.9
2826.18
3019.98
2566.2
1973.94
3660.83
3494.11
3183.75
2885.83
3196.79
2761.29
2657.54
3082.89
2226.84
1679.58
2125.36
2464.58
3479.86
2987.22
3785.11
2961.62
3468.99
3360.82
3094.93
3478.05
2499.82
1812.16
2053.38
2642.05
2562.25
2513.65
3205.22
2963.76
3053.84
2651.63
2607.31
2857.27
3203.59
2709.92
2656.2
3087.22
3278
3797.52
3008.68
3370.41
3178.33
3587.75
2797.09
2134.3
2098.99
1595.57
2526.75
2791.71
2999.78
3058.22
2420.62
3362.13
2986.77
3647.47
3659.87
3295.17
1863.89
2318.2
3334.39
3349.93
3441.92
2893.57
2974.68
2439.68
2636.22
3933.74
3461.14
1742.77
1915.35
1258.32
2096.04
3489.87
2809.81
3748.09
3236.61
3829.12
3260.16
3272.78
2512.91
2621.51
2125.92
2136.66
2754.35
2448.41
2013.76
2380.47
2682.47
3319.67
3181.53
1841.08
2029.27
3899.83
2905.75
1858.13
2539.91
3094.64
3994.98
3304.82
3258.33
3226.42
3539.99
2915.36
2605.05
1914.17
2420.24
2290.36
2612.04
2047.8
2770.14
3385.56
3184.56
3180.38
3056.2
4011.09
2413.02
1652.35
2599
3518.19
3692.01
3412.84
3407.72
3319.53
2712.89
3550.47
2918.45
2313.46
1926.19
2005.48
2442.78
2571.38
3434.46
3517.94
2681.09
2750.64
3568.09
3567.27
3246.34
3620.33
3602.07
2021.82
2709.06
2393.2
3465.01
3720.83
4183.35
2247.38
1866.94
1770.38
2092.98
2569.41
2842.29
4138.66
3161.22
2157.25
1957.89
2268.81
2917.49
2996.34
3108.76
2869.14
3113.75
3513.14
3084.34
2419.66
2955.84
2633.87
1485.55
1829.57
1670.29
2154.48
2108.7
1852.51
2134.52
2178.17
1920.41
2759.65
2333.63
1208.79
1942.92
2006.83
2801.32
2484.1
1714.61
2539.72
2802.99
2228.86
2571.52
1225.28
1606.79
1554.75
1730.17
2079.78
1646.69
2092.51
1612.06
2875.83
2910.46
1966.46
2605.12
1902.09
1501.73
1688.18
2492.59
2869.14
1935.68
2320.42
2124.21
1853.49
2165.36
1407.53
1553.68
1282.56
1290.87
1979.62
2816.52
1894.04
3037.43
2338.59
2443.9
2273.25
1865.53
2707.44
1416.76
1000.67
1545.24
1770.05
1641.27
1894.51
2013.38
2276.78
1764.32
1956.87
1430.34
2466.45
1982.18
1746.13
2399.14
2274.24
2736.22
2474.54
2420.38
2178.92
2377.93
2362.76
1662.73
1326.48
1274.98
1299.29
2113.44
1990.26
2094.55
1870.61
1749.37
2233.51
2076.19
2773.55
2526.19
1828.56
1440.73
1904.01
2590.3
2310.76
2471.99
1939.35
1831.72
1594.67
2046.53
3003.72
2128.99
1127.98
1168.42
711.758
2307.18
2190.54
2240.17
2526.93
2610.88
2277.51
2624.26
2508.33
1615.11
1553.89
1567.16
1545.26
2224.78
1510.07
1382.89
1390.36
1991.52
2623.22
1720.18
1485.51
1648.43
2983.29
1488.16
1404.81
2008.97
2148.78
2628.01
1880.04
2427.05
2325.95
2733.33
1716.4
1778.08
1413.14
1825.65
1839.44
1646.91
1053.62
2366.36
2124.87
2375
2057.23
2472.85
2852.26
1444.02
1377.94
1607.84
2557.12
2441.27
2360.71
2061.37
2172.44
2130.29
2638.49
2006.69
1672.67
1511.13
1535.87
1528.38
2207.55
2521.74
1977.26
2045.56
2053.87
2278.87
2556.08
2369.47
2467.53
2113.12
1574.05
1786.88
2180.05
2012.99
3218.9
2246.72
1723.46
1189.07
1291.93
1672.15
2032.06
2356.81
3166.45
1776.79
1254.83
1674.38
1777.94
1874.45
1925.88
2260.55
1578.87
2716.22
1838.78
2844.33
3399.55
2153.17
2121.91
2294.64
2466.3
2594.55
2784.7
2409.7
2417.4
2602.6
2628.57
3081.44
2159.46
1789.35
2587.24
2650.62
3763.32
2590.02
2496.11
2766.69
3537.18
3110.77
2446.86
1757.94
1759.93
2296.2
2432.23
2202.99
2162.36
2232.42
2715.16
3237.57
3166.05
2134.41
2995.72
2197.23
1879.69
2763.33
3081.97
3033.01
2554.19
2594.12
2533.66
2114.44
2893.85
1650.62
1616.36
2001.48
1929.42
2873.59
2871.53
3091.04
2847.87
3006.25
2996.93
2572.41
2740.43
2653.16
1807.35
1645.91
1955.27
2213.66
2153.92
2916.57
2571.1
2717.57
2200.5
2373.11
2352.65
3151.01
2149.01
2270.43
2671.42
2943.33
3508.71
2560.03
3177.61
2709.32
3138.39
2183.04
1929.38
1821.49
1463.15
1903.4
2352.66
2598.02
2658.07
2369.73
2673.01
2769.59
2861.58
3154.1
3154.43
1793.49
1673.02
2709.51
2931.93
3122.71
2827.12
2366.3
1995.79
2293.22
3045.89
3052.72
2062.34
1458.1
1298.28
1270.49
3244.57
2356.02
3150.44
2837.52
3520.8
2853.02
2848.06
2560.55
2173.48
1666.8
2041.35
2327.53
2305.76
1883.54
1766.79
2080.82
2509.69
2866.08
1586.58
2021.68
2945.6
2759.46
1550.54
2118.86
2367.7
3356.18
2881.33
2909.53
2942.39
3046
3150.76
2206.63
1793.14
1927.44
2099.7
2246.02
1851.76
2003.46
2808.89
2730.35
2710.3
2363.51
3330.67
2387.47
1592.55
2206.7
2519.36
3230.25
2882.51
2959.46
2982.19
2121.99
3189.92
2630.54
2327.34
1925.16
1766.4
1973.39
2153.03
2880.65
3382.16
2283.71
1995.1
3267.03
3003.96
2738.08
2976.58
3359.44
2021.35
2238.4
1972.03
2915.72
2992.2
3728.9
2286.23
1793.24
1459.64
1871.7
1995
2282.82
3432.26
3104.73
2124.44
1752.95
1765.4
2517.64
2315.26
2918.94
2400.25
2138.14
3328.71
2447.32
