1387.4
1359.05
1394.31
1412.08
1397.54
1323.64
1386.04
1349.72
1370.15
1346.2
1346.41
1356.39
1295.58
1373.62
1355.62
1322.39
1341.58
1370.78
1400.4
1374.9
1373.85
1340.12
1337.59
1364.94
1353.09
1404.77
1341.83
1375.41
1355.83
1359.07
1307.2
1387.11
1329.17
1375.88
1313.3
1387.59
1302.71
1373.73
1324.58
1313.8
1404.43
1403.13
1325.68
1324.06
1281.84
1400.06
1297.78
1396.18
1232.19
1419.8
1338.41
1384.22
1386.6
1399.43
1386.92
1318.48
1383.18
1360.73
1325.41
1387.07
1385.6
1399.37
1380.69
1419.68
1384.2
1335.36
1370.68
850.453
1422.89
1331.11
1299.22
1303.26
1290.16
1389.28
1365.87
1326.53
1333.66
1372.25
1412.3
1366.7
1365.45
1333.69
1318.77
1284.29
1383.8
937.706
1343.14
1426.9
1390.07
1340.07
1314.04
1399.45
1328.8
1356.64
1302.93
1333.94
1369.6
1377.32
1319.91
1396.67
1313.7
1427.37
1396.75
1346.08
1303.95
1360.9
1384.85
1365.58
1335.07
1345.01
1262.89
1277.14
1268.52
1349.66
1278.57
1291.97
1320.8
807.553
1339.17
1329.21
1359.68
1366.01
1349.84
1363.12
1330.85
1363.97
1321.78
1399.39
1304.18
1398.28
1342.6
1340.53
1358.48
1396.71
1336.17
1358.91
1296.58
1360.75
1360.03
1359.87
1373.6
1379.03
1376.75
1358.23
1336.68
1346.72
1289.87
1362.23
1341.9
1334.76
1330.06
1357.33
1358.75
1384.39
1344.67
1398.32
1042.59
1314.62
1361.2
1354.76
1364.66
1378.28
1362.74
775.506
1331.16
1354.65
1339.04
1368.78
1302.94
756.016
1372.47
1312.05
1358.51
1327.31
1336.55
1338.69
1356.68
1325.01
1399.87
1347.77
1341.74
1335.18
1351.48
1360.75
1376.93
1353.68
871.894
1314.46
1356.15
1300.44
1289.55
1356.61
1325.72
1375.63
1374.35
1343.83
837.323
1356.32
1354.73
1406.37
1333.57
1457.12
1428.67
1470.7
1427.74
1414.36
1327.09
1368.19
1382.55
1361.77
1353.55
1365.87
1365.33
1382.52
1332.75
1305.31
1349.03
1387.62
1350.69
1332.41
1350.84
1370.04
1409.79
1378.21
1408.57
1419.21
1367.74
1363.71
1402.18
1382.12
1354.53
1325.43
1387.29
1389.78
1337.04
1368.13
1330.1
1369.75
1389.62
1380.22
1302.21
1370.91
1325.76
1341.1
1309.95
1354.11
1381.24
1344.17
1309.23
1316.79
1360.67
1358.32
1355.01
1321.53
1405.51
1343.21
1365.56
1386.77
1390.97
1365.52
1303.24
1405.42
1365.33
1343.25
1338.29
1323.39
1353.22
1380.24
909.331
1277.34
1342.96
1376.76
1243.07
1177.66
1287.9
1334.65
1264.65
1309.4
1297.12
1363.82
1333.51
1391.56
1370.69
1305.4
1310.88
1347.78
1181.24
1122.34
1377.7
1430.11
1356.75
1315.1
1354.23
1324.28
1328.23
1327.33
1325.34
1333.65
1358.87
1386.95
1344.79
1386.1
1389.2
1407.5
1394.42
1401.01
1400.61
1368.93
1353.7
1373.85
1436.77
1325.09
1379.43
1343.08
1407.77
1398.21
1413.78
1433.65
1104.01
1115.39
1409.51
1473.65
1407.3
1393.83
1365.75
1456.09
1413.47
1447.79
1444.52
1424.33
1401.79
1467.92
1396.62
1408.48
1411.76
1373.36
1410.07
1350.11
1423.68
1505.33
1448.81
1412.21
1454.98
1378.06
1401.05
1413.58
1440.04
1427.64
1478.22
1423.47
1479.21
1430.55
1390.17
1413.75
1439.7
1385.76
1409.22
1031.53
1391.42
1473.02
1452.52
1471.4
1364.11
1399.64
956.606
1272.09
1392.33
1357.91
1451.32
1399.69
1075.32
1169.24
1447.72
1430.5
1369.93
1388.06
1438.43
1423.85
1442.15
1394.8
1405.42
1335.31
1409.16
1401.73
1460.92
1424.41
1415.33
1236.35
1147.36
1403.68
1439.05
1491.04
1364.08
1432.89
1404.37
1384.02
1381.87
1186.96
1024.97
1429.63
1327.68
1343.56
1324.8
1383.27
1308.46
1346.7
1330.43
1399.39
1379.03
1369.28
1370.72
1447.98
1396.64
1349.49
1401.57
1342.94
1375.59
1339.85
1384.95
1369.5
1417.53
1413.1
1403.05
1429.79
1378.06
1370.18
1376.74
1401.82
1362.12
1407.12
1398.16
1405.81
1372.52
1424.68
1386.57
1323.9
1341.12
1401.49
1374.15
1428.09
1420.08
1368.16
1377.78
1387.14
1393.56
1339.17
1398.51
1431.6
1477.42
1411.02
1315.53
1389.27
1374.11
1404.56
1403.98
1364.15
1343.62
1361.16
1348.91
1398.07
1376.1
1354.08
1433.34
1450.76
1364.02
1356.29
1410.63
1317.79
1422.78
901.594
1459.8
1426.57
1420.93
1294.04
1275.94
1376.76
1421.75
1355.2
1440.4
1432.33
1412.92
1339.06
1395.35
1404.5
1353.07
1291.82
1375.01
1091.77
1271.99
1370.09
1397.82
1390.01
1356.15
1466.28
1413.64
1387.81
1352.97
1344.09
1373.48
1379.15
1350.76
1365.44
1376.11
1338.94
1401.39
1356.98
1357.49
1406.73
1362.8
1349.73
1380.34
1371.93
1326.68
1357.18
1307.88
1369.6
1337.13
1377.78
1466.09
890.64
1251.68
1321.41
1410.05
1398.11
1407.04
1377.73
1409.76
1378.57
1366.53
1339.76
1355.88
1382.86
1346.59
1357.11
1408.98
1394.8
1356.42
1392.83
1248.6
1379.38
1359.04
1366.01
1414.18
1342.49
1411.17
1378.87
1407.24
1385.69
1336.84
1368.06
1316.97
1343.46
1366.46
1415.4
1399.39
1381.18
1364.97
1406.92
1003.76
1349.27
1358.79
1362.1
1379.18
1424.18
1396.29
798.26
1360.59
1381.1
1374.07
1323.59
1295.78
879.59
1269.44
1312.31
1356.62
1352.11
1404.13
1453.49
1342.11
1367.56
1399.05
1377.29
1332.83
1356.87
1413.48
1373.01
1364.35
1325.46
1049.81
1262.81
1410.54
1369.84
1362.39
1386.28
1353.57
1408.52
1371.63
1413.98
1068.46
1199.83
1378.43
1333.84
1376.7
1417.73
1387.42
1371.76
1349.96
1405.66
1370.61
1381.51
1391.02
1446.18
1430.02
1443.03
1416.92
1396.98
1422.42
1427.65
1371.58
1437.62
1325.99
1393.67
1367.01
1408.5
1378.3
1478.47
1484.28
1396.59
1406.28
1399.3
1411.27
1373.31
1428.32
1415.87
1460.51
1463.78
1411.98
1359.72
1308.54
1323.73
1410.19
1370.42
1435.37
1432.92
1428.14
1450.51
1369.77
1405.71
1396.41
1285.98
1390.94
1261.88
1367.3
1422.22
1454.24
1385.38
1431.4
1413.65
1367.9
1399.79
1412.9
1330.07
1455.69
1462.81
1393.43
1409.9
1377.01
1340.44
1400.53
1397.37
869.459
1406.27
1478.83
1432.11
1239.67
1338.09
1433.34
1425.18
1399.84
1370.24
1362.16
1361.9
1440.74
1422.66
1350.62
1360.14
1415.14
1380.78
1025.54
1383.78
1427.81
1412.09
1391.26
1356.78
1387.68
1402.14
1412.61
1450.72
1405.38
1346.09
1304.47
1381.88
1414.08
1359.91
1401.8
1356.79
1384.65
1413.39
1424.93
1372.66
1410.02
1393.65
1374.23
1387.39
1433.73
1274.47
1392.84
1368.64
1464.58
1414.05
863.882
1418.53
1356.03
1362.39
1409.76
1467.12
1430.84
1352.84
1362.3
1371.02
1441.19
1326.39
1437.61
1457.27
1422.29
1403.02
1417.01
1397.31
1305.05
1342.23
1418.92
1394.68
1381.03
1405.66
1372.62
1423.28
1444.34
1461.01
1423.9
1391.43
1410
1385.73
1374.1
1430.54
1433.71
1420.6
1388.47
1389.18
1402.53
1072.56
1378.48
1370.16
1338.92
1446.02
1400.91
1415.3
801.121
1396.99
1370.49
1351.81
1406.52
1272.32
783.737
1330.82
1378.07
1367.7
1398.5
1393.44
1429.05
1429.34
1373.11
1424.22
1357.21
1373.64
1407.71
1374.93
1326.45
1368.37
1409.36
936.453
1407.49
1412.3
1406.55
1334.46
1400.45
1483.18
1384.88
1417.8
1452.85
888.406
1426.8
1385.06
1341.99
1371.66
1370.9
1353.59
1393.64
1281.39
1293.6
1240.49
1345.89
1273.16
1315.26
1330.12
1267.05
1319.86
1296.36
1334.92
1376.78
1383.75
1348.44
1356.62
1370.74
1358.77
1360.09
1353.44
1328.73
1336.19
1410.68
1403.31
1338.31
1362.6
1382.3
1394.13
1369.69
1418.15
1392.82
1416.04
1345.34
1315.66
1329.64
1394.71
1367.47
1324.88
1331.28
1314.74
1266.38
1277.85
1391.54
1394.31
1349.05
1436.27
1259.44
1394.98
1387.75
1377.96
1346.11
1327.8
1362.88
1297.79
1406.04
1381.97
1296.68
1330.01
1373.23
1336.18
1348.89
1379.04
1425.21
1399.3
1436.57
825.887
1377.29
1343.59
1344.26
1276.82
1310.87
1394.55
1290.06
1320.27
1389.45
1349.95
1373.16
1390.13
1463.95
1379.55
1347.04
1270.59
1388.56
962.736
1374.9
1376.16
1410.88
1325.06
1311.94
1304.27
1372.48
1292.18
1344.28
1435.16
1441.55
1343.71
1393.36
1345.78
1336.3
1364.98
1362.17
1373.8
1450.02
1372.87
1379.52
1359.04
1343.12
1308.54
1363.06
1389.74
1228.98
1142.96
1064.53
1155.97
1300.53
839.966
1425.53
1302.9
1359.1
1381.05
1352.62
1409.16
1377.62
1392.73
1391.98
1337.45
1443.89
1328.59
1395.45
1379.15
1408.05
1355.02
1374.27
1301.73
1313.85
1375.09
1310.28
1319.84
1364.76
1376.4
1365.39
1315.13
1412.09
1334.38
1325.25
1347.24
1377.68
1408.83
1396.47
1358.33
1378.11
1377.57
1355.7
1358.48
1104.05
1403.44
1322.49
1389.23
1426.96
1392.97
1405.93
809.787
1333.74
1350.79
1365.88
1350.74
1396.82
786.603
1354.74
1384.82
1380.36
1389.7
1393.86
1390.11
1335.56
1357.02
1350.08
1355.77
1335.56
1385.4
1324.35
1384.57
1365.21
1402.03
901.259
1471.2
1380.21
1381.67
1287.18
1331.1
1342.19
1349
1341.51
1388.68
872.091
1385.95
1355.44
1379.85
1408.42
