708.496
1149.99
711.127
920.604
891.792
649.236
466.114
1152.51
986.005
1329.77
670.311
1022.22
1163.78
771.181
1112.68
953.962
1152.51
1098.14
1188.65
868.664
1029.12
1027.05
1310.64
872.331
998.954
1094.08
1082.98
841.362
1346.11
1081.29
989.845
877.873
988.903
1227.83
1140.05
1187.12
1235.06
1184.99
813.908
1009.85
524.84
1154.3
984.765
889.379
970.953
1038.98
1102.82
588.355
970.403
731.439
628.983
1116.25
1221.71
1149.53
1019.01
745.448
1248.91
1144.34
508.343
1061.71
1153.43
1297.52
752.446
1070.47
780.962
1076.78
1313.91
611.017
1217.82
1216.2
848.548
1025.87
855.628
897.258
1055.56
1216.08
678.298
641.638
1096.71
1065.88
1024.81
996.051
818.088
909.675
1209.59
943.966
724.13
891.147
813.925
1059.49
1119.95
1047.5
1108.8
1096.81
1107.19
526.713
1077.6
1152.81
911.747
1032.65
562.163
929.58
1120.84
1223.06
797.732
421.378
1117.69
969.945
927.704
1271.97
709.126
1095.26
863.655
1127.97
884.176
781.123
657.309
1251.49
1266.75
701.331
764.394
670.614
878.611
1151.61
707.843
913.959
1034.77
1028.68
1203.3
1004.47
1379.55
1188.06
1022.16
869.136
880.621
1091.03
853.355
993.989
452.52
1098.45
1292.92
1378.59
725.785
706.915
807.125
938.096
1103.16
1141.86
1081.67
1026.91
1002.44
1327.66
805.284
822.241
463.641
1232.55
1204.24
1006.34
971.782
1043.79
869.414
1337.15
788.672
979.535
847.121
695.084
1263.15
1164.42
905.942
1121.63
617.172
1337.16
941.948
789.973
855.081
1125.42
1243.91
1120.57
1107.78
1089.11
1241.92
1159.71
954.152
726.56
964.227
1090.56
1244.47
833.636
1223.32
1080.87
1129.11
1171.49
543.946
1133.59
967.785
1145.52
961.899
830.988
1230.35
1230.04
1217.6
956.504
827.016
756.077
1061.93
580.175
612.271
740.247
1121.73
1023.23
924.11
776.447
1071.07
977.474
837.513
881.452
1006.97
1111.23
1106.21
713.875
942.229
986.755
1093.52
913.173
959.518
1047.32
957.432
1070.85
882.872
1100.88
956.143
865.116
845.783
1098.67
1107.64
1150.54
1052.72
1146.72
1078.57
868.833
635.022
817.122
904.432
1077.12
826.847
832.526
1100.41
608.017
916.081
901.462
439.366
993.34
1073.99
1175.51
919.075
965.292
830.393
1161.66
677.569
765.778
1050.16
1243.2
820.939
901.766
955.852
694.294
1079.22
807.033
889.161
1125.23
948.898
904.468
898.592
695.185
851.912
1266.74
717.252
557.606
902.514
1071.33
983.091
962.593
772.638
853.288
1104.75
1150.73
590.794
794.859
875.647
701.873
1253.21
755.986
1072.66
1150.59
961.404
771.643
616.354
1157.09
859.345
1035.48
672.272
819.964
865.453
1138.29
1095.02
372.768
816.281
937.154
887.707
1104.54
681.176
1055.68
874.463
919.899
1128.54
568.582
450.309
1136.26
1267.3
918.239
559.55
795.96
756.172
961.53
976.119
515.891
945.802
870.803
1050.88
947.976
1141.1
1310.45
918.429
969.344
672.627
1097.22
901.875
862.852
442.931
813.721
1134.99
1218.94
906.917
635.588
672.769
1050.01
875.336
1122.88
1052.13
1011.93
901.379
934.534
960.584
922.275
347.969
946.368
1190.69
969.184
1091.83
778.214
885.303
1110.12
885.688
1008.6
600.069
983.944
812.998
1086.23
952.556
950.987
706.683
1002.55
1057.55
698.61
652.5
1053.48
1230.61
991.987
1020.78
1149.87
960.918
1190.99
905.96
741.836
744.632
1093.44
1096.11
969.116
1051.49
1080.89
1101.4
1092.73
704.774
806.273
993.677
952.41
1176.01
725.313
828.938
1139.37
1252.16
1117.31
1102.37
788.681
919.051
913.952
683.542
585.818
1031.23
1064.93
1284.16
819.432
970.312
1167.52
785.11
1139.09
909.721
1154.5
1108.11
1264.08
806.481
1005.68
1023.25
1325.98
928.428
1081.79
1137.56
1032.36
940.188
1229.83
1087.29
995.045
988.114
884.834
1267.85
1108.2
1285.32
1206.47
1216.55
946.901
1083.91
542.716
1094.93
961.403
1055.48
880.004
1036.99
1173.96
567.772
1056.09
817.16
563.465
1131.76
1239.88
1176.53
1030.99
805.315
1194.13
1183.66
582.569
980.741
1197.76
1381.15
764.452
1032.15
775.563
1043.12
1288.53
705.246
1193.89
1202.13
847.816
1096.77
944.557
806.373
983.519
1350.48
749.034
560.021
1114.88
1082.31
1081.39
1020.52
873.673
935.579
1175.1
1102.9
688.556
913.37
862.392
970.71
1214.89
992.028
1128.44
1150.34
1093.49
673.695
943.689
1174.53
891.7
1124.44
628.82
878.488
1107.53
1208.53
956.611
391.908
1090.54
1011.67
928.568
1317.27
735.839
1146.07
869.325
1087.86
1035.46
705.865
614.051
1261.66
1331.42
720.358
831.8
706.559
840.652
1125.18
823.88
788.715
1127.67
1011.61
1147.87
983.276
1387.14
1247.71
1042.42
950.98
855.37
1182.37
852.517
1029.12
359.822
1056.18
1257.81
1365.39
808.931
724.169
794.085
999.361
1079.37
1211.96
1127.63
1073.56
932.809
1277.04
889.412
906.345
348.598
1223.86
1224.49
1065.59
1022.39
1010.16
864.779
1340.89
813.615
1076.83
775.071
823.869
1149.93
1173.95
943.428
1115.21
668.423
1253.38
1064.77
747.331
829.469
1135.17
1292.41
1130.99
1086.91
1179.22
1162.56
1245.69
965.662
753.89
887.145
1164.44
1268.65
893.212
1230.26
1107.42
1129.67
1173.11
571.798
1103.73
1020.51
1156.39
1099.68
818.958
1197.42
1242.05
1284.68
1060.73
1040.48
1581.05
857.655
1426.18
1086.79
861.73
607.498
1687.78
1397.27
1693.89
823.652
1547.51
1561.42
1106.43
1440.21
1341.36
1522.62
1582
1405.16
1323.54
1368.09
1392.95
1740.05
1182.14
1304.01
1409.23
1585.83
1089.87
1828.39
1355.91
1334.41
1163.96
1464.2
1687.55
1496.47
1536.05
1691.68
1630.41
1001.14
1213.97
738.938
1619.18
1408.9
1126.44
1362.57
1472.1
1409.5
762.422
1257.36
932.328
985.9
1473.24
1689.84
1465.82
1349.88
1026.45
1712.46
1518.92
612.675
1516.14
1573.67
1551.03
1062.4
1560.62
948.986
1438.68
1715.31
782.589
1665.93
1639.57
1127.72
1269.22
1022.89
1389.68
1421.36
1563.66
791.323
1021.82
1527.28
1392.16
1359.05
1331.78
1057.5
1350.86
1693.5
1151.28
1077.56
1078.54
1097.43
1501.09
1367.73
1423.66
1563.99
1448.38
1426.37
578.557
1580.14
1560.43
1245.35
1335.01
687.754
1452.06
1510.46
1558.48
1069.19
625.991
1547.3
1266.95
1283.86
1629.01
1039.19
1473.91
1181.25
1483.19
1032.74
1127.1
1009.13
1662.65
1620.91
873.161
1004.07
1041.22
1257.47
1549.69
912.306
1264.96
1263.66
1538.38
1526.16
1381.59
1850.8
1618.22
1354.41
1128.77
1221.19
1472.25
1164.33
1162.85
773.564
1553.67
1664.02
1921.36
854.362
975.262
1193.77
1203.92
1543.75
1490.06
1423.73
1421.99
1300
1805.08
1043.83
941.91
783.748
1755.61
1596.71
1382.07
1265.54
1370.16
1196.91
1770.48
1010.18
1142.25
1308.18
923.829
1753.07
1524.05
1214.87
1483.61
918.273
1785.08
1101.17
1065.48
1317.27
1557.71
1681.64
1427.41
1535.31
1400.18
1696.26
1391.76
1261.51
943.51
1425.4
1476.48
1694.65
1098.48
1623.46
1555.36
1518.39
1467.66
820.576
1523.74
1275.7
1560.87
1162.59
1173.29
1615.69
1763.3
1587.82
873.747
1048.88
512.952
1173.56
608.591
506.366
613.185
1214.25
964.024
1049.44
621.71
1092.22
1111.69
778.472
916.225
972.911
1139.57
1100.02
725.155
1070.05
941.457
1059.21
1056.52
869.88
947.789
1003.87
1149.32
809.676
1237.92
901.58
900.022
759.538
1139.4
1104.56
1093.14
1100.27
1099.9
1142.33
733.679
628.228
789.921
955.73
1102.04
821.759
824.647
1077.92
849.003
641.71
926.35
629.722
825.666
983.554
1167.27
945.662
1034.72
765.345
1135.46
899.898
572.496
1070.09
1221.25
829.577
928.224
1131.99
626.888
1071.83
1009.03
738.374
1187.75
1103.76
839.201
869.946
675.075
968.068
1188.15
826.932
564.333
843.565
1089.85
926.503
987.961
814.117
750.898
1118.13
1219.9
702.407
766.099
791.272
712.486
1242.29
803.723
1069.86
1166.12
938.689
862.456
449.57
1246.82
959.287
972.753
741.284
673.801
981.331
1108.74
1160.83
557.447
605.886
1007.4
824.482
988.726
905.776
955.418
1005.05
864.281
1040.29
652.266
584.764
994.033
1201.84
1049.74
468.792
803.813
830.864
926.332
1125.87
591.654
853.61
860.143
1131.1
1065.46
1063.41
1308.5
966.44
934.014
746.06
975.881
966.096
882
580.679
761.029
1198.04
1116.93
1179.83
505.752
743.814
990.314
835.548
1093.65
1043.75
1062.14
1012.58
910.506
1076.82
870.167
449.953
793.501
1213.6
1083.51
1046.61
808.003
868.293
994.526
1061.41
845.624
673.722
987.694
743.775
1195.42
990.168
948.355
791.547
905.107
1153.56
660.817
713.426
1064.11
1149.15
1092.25
957.584
1251.89
962.848
1295.94
844.34
779.884
662.451
1111.24
1046.18
987.806
939.329
1106.67
1137.1
1110.4
879.412
681.127
1068.48
973.902
1094.17
844.093
763.734
1103.94
1248.29
1101.82
