1355.63
1374.36
1621.59
1380.11
1415.09
1356.88
1350.33
1365.17
1390.54
1361.28
1334.78
1369.45
1610.37
1448.27
1282.35
1319.03
1405.76
1370.72
1415.64
1318.64
1341.18
1434.89
1404.88
1418.23
1396.9
1372.08
1407.55
1278.62
1268.49
1428.19
1327.41
1445.76
1573.53
1324.8
1282.29
1257.66
1255.16
1049.99
1348.68
1281.42
1390.14
1263.97
1523.58
1387.69
1194.29
1202.22
1117.29
1167.04
1157.25
1172.75
1354.98
1347.58
1479.61
1360.23
1486.43
1254.1
1410.22
1264.33
1399.29
1315.89
1377.62
1399.07
1524.39
1490.12
1289.27
1309.67
1390.09
1314.35
1393.85
1286.46
1259.66
1323.17
1432.39
1322.54
1117.62
1091.28
1249.47
1341.45
1321.84
1307.12
1338.89
1418.16
1655.79
1370.32
1421.13
1314.04
1463.15
1244.52
1335.4
1390.13
1281.71
1306.84
1543.1
1078.1
1258.45
1266.07
1270.32
1439.68
1267.43
1369.59
1349.68
1356.09
1630.16
1356.59
1377.09
1190.12
1321.57
1349.92
1427
1280.68
1440.37
1306.29
1679.87
1459.49
1369.04
1394.29
1416.82
1355.09
1301.07
1432.82
1281.57
1504.96
1579.11
1396.29
1377.07
1327.17
1484.52
1265.16
1419.65
1191.19
1495.37
1345.57
1575.56
1404.05
1371.24
1420.64
1263.62
1434.73
1249.98
1473.33
1207.62
1455.17
1668.5
1418.65
1367.11
1329.45
1336.14
1347.5
1396.54
1368
1281.24
1451
1619.91
1364
1419.3
1295.62
1440.77
1336.83
1318.51
1332.08
1384.43
1415.84
1633.29
1392.99
1360.02
1375
1348.5
1366.61
1281.92
1364.37
1410.63
1411.04
1659.83
1375.62
1392.88
1379.08
1328.39
1296.38
1238.3
1219.49
1250.67
1253.39
1585.31
1410.5
1424.43
1399.08
1334.28
1320.75
1407.69
1374.27
1373.79
1322.26
1662.87
1382.68
1437.03
1323.81
1438.08
1277.91
1394.34
1357.27
1340.7
1161.92
968.539
1406.68
1234.39
1158.8
1194.6
975.088
1176.64
1056.94
1275.1
1058.16
1129.64
1375.8
1322.88
1057.41
1097.45
1033.65
1203.41
1090.37
1082.61
1095.09
1094.64
1379.95
1211.16
1037.56
1131.68
1119.35
1122.91
1042.11
1112.67
1126.95
1137.88
1417.98
1163.73
1080.6
1092.77
1003.59
944.141
867.724
1077.05
1115.96
1130.34
1248.16
1214
1037.86
1000.85
958.74
938.658
1025.01
1006.91
1056.65
1097.42
1350.41
1209.71
1204.38
1026.02
1172.82
1006.27
1197.83
1089.38
1040.08
1156.68
1375.01
1285.7
1150.17
1054.83
1142.47
1105.86
1192.51
1071.18
1012.81
1143.55
1328.98
1103.12
946.493
939.236
1010.99
1082.06
1080.43
1073.53
1092.26
1200.9
1336.08
1279.17
1110.48
1137.6
1140.21
1064.1
1079.51
1169.24
1094.18
1047.77
1416.33
977.046
1021.23
1076.21
924.538
1169.37
1072.04
1143.36
1051.56
1108.6
1418.3
1190.6
1200.77
907.579
1151.46
1060.45
1151.11
1130.09
1102.84
1133.79
1425.53
1309.88
1080.42
1144.53
1106.31
1152.89
993.708
1195.29
1018.84
1177.59
1482.48
1157.72
1147.47
1135.51
1108.12
1156.55
1021.9
1137.17
1129.73
1100.89
1394.2
1174.49
1163.3
1149.14
1089.26
1124.71
1066.96
1184.37
1103.62
1076.33
1490.98
1242.14
1132.18
1086.13
1183.74
1046.14
1154.97
1144.1
1081.88
1028.02
1454.37
1286.69
1136.06
1114.56
1122.13
1134.69
1123.49
1068.62
1165.61
1141.79
1448.97
1238.05
1110.29
1118.23
1107.11
1180.18
1048.99
1078.58
1199.56
1105.42
1475.01
1227.64
1095.09
1143.17
1088.36
1118.84
1018.21
1015.09
1091.48
916.982
1366.75
1360.72
1129.61
1205.66
997.471
1147.16
1104.33
1201.47
1074.55
1089.8
1426.1
1282.3
1212.04
1050.14
1170.9
1133.23
1155.48
1052.62
1165.81
1001.85
1244.65
1210.01
1125.97
1161.79
1037.13
1057.95
1130.03
1189.2
1074.63
1149.74
1248.12
1276.5
1099.5
1022.3
1123.02
1054.34
1112.19
1065.2
1144.65
1070.89
1200.94
1171.39
1145.69
1001.51
1173.33
1059.11
1011.55
1138.68
1068.44
1144.64
1258.71
1183.09
1060.54
988.5
1041.66
943.035
824.825
1051.64
1104.37
1096.45
1188.99
1231.5
957.464
914.178
1014.47
999.247
961.571
910.596
1156.3
948.708
1320.67
1271.84
1043.4
1096.17
1071.86
1087.15
1111.1
1071.91
1124.31
1021.08
1368.05
1211.68
1060.08
1140.66
1035.7
1096.75
1108.52
1085.46
1056.26
1097.53
1180.94
1105.46
986.725
911.572
932.688
1020.24
1161.39
1032.97
1082.31
1075.41
1300.41
1262.51
996.618
1167
1101.26
1124.09
1040.27
1112.35
1086.98
1025.47
1297.01
1066.22
845.19
1121.19
951.568
1060.41
1061.8
1084.17
1111.57
1061.17
1233.98
1304.19
1016.37
1023.67
1060.42
1101.61
1109.25
1098.61
1101.82
1091.58
1339.71
1203.36
1147.85
1050.39
1201.41
987.282
1081.27
1126.39
1087.26
1108.36
1345.99
1244.72
1083.59
1132.68
1122.39
1078.46
1102.06
1105.35
1029.2
1079.67
1297.51
1238.62
1087.76
1134.85
1098.46
1046.98
1111.06
1113.88
1073.68
1086.7
1380.36
1201.15
1098.86
1059.43
1153.19
1013.6
1134.46
1148.42
1070.85
1082.6
1285.14
1238.05
1135.02
1040.51
1158.04
1073.94
1154.78
1048.29
1140.15
1114.76
1365.89
1170.67
1155.67
1060.86
1130.91
1108.47
1089.82
1072.15
1130.04
1141.27
1308.89
1232.64
1084.62
1069.5
1138.3
1062.28
1036.12
1044.63
940.281
961.562
1285.59
1260.01
1112.58
1115.28
1082.85
1092.19
1107.6
1181.05
1027.71
1089.47
1290.2
1230.89
1196.38
1101.41
1123.8
1090.1
1106.05
1054.56
1100.84
1093.13
1766.36
1700.22
2012.58
1783.98
1724.65
1747.76
1648.78
1719.74
1677.57
1770.33
1641.95
1707.66
1953.02
1856.19
1584.66
1664.15
1710.48
1827.44
1732.29
1740.73
1700.14
1748.34
1686.79
1800.97
1721.63
1819.76
1759.57
1695.81
1695.62
1724.84
1672.14
1790.72
1967.7
1771.09
1501.41
1570.13
1508.9
1522.14
1459.31
1705.96
1718.68
1520.55
1935.33
1802.12
1409.63
1462.61
1447.61
1465.43
1407.51
1396.36
1686.7
1556.78
1927.04
1743.25
1749.07
1688.69
1642.45
1708.21
1667.17
1767.98
1719.64
1669.78
2006.06
1738.25
1669.35
1638.65
1738.35
1744.94
1706.94
1713.53
1542.11
1713.3
1683.84
1565.45
1424.94
1427.43
1489.43
1699.99
1725.94
1670.5
1773.41
1824.66
1961.13
1774.83
1732.46
1692.85
1758.64
1682.08
1724.55
1760.11
1639.86
1545.42
1866.59
1386.89
1505.68
1568.92
1763.72
1641.39
1713.03
1737.02
1627.18
1794.35
1934.74
1713.8
1734.21
1521.79
1661.41
1786.87
1700.16
1734.11
1652.22
1872.61
1888.6
1838.97
1749.76
1786.59
1805.8
1744.15
1733.45
1816.86
1764.89
1804.83
1983.58
1779.99
1726.22
1770.58
1808.94
1673.72
1689.72
1674.29
1758.16
1798.72
1971.06
1770.33
1847.26
1738.32
1670.22
1712.35
1708.03
1804.84
1704.87
1823.78
1992.84
1783.1
1776.2
1745.69
1669.76
1771.47
1751.76
1746.22
1737.1
1761.89
1957.48
1828.54
1741.1
1636.51
1791.62
1756.7
1652.94
1736.64
1695.93
1711.86
2013.32
1805.91
1679.56
1742.69
1741.11
1652.15
1659.3
1767.18
1736.12
1881.4
1948.9
1817.73
1806.17
1732.44
1742.26
1636.76
1554.42
1529.34
1557.43
1513.03
1888.96
1827.32
1782.66
1707.48
1741.1
1676.71
1744.87
1779.51
1697.85
1779.64
2006.2
1722.16
1715.08
1705.72
1776.3
1693.86
1798.45
1683.31
1750.44
1644.13
1739.2
1700.52
1700.04
1797.12
1698.06
1703.35
1680.01
1736.26
1670.29
1606.4
1741.14
1767.3
1694.37
1600.89
1688.88
1749.43
1670.16
1720.16
1696.69
1690.54
1487.69
1732.8
1733.28
1764.42
1721.29
1715.94
1709.92
1730.2
1669.3
1709.98
1709.36
1708.66
1603.58
1454.06
1477.67
1606.8
1345.6
1748.94
1704.55
1559.53
1654.87
1689.6
1485.3
1509.21
1424.81
1344.32
1417.38
1388.13
1582.1
1572.64
1671.09
1642.14
1724.63
1656.77
1724.05
1640.03
1700.69
1773.95
1737.25
1686.69
1716.23
1712.99
1687.45
1676.56
1734.99
1639.54
1736.74
1707.01
1626.2
1651.18
1484.21
1514.21
1442.79
1357.18
1414.31
1658.52
1647.85
1730.69
1680.49
1735.24
1764.36
1721.01
1759.43
1713.79
1703.89
1717.64
1675.6
1720.53
1623.87
1575.45
1650.43
1344.93
1391.55
1571.63
1603.62
1730.48
1704.46
1702.81
1666.97
1743.28
1705.96
1706.31
1698.06
1509.38
1708.7
1698.23
1694.8
1741.43
1649.34
1723.47
1738.51
1748.03
1743.6
1766.01
1785.95
1745.74
1634.26
1772.4
1731.9
1771.33
1787.52
1744.52
1653.62
1795.99
1759.45
1666.37
1635.96
1699.48
1681.45
1732.26
1737.88
1730.17
1727.62
1721.76
1718.75
1704.74
1674.47
1720.73
1665.4
1766.09
1867.88
1727.08
1718.37
1731.16
1751.91
1756.34
1722.59
1750.6
1689.91
1711.67
1751.62
1713.34
1761.39
1607.46
1810.32
1760.67
1678.13
1705.41
1792.93
1649.93
1768.05
1751.76
1712.27
1733.27
1742.71
1703.54
1658.27
1725.8
1800.56
1724.75
1793.84
1744.45
1850.45
1733.65
1731.94
1666.49
1463.08
1522.16
1494.53
1498.65
1567.65
1687.7
1810.48
1749.72
1736.37
1692.58
1737.53
1710.67
1657.93
1737.27
1730.96
1667.95
1727.94
1729.16
1708.02
1735.32
1706.29
1730.01
1688.79
1632.93
