797.633
1736.78
1423.48
1474.92
1237.97
712.596
1387.79
1648.82
1382.22
1085.09
1228.71
1645.11
1534.31
1258.19
791.408
945.791
1465.51
842.384
1054.49
958.703
1451.61
1510.63
1210.98
1534.98
1164.51
1168.93
1603.2
1014.78
1306.14
1657.17
1295.9
1276.07
1035.46
810.031
1261.3
1070.51
1119.32
912.044
1348.56
1284.52
1683.71
1099.02
1104.85
1214.25
1253.57
1063.01
949.923
668.843
1738.7
1184.45
1081.06
1303.05
1140.23
1397.69
1291.72
1158.94
1042.48
968.632
979.577
1896.53
1389.42
1527.7
951.48
1524.85
1419.14
772.511
1139.11
1358.68
699.987
1247.1
1465.12
1374.95
1241.3
1212.95
1415.48
1033.01
959.799
1462.29
840.157
947.642
916.208
933.756
680.19
1470.62
1041.98
1506.88
1214.67
1020.03
1081.64
1312.03
988.076
1170.03
1062.3
1215.34
1289.44
1509.29
1139.88
866.714
1410.63
1470.29
1351.56
993.916
937.277
949.563
1451.77
1323.73
1336.99
640.347
1039.52
1388.61
1550.68
1603.17
992.021
1459.54
1154.47
978.379
1090.2
992.146
1031.11
1512.13
995.08
1092.36
711.559
1202.65
1665.5
1403.62
1144.23
1333.14
992.788
1181.76
1666.1
1166.9
1327.56
1548.35
1237.21
1237.95
1236.25
1006.11
350.87
855.164
968.873
1359.97
1615.71
1426.51
1373.27
1044.22
1451.72
966.752
1154.65
820.759
1226.99
1367.55
1316.02
1456.63
863.386
1750.78
1008.53
1043.04
1211.22
948.404
948.971
1320.88
1551.25
1495.79
1184.25
1305.45
1214.58
1440.48
1207.51
1188.94
656.106
756.674
1268.66
1530.79
917.345
1292.9
787.204
1414.89
1330.39
820.642
1464.94
1228.2
1018.31
967.828
1045.59
1416.98
1759.15
1366.79
919.931
1317.57
1484.69
1225.38
982.172
974.105
1576.16
787.684
993.3
1394.86
1221.2
993.572
1071.08
1804.49
1677.66
1637.57
1428.96
1004.85
1210.4
1834.64
1723.84
1370.48
1325.45
1702.27
1727.21
1646.4
963.329
891.448
1527.36
918.753
1194.94
1198.97
1568.22
1666.56
1672.29
1575.67
1362.78
1385.37
1606.36
1397.35
1346.52
1883.19
1704.17
1437.48
1397.66
747.315
1351.92
1198.7
1289.12
1043.34
1389.16
1500.98
1830.73
1560.72
1138.46
1212.55
1425.54
959.896
1605.56
531.447
1772.41
1813.56
1043.85
1537.17
1297.86
1485.38
1534.55
1189.23
1236.09
1123.69
1200.1
1839.68
1720.88
1714.93
1344.99
1412.45
1770.7
1235.02
1080.43
1596.74
963.16
1208.71
1683.42
1476.88
1595.53
1180.88
1578.27
1528.62
852.452
1432.61
1047.03
1061.9
1007.73
1371.31
633.25
1442.34
1356.03
1396.31
1710.68
1161.62
1119.36
1333.39
1067.55
1548.64
1226.93
1466.55
1421.6
1564.07
1576.36
1151.43
1365.86
1761.5
1557.75
1123.97
1349.44
788.905
1749.78
1345.6
1555.96
860.829
1086.79
1557.06
1749.1
1885.03
1279.33
1575.1
1435.57
1248.29
1320.82
1087.2
1320.46
1591.91
1086.79
1238.3
917.816
1220.37
1840.29
1886.46
1223.32
1631.09
1262.46
1152.59
1773.1
1657.14
1595.92
1497.44
1327.21
1705.29
1293.91
1365.09
485.622
863.598
898.674
1334.36
1465.56
1925.49
1503.47
1503.09
1548.41
1253.2
1321.61
1057.52
1359.98
1750.16
1489.77
1458.94
1497.44
1532.76
1318.91
1249.2
1348.57
950.121
1145.29
1408.59
1857.17
1524.61
1418.48
1514.22
1436.82
1683.52
1190.38
1493.16
808.727
828.647
1518.08
1716.35
1227.6
1432.38
1086.13
1309.88
1535.45
905.91
1364.48
1713.06
1115.44
1221.43
1407.48
1554.85
1812.75
1647.1
1216.16
1218.3
1541.71
1546.19
1346.28
1262.15
1502.37
1227.79
956.025
1433.17
1532.62
1218.12
1020.01
1138.31
1416.7
3170.91
2582.94
2693.6
2217.3
1256.47
2478.71
2935.24
2492.57
1994.98
2223.76
2865.95
2747.19
2428.11
1346.5
1637.4
2455.74
1503.42
1930.2
1739.73
2609.43
2690.29
2220.21
2759.23
2090.3
2138.53
2763.84
1817.15
2311.25
3036.93
2391.98
2290.15
2025.94
1257.57
2342.87
1966.75
1948.42
1711.18
2362.06
2352.3
3042.34
2026.32
2053.86
2108.89
2178.67
1764.15
1859.18
1074.3
3089.41
2386.26
1837
2423.05
1949.59
2468.49
2417.48
2070.22
1852.69
1739.59
1804.13
3172.02
2488.01
2650.84
1792.7
2723.98
2627.2
1474.06
2029.03
2470.36
1251.68
2214.42
2807.2
2263.46
2307.76
2100.39
2501.47
1984.49
1585.57
2646.24
1621.76
1662.88
1580.52
1791.02
1215.1
2632.32
1916.8
2454.63
2380.91
1780.83
1950.72
2231.49
1799.13
2236.41
1875.94
2136.99
2305.67
2605.11
2172.48
1676.94
2452.32
2748.43
2484.53
1810.04
1808.38
1646.54
2574.84
2395.22
2525.7
1056.3
1777.15
2539.09
2915.31
2907.07
1821.22
2564.33
2112.53
1750.18
2076.67
1717.85
1914.12
2706.09
1777.44
2017.72
1295.62
2194.37
3021.25
2623.82
2011.55
2354.16
1799.49
2040.01
2995.93
2180.62
2548.74
2652.63
2280.16
2288.91
2168.16
1919.26
592.662
1533.33
1673.66
2433.54
2737.72
2767.51
2517.8
1914.48
2674.7
1780.74
2019.05
1563.39
2193.51
2656.93
2433.29
2524.54
1730.09
2949.63
1839.49
1856.96
2190.43
1646.57
1750.56
2289.52
2976.8
2615.36
2123.42
2453.15
2181.68
2624.73
1969.82
2241.05
1115.62
1315.23
2359.96
2798.93
1680.97
2451.45
1487.85
2440.24
2429.97
1430.65
2577.99
2451.83
1674.68
1744.16
2023.21
2394.05
3084.88
2488.57
1711.57
2206.24
2702.07
2141.1
1816.03
1655.85
2729.71
1469.23
1689.19
2568.6
2161.59
1837.85
1845.75
1150.34
1963.32
1496.33
1590.9
1289.33
886.529
1688.29
1840.35
1486.22
1226.39
1398.65
1933.31
1772.51
1192.72
947.177
1257.36
1412.36
836.593
1335.58
1132.03
1679.27
1763.51
1406.09
1643.19
1261.33
1494.52
1875.75
1096.65
1547.73
1988.13
1446.72
1420.96
962.737
1172.95
1292.88
1245.83
1210.06
1058.82
1631.57
1490.95
1920.97
1244.66
974.019
1473.93
1312.24
1311.19
801.867
1130.32
2030.25
1291.5
1293.24
1310.64
1361.44
1627.11
1245.62
1398.36
1284.07
1151.86
1235.87
1818.13
1610.24
1685.94
1165.53
1689.38
1473.56
990.376
1326.41
1590.5
880.228
1401.08
1657.33
1521.74
1335.47
1454.3
1563.78
1121.29
1074.14
1528.51
681.043
1109.07
1569.87
748.387
881.479
1631.08
1275.05
1617.69
1200.55
1297.37
1090.02
1406.69
1420.19
1245.61
1310.06
1420.26
1413.35
1726.19
1160.29
1150.88
1715.38
1773.14
1371.39
1136.9
1002.91
1370.39
1573.77
1404.04
1364.39
707.313
1341.54
1717.02
1712.53
1591.17
1373.09
1629.99
1229.38
1265.26
1282.67
1144.99
1292.9
1569.39
977.768
1178.23
955.688
1634.81
1928.4
1337.15
1527.88
1482.77
1205.84
1408.36
2003.72
1341.68
1499.58
1561.39
1563.45
1301.85
1473.31
869.111
599.497
909.241
1136.55
1513.92
1802.18
1542.52
1825.82
1204.87
1566.94
959.79
1659.78
833.02
1651.59
1517.35
1415.8
1784.14
1057.94
1720.64
1224.51
1404.55
1103.77
990.61
1243.8
1544.38
1663.73
1707.91
1278.38
1632.75
1512.9
1364.93
1432.45
1099.41
877.423
1190.43
1225.4
1811.44
1301.53
1336.97
941.372
1617.41
1285.62
914.456
1739.28
1179
1352.2
1299.28
1384.48
1599.85
1873.26
1533.44
1070.88
1412.13
1652.74
1424.1
1153.07
1263.17
1548.8
799.111
1305.46
1737.53
1252.84
932.264
1126.86
1401.99
2565.26
1970.91
2046.1
1764.77
1141.57
2206.72
2428.87
1948.64
1563.79
1786.43
2520.21
2266.52
1618.76
1215.87
1609.22
1898.11
1149.12
1765.06
1444.19
2151.31
2172.85
1777.62
2181.36
1688.41
1891.01
2405.15
1461.76
1980.52
2619.34
1813.39
1848.04
1298.19
1426.2
1826.18
1565.02
1655.58
1368.93
2138.23
1879.06
2483.32
1695.96
1369.96
1881.9
1835.23
1660.95
1126.46
1333.23
2686.08
1674.3
1728.84
1716.27
1753.62
2187.47
1688.41
1751.75
1520.15
1442.73
1681.78
2381.63
2068.95
2217.93
1467.51
2234.05
1965.78
1221.99
1765.22
2047.94
1122.57
1938.75
2264.51
1925.26
1810.03
1791.62
2005.11
1399.08
1503.97
2050.63
1085.39
1395.74
1658.39
1134.98
1139.56
2198.8
1705.23
2122.04
1629.46
1710.58
1488.67
1904.37
1706.55
1632.99
1617.23
1756.14
1912.84
2347.74
1513.52
1419.91
2229.66
2310.81
1903.53
1460.05
1297.27
1701.45
2038.41
1984.23
1879.48
927.366
1667.78
2167.39
2234.51
2186.41
1683.01
2100.33
1647.51
1542.81
1640.46
1404.93
1591.82
2120.54
1361.81
1624.79
1158.4
2068.62
2512.78
1864.64
1931.67
1981.1
1501.16
1789.26
2560.26
1755.33
1995.5
2095.74
1913.74
1731.19
1890.57
1256.84
683.347
1337.88
1470.89
1962.28
2302.2
2093.76
2313.82
1516.38
2099.18
1202.55
2088.43
1069.72
2060.04
2092.4
1894.31
2150.26
1316.6
2374.48
1530.29
1723.38
1527.72
1311.68
1618.54
2036.32
2255.37
2186.18
1781.08
2013.86
1874.13
1877.31
1803.97
1467.21
1120.56
1418.68
1599.62
2429.9
1677.08
1813.84
1277.72
2059.24
1786.92
1153.77
2272.37
1602.35
1714.04
1550.43
1660.7
2103.37
2487.96
2031.93
1330.74
1934.35
2170.75
1659.81
1367.2
1583.25
2113.46
1086.96
1643.57
2173.35
1736.13
1346.85
1576.62
