1297.71
1805.64
1333.23
1999.88
1322.02
1082.67
1272.3
1546.24
1316.51
1349.01
1570.54
1553.2
1519.75
1404.94
1534.99
1399.21
1185.6
1596.15
1616.62
1355.37
888.782
924.207
1001.38
1239.67
2181.51
1970.14
1628.37
1368.32
662.933
855.386
1206.08
1292.23
2158.91
1580.82
1916.05
1432.15
1030.59
1460.79
1950.49
1722.14
928.619
1077.95
1450.79
1418.75
1963.94
1407.48
954.799
1424.82
746.697
854.168
1542.48
1504.43
1451.37
1593.93
1801.47
1355.59
549.362
762.154
1162.31
1044.94
519.315
1157.65
1433.79
1260.58
1941.01
1206.09
935.106
636.918
1144.11
1491.33
1604.71
1245.65
1343.95
1060.21
1537.35
959.54
1082.88
1783.15
1656.15
1069.78
459.165
1547.22
1511.37
1790.31
1938.52
2359.63
2004.88
1558.72
1137.6
1479.82
1541.56
2220.89
1583.21
1106.49
1731.41
1464.32
734.919
763.162
1373.73
1058.75
1183.66
1452.18
1077.19
1825.8
1610.73
1478.88
1174.89
1661.13
782.693
1374.8
1170.63
1036.53
868.34
1015.4
1270.62
1020.31
1788.36
880.346
1652.53
1003.65
1456.96
1336.78
1166.46
1441.31
1438.03
1491.47
912.79
1017.77
1427.71
1312.66
1571.22
1033.01
1596.16
1840.03
1800.77
1418.18
594.634
1404.64
1645.1
1509.74
1607.86
1368.53
1604.17
2307.8
1490.01
1290.88
928.788
1039.67
1448.06
621.326
601.925
840.684
937.952
1760.52
1669.27
1033.73
2502.94
1568.18
992.713
683.925
1239.97
1215.66
1064.21
1185.6
2050.07
1405.43
797.827
832.747
1366.25
1975.73
1434.4
1240.68
950.362
735.434
1561.37
1219.95
1296.79
1633.05
1643.62
2131.57
1571.69
1856.42
1463.62
1841.48
1787.84
1093.54
2074.91
1517.97
1177.5
1090.31
587.553
1775.41
1482.78
1038.94
1399.95
1473.31
1490.17
1055.29
1709.09
894.56
975.617
552.239
691.859
486.946
708.973
808.436
515.883
469.769
554.841
551.722
608.881
591.149
551.894
585.703
747.975
843.921
708.768
425.16
664.27
649.565
554.349
285.433
275.258
426.03
528.571
1079.89
996.042
717.451
518.803
198.167
373.278
457.031
512.917
787.697
786.589
1021.7
686.358
381.693
562.616
600.12
804.995
477.653
484.315
485.831
611.45
1069.6
735.801
361.05
449.684
423.896
307.461
669.574
499.905
589.683
705.333
920.122
607.109
253.854
336.29
488.013
443.814
287.843
431.468
576.186
559.088
846.585
500.349
390.562
300.06
452.42
467.729
635.311
505.816
562.939
374.948
939.165
485.433
505.143
797.493
812.988
359.807
225.839
581.238
530.39
827.755
897.837
863.132
880.848
662.108
454.904
587.687
577.836
843.88
521.919
483.102
891.585
664.385
256.425
319.868
642.084
517.94
383.961
548.18
466.053
845.702
885.875
542.718
372.942
699.264
380.248
409.624
519.823
457.733
367.835
380.151
735.838
363.169
816.18
394.474
625.115
404.927
481.163
651.1
459.695
537.094
732.517
726.591
507.504
409.498
582.083
479.705
605.322
392.907
646.775
844.855
884.378
666.817
181.261
510.071
754.511
710.768
575.147
452.91
766.759
886.536
892.656
630.835
337.69
434.655
612.936
349.997
274.772
351.488
439.974
748.791
789.184
441.258
755.662
930.436
486.219
340.889
369.223
493.056
424.819
378.006
978.726
579.426
432.89
383.971
484.844
756.353
592.925
635.094
361.186
374.31
719.225
519.519
392.081
713.294
652.475
855.636
543.752
701.224
641.88
689.332
1037.82
534.098
841.725
722.167
492.182
452.722
242.987
583.673
801.095
582.002
793.217
543.743
605.215
463.315
706.756
266.82
409.128
500.746
627.582
442.322
795.65
468.971
435.804
550.653
700.918
504.423
544.35
566.811
698.158
458.867
566.632
442.704
575.224
490.308
642.878
578.249
474.257
292.384
422.656
412.367
469.291
913.317
765.65
572.413
602.129
216.766
345.988
518.821
545.502
771.654
589.066
670.167
696.109
394.306
625.973
761.788
637.799
367.567
455.455
581.735
497.77
706.911
481.873
454.987
432.171
318.398
331.115
658.756
502.452
548.456
560.912
784.45
502.443
219.359
246.956
466.785
394.273
300.873
338.969
556.017
602.402
680.452
424.166
417.982
236.491
490.182
526.992
595.575
436.96
551.271
428.708
579.027
407.286
426.698
625.176
510.859
368.674
179.299
720.144
519.174
755.716
626.966
1033.33
946.505
491.573
344.354
540.074
573.872
911.707
515.284
506.946
636.659
565.025
318.096
261.088
578.403
455.989
450.481
500.445
374.876
655.252
536.44
704.489
472.136
633.734
369.753
435.071
456.464
508.879
354.872
348.711
419.276
380.584
568.951
318.695
680.526
378.588
607.774
590.862
506.903
635.416
361.729
628.248
286.202
356.813
655.739
443.809
533.639
433.002
625.104
661.52
667.462
631.161
222.86
542.768
641.614
657.215
657.44
571.606
560.045
757.846
595.89
490.252
380.051
475.827
695.421
277.953
250.841
315.832
415.543
716.065
506.553
428.502
958.763
529.961
376.917
342.171
386.482
505.763
386.365
480.298
644.757
606.239
278.452
399.527
531.092
854.089
560.735
488.584
285.722
313.419
602.963
432.757
490.806
689.712
573.583
672.708
682.271
818.074
408.372
777.348
670.954
446.946
919.667
646.429
517.608
415.199
288.996
544.921
628.787
479.118
512.656
463.101
503.396
387.926
565.409
403.97
396.186
2012.15
2201.28
2412.32
2464.99
2778.36
1596.62
2325
2133.23
2754.66
2381.31
2398.98
2503.53
2577.03
2500.04
2216.34
2215.98
2203.81
2434.68
2832.44
2501.83
1953.77
1203.63
1573.07
1431.76
2079.34
3268.34
2914.13
2292.53
2032.11
1841.67
1823.66
2348.9
2368.27
3365.93
2417.9
2397.95
2188.91
2399.34
2722.67
2902.6
2424.93
1578.48
2143.59
2370.79
2324.28
2788.9
2116.61
1496.23
1988.97
1307.74
1561.26
2634.05
2047.2
2438.43
2142.91
2669.74
1724.39
908.515
1600.7
1812.3
1475.87
1581.98
2038.64
2458.39
2228.54
2583.95
1875.39
1324.36
1662.1
1951.2
2641.86
2624.26
1726.56
2366.95
2204.89
1833.95
1589.84
2275.64
2542.57
2186.32
1433.77
1071.8
2560.15
2540.56
2397.64
2806.56
3073.23
2991.47
2126.1
1926.11
2199.38
2944.21
3040.07
2217.4
1826.07
2124.76
2138.26
1438.45
1858.7
2480.42
1801.6
2256.36
2363.47
2154.71
2513.68
2146.7
2492.86
1890.26
2462.04
1765.48
2065.75
1883.46
1749.77
1460
1538.65
1347.69
1951.31
2652.41
2209.63
2320.87
2388.08
2562.36
2327.61
2211.54
2126.31
1838.87
2450.44
1346.23
1795.9
2199.01
2360.17
2186.7
2251.06
2669.45
2727.21
2647.81
2206.51
1688.25
2622.46
2845.97
2430.75
2588.3
2573.3
2745.34
2628.65
1873.56
1914.28
1556.35
2175.71
2082.02
934.607
1425.14
1457.38
1836.32
2892.08
2590.38
2525.27
3411.09
2155.57
1381.74
1257.21
2032.14
2181.93
1958.79
2319.02
2604.87
2235.39
1995.92
1973.49
2807.42
3285.14
2423.12
2214.78
1875.92
1817.96
2114.63
1917.32
1850.37
2468.75
3247.05
2931.71
2431.36
2568.48
2623.07
2730.76
1990.94
2049.55
3083.15
2611.87
1811.26
1284.25
1460.19
2469.17
2133.52
1661.77
2142.75
2121.08
2225.78
2051.36
2257.81
1590.69
1400.76
1751.01
1585.06
1755.41
1705.73
1280.19
1924.34
1682
2007.51
2151.42
1724.58
1777.34
1827.89
1920.38
1456.45
1989.74
1719.86
1885.4
1990.18
1656.59
1236.16
1009.81
1247.62
1017.44
1767.81
2236.03
1824.49
1682.09
1501.73
1585.89
1616.52
1888.62
2027.21
2060.42
1645.61
1806.58
1664.52
1903.26
2080.76
2032.06
1593.74
1298.63
1673.76
1741.71
1890.83
1929.52
1156.22
1258.55
1290.1
932.555
1583.59
1849.99
1725.21
1742.13
1458.3
1729.09
929.251
1009.04
1252.33
1278.92
1174.46
1452.61
1728.21
1841.8
1784.13
1587.1
1446.48
1025.49
1511.8
1491.8
1990.73
1686.49
1493.96
1760.06
1732.16
1318.1
1332.61
1742.38
1845.13
1507.49
818.076
1266.32
1719.16
1908.53
1542.33
2130.03
2141.58
1725.68
1525.94
1586.35
1571.67
2153.25
1904.07
1326.86
1469.43
1680.21
1509.49
934.521
1779.72
1532.33
1560.73
1924.41
1735.84
1778.5
1652.76
1698
1461.99
1712.05
1614.98
1476.16
1440.13
1299.91
1137.76
1251.55
1223.7
1082.77
1699.26
1752.62
1953.8
1519.52
2134.62
2032.44
1561.81
1669.23
1268.58
1570.78
1407.32
1027.5
1474.61
1739.99
1797.69
1559.47
1727.08
1964.75
1860.19
1849.79
1387.16
1655.16
2114.3
1988.76
1697.94
1815.35
2056.44
2109.66
1464.26
1477.78
1265.33
1268.77
1715.09
1107.77
841.985
1233.91
1172.97
1703.6
1963.28
2005.33
2122.77
1984.5
1419.95
984.408
1137
1618.67
1634.54
1766.81
1672.43
1767.25
1713.63
1945.01
1643.3
2238.39
2277.52
1550.29
1941.97
1543.27
1554.44
1626.2
1536.35
1596.24
1932.15
1974.87
1891.51
1799.69
1565.36
2028.44
1767.07
1450.98
2013.99
1741.92
1678.81
1331.79
766.027
1486.83
1625.68
1231.44
1344.19
1574.86
1527.67
1362.19
1666.47
1376.93
1200.06
