1436.85
1129.5
1381.28
1112.18
1233.5
912.17
1246.09
1608.84
1489.67
1084.98
1463.75
1336.58
1352.11
923.934
1089.38
957.503
1293.78
1275.5
1208.38
1386.04
1126.97
1041.94
1277.68
1448.69
1335.41
1036.34
1067.86
1289.23
1431.5
762.373
977.871
618.434
1185.89
1264.09
1084.22
1369.48
1334.64
1362.49
1093.54
1061.34
1428.08
1476
1401.36
1340.33
1326.11
1203.42
795.217
902.18
1287.62
1171.04
1360.27
1391.44
1585.23
1216.57
1007.88
940.507
1748.92
1401.65
1260.96
1491.64
1518.5
1221.4
566.492
1357.03
1261.02
1185.23
1187.44
1356.65
1095.47
1438.16
1022.29
1183.03
826.038
1482.34
1070.57
1305.94
1473.5
1620.31
686.897
584.7
1098.83
1479.93
1281.22
1189.9
1071.85
1308.34
1379.42
1090.96
998.074
1372.9
1596.09
1230.97
1157.7
1347.31
1226.89
939.219
1264.84
1118.22
1388.31
1121.07
1361.13
1227.61
990.98
1149.96
1021.35
1173.43
1365.59
1329.29
1267.05
1397.3
1265.56
1365.19
1138.48
1114.21
1090.38
1286.2
1089.61
1000.73
1192.94
1541.76
1156.72
1644.19
1175.16
1189.08
1089.48
1013.75
1286.56
1273.51
1347.54
1206.21
1439.58
1281
649.652
1240.86
1008.78
554.916
1049.95
1172.64
1354.56
1238.76
1197.21
656.199
1037.54
1053.29
1145.54
1286.17
1033.43
1329.29
1398.97
1635.7
1371.74
1075.48
652.59
1180.49
1608.36
1318.96
872.972
1589.38
1205.68
1089.82
953.087
1028.11
1398.73
1636.66
1286.9
1332.59
1344.53
1302.27
1354.95
551.011
725.827
1270.51
1136.87
1520.11
1532.5
1183.68
1259.5
1340.61
1233.06
966.863
873.274
1520.81
1597.31
1460.93
1240.77
1454.99
1146.8
729.826
1040.23
540.476
1297.68
1510.61
944.205
901.061
948.725
1593.48
1148.12
1134.1
1392.56
939.891
1003.01
1462.58
1332.95
1152.67
1416.28
1051.46
1293.72
924.273
1644.96
1615.11
1094.45
1441.35
1398.47
1475.28
776.114
1191.1
1222.63
1005.99
1548.45
1041.07
1455.15
1426.96
980.063
1191.32
1415.34
1429.52
1320.4
977.808
1180.2
1385.01
1194.54
1011.69
452.916
1056.14
1149.95
1314.73
1329.62
1472.22
1181.94
1241.58
1015.72
1352.6
1397.48
1338.8
1402.51
1317.6
1368.31
970.624
716.43
1242.17
1319.15
1119.07
1482.92
1635.17
1359.06
1325.52
678.09
1539.59
1531.6
1417.29
1273.31
1536.02
1340.21
866.582
977.294
1326.66
1287.35
1109.49
1277.9
1326.85
1294.03
1443.61
764.56
1108.01
1239.86
1125.82
1183.48
1479.83
1643.49
1001.91
780.943
697.127
1530.15
1384.7
1164.38
1133.52
1354.28
1447.72
1135.53
1109.61
1125.75
1566.12
1410.74
1212.37
1345.96
1137.13
1146.83
1292.46
1052.7
1304.16
1195.06
1174.3
1472.24
1224.79
1236.96
947.479
1166.36
1269.09
1364.66
1367.38
1204.72
1217.69
1526.89
1136.91
1252.85
1012.8
1339.06
1159.8
1080.93
883.422
1632.11
1313.7
1491.7
1514.41
1080.15
1238.48
1005.12
1160.85
1186.04
1564.92
1145.13
1210.25
1420.52
989.559
1040.85
1080.09
719.676
824.812
1169.03
1331.72
1494.86
1178.1
934.132
557.237
1281.54
1150.13
1249.17
1249.71
1033.02
1338.01
1679.31
1502.21
1117.6
879.151
900.71
1565.34
1552.82
1018.43
1291.89
1463.2
1159.54
830.034
1015.33
1135.1
1821.84
1387.74
1335.55
1360.09
1412.87
1384.19
1052.75
571.447
968.814
1697.36
843.113
1758.39
1271.71
1085.93
1492.16
1221.61
1291.01
594.761
1501.31
1685.49
1613.53
1148.65
1502.01
1293.99
1154.11
765.577
856.929
837.617
1601.97
1477.25
707.293
969.304
1368.34
1226.6
1281.19
1156.74
1333.3
691.287
1570
1339.12
1227.69
1383.23
1162.8
1257.3
1007.11
1875.14
1768.49
1172.47
1511.98
1472.96
1617.89
887.757
1293.84
1241.61
1049.77
1651.7
1107.01
1438.78
1455.53
1103.16
1271.82
1563.94
1476.02
1277.64
992.236
1385.92
1556.61
1249.31
1071.53
397.431
1253.84
1192.96
1443.03
1371.52
1621.45
1442.55
1299.12
1099.17
1375.09
1561.81
1502.71
1595.09
1373.58
1496.17
997.687
812.572
1306.73
1344.36
1256.38
1529.76
1731.95
1440.02
1468.29
820.757
1654.34
1713.5
1559.41
1424.94
1701.13
1460.68
843.892
1105.14
1515.99
1300.09
1232.27
1362.6
1345.24
1375.37
1526.35
902.49
1106.18
1480.1
1242.2
1307.86
1545.54
1673.84
1070.24
771.388
721.121
1680.98
1487.86
1264.15
1242.22
1444.59
1519.63
1242.3
1114.86
1240.4
1724.13
1560.27
1220.03
1436.34
1359.19
1232.75
1388.45
1105.39
1389.29
1372.46
1355.94
1496.04
1231.6
1289.09
1056.57
1222.17
1405.44
1473.54
1455.44
1356.26
1305.24
1545.62
1270.37
1287.86
1038.78
1453.89
1247.81
1170.44
955.93
1749.87
1273.23
1714.66
1553.27
1130.97
1377.06
1060.94
1241.8
1276.52
1639.5
1292.64
1382.6
1555.5
956.242
1104.67
1142.88
809.241
928.397
1204.77
1364.92
1488.68
1269.08
999.758
719.72
1337.91
1256.56
1321.41
1306.9
1200.08
1407.79
1836.22
1672.89
1277.12
881.938
957.292
1655.85
1657.56
1115.13
1385.43
1617.97
1300.96
996.867
1084.38
1182.69
1917.3
1425.95
1378.54
1441.52
1442.45
1508.58
1008.43
619.914
1060.04
1797
993.114
1812.56
1333.3
1225.89
1636.71
1351.54
1356.02
647.559
1568.68
1762.62
1736.04
1230.2
1640.32
1383.29
1084.7
833.203
857.723
1021.66
1684.09
1395.77
689.245
1168.89
1509.14
1398.37
1356
1173.59
1452.7
855.932
1513.23
1344.39
1217.63
1387.07
1131.91
1260.33
995.781
1747.93
1643.14
1077.13
1497.64
1345.81
1489.26
815.46
1236.96
1199.3
1060.08
1547.56
1114.36
1447.36
1394.33
1003.31
1239.64
1422.44
1459.49
1273.35
1043.33
1221.47
1415.15
1169.17
1063.93
466.385
1195.38
1208.75
1366.09
1351.93
1473.11
1273.17
1241.62
1062.38
1386.42
1467.32
1323.12
1503.43
1337.32
1417.76
936.631
790.46
1276.06
1332.17
1196.36
1482.34
1635.97
1356.84
1355.24
762.589
1619.93
1552.03
1399.9
1296.08
1584.87
1321.7
821.604
1091.48
1339.32
1339.57
1176.96
1290.58
1270.39
1344.75
1392.85
820.369
1070.9
1404.39
1144.68
1238.28
1516.43
1659.88
885.463
818.853
787.654
1652.43
1407.02
1226.49
1125.39
1414.92
1471.43
1183.36
1077.64
1215.89
1647.69
1432.49
1219.88
1352.88
1212.62
1128.3
1379.49
1034.06
1417.11
1224.37
1237.31
1476.12
1206.71
1253.17
1029.14
1254.43
1310.21
1362.4
1410.8
1224.76
1244.44
1527.76
1178.61
1283.33
1029.35
1367.07
1226.33
1116.11
847.462
1694.85
1285.36
1620.45
1533.03
1170.52
1327.15
1029.42
1198.96
1205.81
1598.09
1203.12
1294.77
1448.84
945.788
1114.31
1073.39
694.527
896.14
1220.62
1362.59
1456
1256.3
903.27
662.021
1288.43
1180.66
1283.05
1235.66
1140.77
1370.84
1744.68
1569.17
1182.6
883.927
940.578
1648.93
1589.38
1062.63
1367.41
1373.43
1243.41
894.025
1002.84
1171.24
1844.25
1374.86
1334.55
1393.22
1439.55
1431.52
970.694
628.577
1040.97
1666.87
964.551
1734.47
1274.71
1095.66
1431.85
1278.18
1256.03
683.003
1544.45
1647.43
1651.64
1138.47
1504.56
1238.54
1156.79
885.806
804.922
977.166
1624.76
1431.56
757.062
995.355
1348.37
1297.7
1286.86
1201.63
1320.91
764.959
1318.87
1358.69
976.751
1324.8
936.241
1188.13
848.451
1303.56
1491.64
1270.8
1043.7
1320.45
1285.31
1093.29
1001.47
1045.51
831.959
1364.1
1133.34
1082.48
1329.8
990.37
973.462
1187.92
1266.46
1345.21
920.239
1077.03
1192.02
1377.69
643.681
764.546
705.422
1069.38
1239.84
1074.36
1284.46
1223.83
1276.47
931.534
979.473
1278.16
1292.91
1300.93
1275.1
1341.74
1028.48
667.842
919.975
1175.25
1083.22
1260.53
1298.04
1447.73
1313.85
806.533
965.193
1605.38
1309.46
1101.7
1338.06
1340.12
1072.22
533.58
1285.24
1120.95
1011.29
1105.02
1218.93
1089.22
1388.2
789.493
1111.44
879.947
1297.43
987.715
1183.63
1384.73
1456.42
520.144
532.92
1117.79
1354.21
1154.93
1066.54
1152.75
1220.79
1262.75
1068.07
832.26
1378.21
1393.03
1160
1162.49
1245.78
1157.84
887.173
1124.06
1114.92
1214.38
1043.62
1324.96
1117.5
1093.23
1038.39
932.231
1072.69
1240.74
1269.14
1090.71
1228.97
1227.29
1206.44
1048.24
1023.76
1079.89
1146.4
915.365
911.659
1285.27
1337.91
1151.02
1477.8
968.74
1231.08
980.448
949.763
1198.03
1213.01
1200.99
1040.91
1370.85
1082.68
685.797
1211.18
961.722
406.228
1017.39
1130.46
1311.08
1091.4
1161.12
483.921
1159.01
871.275
1046.22
1282.65
961.478
1200.61
1430.5
1458.79
1176.26
1003.64
589.249
1333.58
1545.42
1117.09
876.17
1508.53
1029.75
962.204
926.31
971.776
1391.73
1345.4
1235.03
1253.02
1255.55
1267.94
1209.55
460.568
782.332
1269.2
863.881
1500.98
1291.56
1031.16
1278.41
1156.12
1243.61
804.599
964.652
1440.69
1480.48
1268.02
1187.05
1363.42
1139.16
601.735
999.372
532.127
1336.46
1442.45
771.798
923.885
920.27
1430.32
1050.56
959.999
1379.63
768.269
