991.495
976.608
1006.25
1034.5
1039.93
1030.03
992.682
905.656
1005.94
981.61
1056.17
1015.49
1015.33
1030.97
948.352
914.623
885.738
869.198
902.265
892.848
829.975
801.113
711.982
1019.19
1029.07
951.371
1023.81
1015.73
982.902
1007.95
1012.66
1000.17
1033.01
996.695
1004.49
1016.48
950.171
982.075
1025.42
1013.56
1024.15
1001.18
1026.01
1003.55
1062.7
960.558
1039.38
957.59
958.816
971.389
985.437
1016.08
963.316
1015.3
1013.58
692.87
963.334
1039.55
602.034
983.859
1057.52
992.165
1019.86
662.966
1010.88
1023.76
975.647
909.886
1006.58
1041.34
1023.23
977.826
1014.47
951.93
1025.96
1029.61
1072.02
1059.88
661.914
1021.45
905.511
996.645
1046.2
991.589
985.624
695.973
1026.18
981.512
990.306
1015.34
1020.17
1006.34
1037.01
1021.67
671.681
1037.11
1055.06
1067.02
1040.68
877.79
855.604
1036.8
959.521
1030.78
1022.4
1044.89
1096.5
995.012
1056.68
1024.57
983.804
1015.97
973.443
1028.52
994.83
1041.02
1000.7
1020.19
1037.35
982.946
1020.01
1068.3
1003.88
1021.92
1057.3
1066.91
1047.24
1064.91
979.28
1053.46
1065.67
960.77
989.693
1021.95
1031.66
973.602
1026.28
995.254
975.295
1051.32
1014.22
1009.87
551.505
1000.85
950.492
1024
1009.14
1047.42
975.626
738.753
907.839
1077.86
752.683
924.868
1017.39
1012.49
1007.68
959.128
1003.9
1035.97
1048.24
976.076
896.694
958.435
1029.52
1045.42
1044.21
1047.94
990.512
994.841
1030.32
993.907
937.906
767.7
1017.01
1013
1064.47
1031.76
985.847
1012.24
1033.39
1015.65
1021.55
1053.78
1024.85
1038.16
1060.18
964.741
1037.07
1039.1
1018.01
1015.3
1034.22
1036.48
1040.6
1043.93
967.329
933.546
1036.86
1006.76
1044.93
1090.85
1138.76
1146.11
1113.67
1184.68
1119.87
1072.51
1004.1
1093.82
1088.73
1082.45
1088.6
1092.8
1106.63
1046.62
1141.66
954.799
995.375
1005.62
1005.53
884.934
1006.11
749.585
1165.39
1118
995.562
1134.29
1088.56
1086.32
1121
1063.65
1109.73
1117.06
1101.36
1091.31
1122.3
1010.09
1126.41
1134.93
1114.45
1092.63
1100.1
1129.59
1105.65
1071.04
1082.05
1076.63
992.172
1124.7
1143.93
1136.02
1151.21
1083.58
1101.72
1111.17
855.298
1160.68
1058.15
728.698
1052.76
1107.07
1146.21
1083.88
717.198
1141.77
1132.53
1024.31
1097.73
1102.68
1131.72
1124.24
1114.35
1120.94
964.557
1123.51
1080.85
1073
1130.02
711.148
1029.75
999.371
1119.14
1095.56
1082.74
1107.4
752.738
1090.47
1070.53
1177.14
1126.71
1121.02
1156.53
1122.21
1100.96
775.003
1114.45
1055.82
1095.89
1131.7
833.702
1015.02
1019.25
1078.75
1113.33
1083.99
1114.74
1115.39
1078.83
1091.17
1095.48
1119.42
1169.11
1109.73
1113.3
1130.38
1108.78
1135.1
1087.88
1094.68
1120.93
1121.39
1061.75
1092.98
1107.66
1120.43
1118.8
1105.05
1126.75
1137.7
1155.84
1091.53
1037.9
1095.4
1126.59
1157.1
1106.02
1103.89
1108.33
1148.69
1140.05
1083.07
1139.31
603.852
1120.84
1151.38
1111.39
1140.25
1098.94
1111.09
704.567
1085.89
1123.16
702.769
1092.26
1097.78
1117.88
1096.28
1062.74
1146.55
1096.67
1121.83
1122.3
1009.57
1005.31
1149.56
1066.35
1118.08
1099.08
1152.23
1113.49
1104.64
1104.87
1051.38
848.227
1127.51
1120.19
1082.21
1114.8
1104.09
1113.35
1141.13
1150.15
1149.98
1100.02
1118.28
1119.61
1126.25
1135.89
1077.26
1106.07
1098.49
1150.22
1102.84
1112.31
1119.69
1112.98
1071.38
1045.65
1101.58
1140.73
1069.61
951.753
972.844
1007.7
1027.31
999.808
1091.98
947.463
933.692
1054.58
1092.03
1030.38
1015.02
1093.23
1075.58
1061.06
910.516
955.194
917.189
909.62
920.935
938.591
843.407
664.357
1031.98
1055.61
941.041
1057.85
1023.78
1037.82
1051.6
1036.87
1061.54
1094.16
1054.94
1054.61
1026.6
973.31
997.956
1074.15
1087.73
1074.77
1067.89
1090.93
1052.17
1086.52
1079.17
1047.9
943.046
973.564
1034.74
1112.99
1025.04
917.76
1003.4
1057.62
786.744
1043.85
1043.13
641.693
969.687
1062.67
1049.03
1055.67
661.585
1078.53
1076.25
1029.86
978.678
1097.38
1083.01
1041.76
1070.6
1064.25
927.667
1060.81
1076.17
1067.01
1020.9
663.351
1009.97
1018.19
1078.24
1071.08
1040.65
1041.81
750.939
1039.14
979.783
1012.89
1028.69
1056.89
1045.62
1080.19
1048.36
736.188
1050.79
1044.03
1052.27
1069.94
914.137
858.404
1084.95
980.964
1054.15
1035.8
1074.76
1042.15
1049.61
1045.34
1037.86
1030.28
1022.24
1054.52
1022.99
1029.98
1059.64
995.76
1029.01
1045.89
1023.93
1083.09
1082.78
1001.69
1053.32
1066.71
1021.11
1055.26
1045.21
1019.73
1028.49
1095.91
942.169
932.496
1025.51
1031.26
1024.5
1068.31
1038.09
1062.68
1047.71
1061.23
1068.62
585.61
1076.84
1042.17
1078.22
1050.33
1050.63
997.08
782.484
949.268
1071.72
780.599
941.2
1031.29
1044.28
1028.41
974.118
1084.83
1116.88
1025.43
1042.54
991.288
968.183
1053.05
1024.87
1043.87
1051.62
1051.66
1033.2
1133.13
939.851
1023.6
777.613
1038.55
1046.78
1077.62
1088.22
1094.95
1037.55
1051.08
1075.22
1023.34
1060
1016.9
1059.55
1043.23
1065.09
1026.03
1046.03
1072.43
1030.13
1056.16
1072.28
1002.66
988.103
988.536
1036.07
1090.84
1053.22
1022.93
1076.31
1027.86
1074.8
1093.65
1006.46
1070.25
1028.94
989.528
1044.6
1038.14
1085.46
1023.54
1117.33
1038.54
945.1
1018.69
956.909
935.161
862.249
912.634
787.755
955.174
695.455
1061.39
1082.81
973.652
1075.03
1046.49
1060.08
1029.17
1056.52
1047.47
1022.86
1058.23
1056.47
1075.6
945.002
1050.33
1056.81
1085.9
1049.49
1066.81
1003.18
1016.99
1067.54
1066.45
1074.76
969.239
1085.9
1019.84
1038.19
1055.05
956.236
970.404
1049.57
768.835
1065.2
988.799
654.056
943.839
985.627
1071.68
1076.43
673.567
1043.39
1082.56
944.363
1074.13
1047.66
1085.01
1085.87
1080.16
1100.92
930.624
1053.89
1028.91
1034.59
1022.56
684.531
1032.43
988.264
1026.36
1075.63
1076.06
1096.35
707.06
1080.65
1062.23
1054.08
1043.96
1093.29
1088.17
1030.72
1033.61
736.01
1059.74
1026.66
1019.19
1044.36
800.316
967.123
993.938
1022.47
1078.7
1100.28
1036.35
1010.55
1086.67
1066.2
1081.07
1089.62
1042.76
1127.5
1052.01
1060.69
1075.89
1083.95
1045.05
1027.16
1037.9
1077.76
1045.1
1083.6
1077.22
1033.61
1047.11
1046.68
1062.55
1057.6
1060.78
1067.55
985.599
1007.57
1023.71
1028.41
1055.78
1084.38
1108.96
1016.73
1063.79
1079.12
1069.94
527.986
1059.55
1082.58
1081.74
1059.11
1061.02
1062.72
653.918
1065.98
1066.64
656.661
1040.55
1075.54
1080.25
1019.52
1092.97
1074.36
1044.13
1086.06
1092.82
979.229
992.875
1059.24
1101.22
1117.56
1080.37
1037.65
1042.66
1035.84
1028.86
1015.38
740.312
1079.75
1099.35
1096.44
1083.81
1080.36
1058.76
1074.05
1066.52
1036.43
1105.67
1062.5
1029.01
1072.06
1115.26
1066.88
1061.88
1058.36
1049.21
1075.4
1103.68
1065.68
1064.53
984.547
1030.8
1034.92
1068.23
1047.26
1025.85
1056.62
1056.69
1048.69
1033.04
1055.38
908.743
1077.05
1047.09
1056.68
1049.3
1040.7
1055.51
1059.37
946.69
952.22
890.566
870.507
855.359
1015.7
716.725
971.123
783.362
1046.8
1057.45
984.352
1054.42
1023.4
1053.14
1076.57
1039.09
1021.93
1002.05
1060.28
1062.77
1022.89
1032.48
1081.03
1037.75
1017.85
1019.2
993.177
1049.28
1042.57
1049.1
1073.67
1061.36
931.315
992.25
984.284
983.549
1025.65
975.742
1060.77
953.764
891.969
1096.51
708.776
921.595
1051.11
997.872
1002.58
868.804
857.073
1119.98
1050.68
914.392
967.779
1036.23
1021.78
1028.58
1043.4
1017.38
926.479
1029.06
1057.36
1044.22
962.281
765.488
970.476
980.134
1022.96
1026.43
1010.8
1014.63
687.574
989.447
1006.72
1095.96
994.094
1036.53
1044.88
1034.98
798.315
984.466
1035.62
1049.93
989.182
1058.1
740.51
997.715
976.881
1044.16
1054.4
1042.3
1034.8
1061.89
1060.86
1026.05
1086.35
1052.26
1077.83
1060.01
1092.14
1055.97
1083.32
1062.76
1001.61
1069.8
1044.46
1035.78
1045.71
1046.68
1033.16
1041.66
1032.92
1019.42
1067.81
1049.06
1038.97
1019.74
898.183
1042.48
1049.31
1018.12
1049.26
1056.08
1041.17
1033.86
1011.05
1041.96
929.896
672.602
1072.84
1088.8
1016.85
1055.02
1045.36
1058.49
626.752
1062.33
978.665
706.814
1000.33
1048.59
1001.86
959.713
1060.47
1053.74
1046.85
1046.91
1063.73
891.941
1050.36
1038.59
1038.44
1064.05
1007.62
1058.25
1048.86
939.91
1020.79
997.521
754.522
1038.23
1016
1033.06
1029.14
1028.49
1084.23
1041.17
1027.33
1066.47
1077.69
1026.74
1057.36
1093.52
1035.76
1078.9
984.918
1044.21
1048.67
1050.66
1006.98
1009.84
1049.37
996.085
984.728
1065.16
1021.5
1041.86
