1489.77
1558.3
885.43
1617.6
1525.49
1476.19
1526.55
1553.32
1721.36
1452.23
1427.09
1230.58
1585.27
1588.8
1517.34
1117.17
1437.8
1529.85
1402.77
1480.83
1636.39
1644.8
1705.31
1619.62
1710.08
1660.51
1427.26
1374.73
1386.22
1437.78
1366.33
1425.97
1359.46
1239.92
1283.69
1344.29
1244.33
1279.73
1471.03
1287.2
1544.78
1343.57
1492.73
1575.32
1430.39
1379.76
1294.97
1361.51
1391.09
1418.99
1373.08
1357.54
1343.97
1421.52
1434.61
1379.65
1438.97
1309.43
1067.61
1384.49
1510.94
1340
1531.29
1511.87
1369.11
1473.27
1441.26
1449.12
1387.48
1348.28
1002.97
52.44
1464.73
1565.47
1506.34
1443.87
902.633
1234.74
1299.08
1295.72
1339.18
1451.62
1359.87
1411.12
1505.21
1425.8
1450.97
768.839
874.562
1533.05
1216.04
1421.55
1405.99
1424.55
1377.71
1368.92
1374.52
1314.18
1378.49
1443.48
1449.54
1432.87
1067.94
1356.54
1386.05
1205.6
1424.63
1446.04
1501.54
1420.92
1275.25
1552.25
544.773
102.461
1206.45
1331.52
1198.64
1233.97
1002.75
1075.12
253.388
416.177
1309.36
284.987
766.679
1419.79
1219.93
1389.56
1393.09
1309.78
1344.3
1282.23
1442.5
1225.09
1097.65
1222.4
1108.43
1264.89
1271.34
1251.82
1254.59
1426
1410.78
1362.47
1308.63
1453.91
798.705
1094.8
1382.96
1227.84
1463.81
1444.7
1432.95
803.326
1338.01
1294.39
1422.54
1217.59
1368.61
1285.83
1318.34
617.153
1221.63
1184.74
1237.56
1242.99
1379.93
1300.79
960.325
1348.49
1325.42
1359.72
1116.93
1390.07
1373.89
1152.57
1391.44
1279.42
1166.11
861.955
1181.19
1252.22
1099.28
1036.08
1173.59
1127.49
1120.93
1361.25
1291.21
1233.01
1160.61
1111.05
658.64
874.495
1053.39
1017.31
1417.15
217.826
803.647
852.596
1065.5
1424.77
1130.69
1198.44
1553.81
1412.94
1423.64
1468.56
1544.83
1562.18
1342.88
1076.67
1495.52
1525.22
1504.33
1304.17
1047.51
1409.56
1372.49
1278.14
1514.74
1552.9
1579.57
1575.2
1619.99
1637.49
1503.72
1408.03
1496.9
1451.33
1523.34
1432.27
1455.92
1393.98
1180.42
1410.32
1415.19
1391.39
1469.55
1372.66
1516.88
1412.71
1405.95
1469.36
1500.73
1525.9
1324.73
1310.17
1342.77
1425.8
1417.24
1483.54
1421.58
1490.38
1508.18
1528.45
1378.41
1485.79
1115.98
1488.62
1606.73
1523.8
1493.02
1600.32
1367.36
1519.79
1545.55
1452.26
1383.63
1550.68
1372.1
302.523
751.572
1592.17
1636.4
1498.51
1413.12
915.392
1289.29
1346.17
1251.95
1382.57
1369.42
1457.76
1461.72
1371.63
1488.34
1297.29
291.676
1507.65
1281.45
1397.36
1439.22
1371.89
1375.68
1450.86
1421.69
1190.29
1268.19
1350.94
1276.76
1299.48
1110.26
1184.88
1300.43
1104.56
1300.71
1351.26
1364.76
1317.06
1331.97
1316.66
1101.62
64.974
705.347
1121.68
1247.66
1148.88
1008.19
1058.97
690.308
51.81
958.573
827.84
93.5
1381.28
1134.25
1069.46
1213.3
1067.81
1098.99
1077.86
1217
1250.34
1020.8
960.927
1065.81
1061.04
1071.29
1128.35
1062.85
1056.17
1271.12
1341.65
1150.16
1176.23
1111.54
620.119
1140.04
1354.55
1134.16
1348.83
1389.84
1161.23
820.209
1211
1292.53
1219.65
1335
1321.23
1216.78
768.436
1068.23
1092.62
1079.63
1113.62
1225.01
1304.89
797.834
1238.51
1195.29
1190.77
1092.42
1260.26
1294.08
1185.09
1202.19
1324.25
1268.69
843.494
1037.81
1133.6
1112.74
1125.53
929.412
1154.49
902.614
1369.7
1252.33
1201.32
1153.05
1084.48
977.065
512.256
890.323
939.021
1009.19
764.564
609.92
781.743
874.544
1216.61
1394.06
1047.86
1160.01
1425.81
1388.71
1355.72
1520.47
1501.83
1533.32
1314.58
1014.94
1423.12
1506.01
1474.58
1307.22
1078.49
1423.12
1394.01
1326.67
1620.51
1506.49
1583.57
1602.49
1559.84
1610.34
1462.13
1451.79
1437.08
1444.43
1474.75
1472.57
1436.43
1405.6
1164.2
1331.18
1433.78
1357.87
1461.19
1326.05
1486.15
1370.05
1338.43
1412.15
1537.56
1489.43
1407.07
1392.43
1342.43
1441.54
1426.13
1547.82
1397.61
1471.76
1450.59
1477.76
1390.8
1513.81
1096.56
1531.03
1522.42
1473.13
1456.21
1590.53
1442.64
1455.17
1520.67
1481.88
1370.96
1506.37
1337.13
290.692
791.295
1561.62
1591.59
1536.15
1324.09
900.077
1184.28
1188.4
1071.68
1155.4
1114.45
1199.91
1181.6
1210.26
1274.66
1129.97
315.243
1404.04
1138.31
1218.83
1264.33
1224.24
1210.32
1237.23
1250.58
1102.52
1203.61
1223.82
1301.84
1235.18
951.736
1121.01
1240.49
1036.07
1159.71
1236.6
1183.13
1177.86
1116.02
1150.09
891.675
39.651
677.756
1077.42
1129.11
1031.8
932.462
987.971
605.497
49.037
947.425
707.884
140.479
1286.48
1103
1153.24
1170.55
1110.7
1096
1082.13
1183.02
1166.6
1011.03
961.623
1056.12
1013.55
1007.08
1094.15
1088.8
1043.95
1246.82
1209.69
1042.49
1220.7
1001.83
681.431
1181.15
1358.34
1132.17
1254.37
1135.15
1023.35
797.758
1109.22
1195.07
1125.98
1229.98
1143.91
1110.87
677.792
1109.68
1079.49
1007.53
1045.16
1144
1279.95
781.523
1149.46
1223.07
1148.76
1053.42
1230.78
1279.27
1202.96
1177.6
1256.63
1123.85
735.174
963.068
1070.05
1060.72
1125.32
924.014
1031.26
897.595
1225.74
1228.02
1167.26
1152.75
1042.09
935.21
561.625
901.258
987.169
1049.25
723.305
653.866
789.418
910.307
1253.99
1344.37
1160.62
993.311
1372.41
1269.79
1326.23
1486.45
1450.89
1541.67
1239.33
1018.5
1362.71
1484.05
1497.12
1337.16
1039.56
1354.4
1295.33
1325.72
1535.03
1579
1594.82
1537.33
1530.8
1492.71
1505.71
1339.27
1407.76
1500.78
1529.82
1418.83
1412.74
1461.95
1208.92
1367.1
1354.49
1353.15
1410.27
1297.9
1468.84
1398.94
1361.48
1423.28
1479.35
1478.27
1377.79
1390.96
1341.72
1487.32
1467.72
1584.4
1433.51
1495.7
1491.56
1539.05
1422.43
1579.42
1028.73
1500.54
1561.29
1562.11
1472.76
1601.88
1351.42
1541.41
1598.88
1497.83
1489.6
1573.22
1315.81
360.812
722.46
1634.04
1593.88
1603.54
1463.55
832.861
1139.92
1226.66
1169.42
1249.55
1250.28
1315.73
1279.82
1314.08
1346.68
1179.02
272.128
1371.79
1195.5
1160.25
1297.57
1253.31
1307.72
1346.9
1282.42
1109.58
1266.17
1354.68
1309.78
1357.55
1153.87
1103.66
1305.36
1107.75
1248.15
1297.7
1330.17
1320.12
1216.48
1212.45
1052.22
63.295
709.65
1064.78
1174.62
1078.79
978.368
1046.67
673.603
51.064
944.136
831.97
94.782
1384.08
1182.56
1180.42
1391.08
1207.55
1203.96
1212.95
1335.61
1323.47
1093.79
1007.53
1162.98
1165.18
1115.52
1234.73
1213.23
1111.28
1343.35
1384.39
1154.29
1296.54
1170.55
684.286
1206.58
1422.97
1155.58
1368.18
1360.82
1215.44
865.77
1201.5
1289.08
1259.47
1310.25
1305.74
1238.42
792.158
1162.31
1221.74
1107.86
1202
1234.33
1399.71
834.395
1328.31
1337.6
1284.4
1137.6
1425.09
1395.99
1226.51
1229.08
1381.13
1231.77
864.193
1079.95
1118.47
1108.33
1145.5
932.346
1070.15
865.171
1347.33
1310.74
1231.86
1201.13
1105.38
996.22
516.322
969.757
1005.19
1096.39
814.921
658.153
868.84
900.224
1268.87
1292.66
1233.28
873.05
1374.82
1329.09
1270.22
1359.27
1311.73
1435.71
1299.84
1260.95
1079.29
1384.88
1387.58
1302.05
971.528
1228.61
1228.96
1240.21
1427.59
1414.62
1481.42
1471.39
1484.31
1470.94
1570.58
1373.61
1366.53
1453.21
1479.5
1406.96
1358.61
1360.96
1255.58
1285.09
1391
1451.32
1346.74
1476.59
1349.78
1376.43
1318.65
1434.49
1518.15
1512.7
1398.67
1383.6
1339.63
1446.48
1495.95
1520.98
1509.62
1542.17
1500.37
1534.99
1467.31
1493.64
1337.01
1290.18
1532.09
1603.21
1431.7
1553.09
1587.25
1482.63
1504.59
1571.13
1432.94
1514.67
1378.5
782.922
267.578
1609.61
1580.04
1616.14
1554.47
828.351
1326.62
1379.04
1320.12
1393.26
1464.44
1360.92
1497.1
1483.98
1518.91
1472.26
614.688
1225.51
1486.62
1177.82
1424.01
1434.66
1395.56
1431.15
1488.29
1363.48
1293.47
1457.21
1423.55
1442.34
1382.45
1027.17
1464.23
1305.97
1266.83
1338.08
1385.55
1363.43
1273.49
1221.81
1342.49
298.264
325.421
1151.15
1271.48
1125.67
1065.46
1081.31
890.342
134.12
571.786
1069.15
175.323
982.814
1341.12
1242.86
1347.53
1329.74
1218.28
1272.84
1207.74
1347.11
1148.28
1088.22
1080.12
1109.57
1139.88
1154.92
1156.61
1131.57
1285.89
1287.33
1255.42
1258.89
1280.43
716.227
1109.77
1353.23
1174.93
1392.63
1322.79
1246.63
863.007
1251.96
1222.35
1316.86
1259.32
1398.81
1171.21
1080.56
780.146
1225.08
1114.24
1253.43
1151.4
1359.68
1177.85
1076.45
1372.72
1258.74
1134.74
1371.21
1397.78
1342.21
1179.46
1407.19
1264.13
1106.79
924.568
1165.45
1255.48
1083.42
930.31
1247.63
1073.35
1351.59
1313.48
1357.84
1240.71
1213.76
1073.7
649.83
901.748
1126.53
1073.02
996.699
522.88
827.94
853.438
1150.71
