2947.05
3065.86
2738.1
3017.61
3074.39
2983.66
1944.58
2708.43
3106.57
2791.94
2787.02
2979.23
2997.78
2912.67
3091.74
3046.35
2929.06
2990.14
3106.64
3061.54
2413.46
2239.15
2947.49
3008.4
1713.1
2928.09
3002.99
2929.53
3132.38
2872.38
3007.28
3013.47
3036.94
2910.69
2979.64
2946.1
2986.29
2892.43
2286.76
3082.9
2928.53
2958.04
2998.22
2938.76
2892.26
3096.62
2914.24
3120.93
3236.49
3068.49
3017.89
2929.71
3000.73
2972.25
3042.1
2866.09
2834.22
3134.43
3168.6
2880.97
2870.56
2920.02
2907.43
3004.66
2993.69
2979.66
2938.87
3030.57
3025.48
2894.82
3008.84
2978.68
2877.36
2569.14
2890.02
2960.47
2946.26
2996.09
3102
2877.28
2907.98
3007.5
2850.79
2932.84
2971.29
2867.64
3037.96
3131.14
3090.64
3055.35
3012.63
2982.91
2893.54
3013.38
3006.08
3058.54
2878.9
2983.59
3122.6
2937.35
3018.41
2956.6
3016.55
2948.29
3017.78
2917.59
3087.58
2987.4
3099.55
2824.2
3015.57
2869.48
2953.27
3076.23
2952.78
2921.66
3026.4
3047.99
3220.03
2944.92
3132.04
2957.92
2867.63
3052.74
2487.8
2866.48
2977.49
2966.33
3049.99
2943.51
3016.04
2953.05
2834.07
2846.28
2982.49
2895.15
2942.33
3031.8
3016.25
2857.89
2926.78
2917.87
2867.86
3020.78
2893.17
3114.12
2964.17
2903.91
3066.31
2997.64
2869.33
2978.36
3073.82
2935.92
2965.27
3046.61
2924.4
3081.37
2989.19
1958.55
2985.99
2886.75
2915.43
2841.88
2950.32
3083.76
3132.5
2995.57
3163.5
2847.83
3101.6
2904.02
3018.55
3005.17
3095.94
3036.16
2865.46
2981.71
3084.3
2870.66
3009.15
2985.86
2896.87
2963.61
2980.59
2895.28
2985.54
3089.94
3047.29
2965.53
2920.48
2911.25
3073.27
2987.62
2926.31
3027.66
2899.45
3120.74
3015.56
3077.74
2976.82
3004.64
3110.13
2775.22
3105.11
3023.45
3006.4
2056.97
2630.3
3091.95
2864.69
2842.78
3083.41
3019.88
2849.02
2987.8
3030.04
2946.82
3009.73
3152.82
3069.25
2668.11
2115.31
3005.62
2937.7
1832.96
3024.47
2901.53
2974.01
3116.66
3103.67
2969.51
2996.89
2998.21
2995.4
3115.39
3035.51
2927.09
3034.37
2190.35
3014.16
2971.76
2974.54
3099.78
2989.53
2928.65
3081.61
2963.58
3064.47
3218.63
3128.98
3011.01
3063.39
2936.02
3093.53
3049.28
2961.15
2905.24
3105.02
3178.69
2914.26
2923.99
2892.22
2921.24
2986.95
3022.62
3050.81
2946.21
2991.81
3047.52
2950.02
3020.17
2981.41
2954.17
2492.63
3027.74
2873.09
2926.06
3073.14
3171.7
2993.11
2873.25
3038.28
2918.57
2898.32
3018.98
2929.98
2980.16
3171.51
3050.99
3013.65
2998.48
3082.18
2849.83
3112.23
3004.4
2960
3052.26
3013.06
3171.78
2915.39
3029.32
3077.12
2914.66
2928.73
3015.73
3024.58
3132.89
3024.19
3164.46
2891.72
3075.64
3013.53
2966.57
3011.96
2976.37
2964.7
2966.06
3007.73
3209.13
3029.55
3156.47
3092.39
2920.06
3147.22
2474.5
2874.81
3110.4
2960.97
3119.36
2956.24
2948.78
2973.51
2881.35
2963.14
2967
2896.19
2938.09
3030.03
3108.95
2993.3
2977.32
2964.1
2889.53
2948.94
2986.7
3088.85
3050.24
2902.46
3098.54
2993.97
2946.15
3100.45
3196.75
2890.3
2969.08
3057.09
3024.66
3029.79
3129.43
1933.65
3056.82
2856.14
2913.57
3001.01
3003.44
3054.35
3020.24
3005.61
3190.39
2954.91
3027.41
2961.74
3025.77
3020.77
3092.71
3070.66
3003.36
3108.95
3085.39
2936.67
2941.51
3043.13
2921.12
2938.79
2951.39
2898.39
3067.7
3031.41
3076.97
2981.87
3020.25
2973.69
3173.87
3130.67
3083.84
2947.68
2886.44
3124.28
3037.08
2986.01
3032.34
2945.38
2965.29
2927.84
2978.77
3064.27
2980.61
1590.62
3117.99
2958.53
2846.2
2816.35
3086.39
2967.21
2912.33
3049.16
3044.59
2914.23
3111.14
3024.8
2916.01
2193.58
2605.96
3010.83
3023.16
1541.71
2940.99
2994.78
3080.7
3052.6
3052.25
2891.97
3085.77
3031.56
3023.6
3025.76
2990.9
2929.07
2766.21
2435.97
2888.33
3121.96
3008.5
2910.54
2936.35
2957.08
3034.45
3053.7
3046.59
3053.71
3064.92
3071.61
3026.6
2988.12
3016.88
3052.66
2936.04
2969.88
3095.62
3086.37
2892.74
2903.62
2862.22
2953.46
2934.53
3009.48
3056.62
2823.07
3124.7
2916.32
2986.31
3013.87
3014.91
2790.31
2657.64
2865.16
2932.53
2939.38
3001.7
3103.8
2884.95
2917.68
2964.17
2898.43
2986.93
2957.92
3048.13
2988.56
3085.19
3060.03
2969.36
3004.44
2950.28
2906.69
2977.15
2953.43
3002.07
3047.55
3004.13
3057.01
2915.48
3120.3
3030.84
3097.3
2873.39
2916.37
2983.44
3090.95
3030.77
3000.41
2917.18
2991.06
2879.53
2971.96
3096.91
2953.77
3012.82
3065.84
3034.97
3195.66
2973.6
3024.1
2888.82
3006.8
3100.34
2434.05
2907.77
3029.98
3007.87
2987.64
2910.36
2941.94
2967.68
2974.4
2907.74
2971.15
2931.08
2926.3
3069.15
3061.82
2830.01
2970
2910.86
2888.26
2998.95
2961.58
3035.76
3090.35
2941.14
2984.76
2873.47
3001.91
3046.56
3060.26
3051.26
2973.53
3091.76
2913.17
3026.66
2698.68
2181.04
3002.73
2886.23
2943.08
2910.82
3068.55
3005.78
3073.27
2992.05
3079.51
2896.32
3030.78
3013.07
3026.41
3023.33
3047.19
3048.23
3002.02
3000.75
3096.9
2949.03
2982.48
3007.75
2849.64
2924.48
2966.75
2980.34
3057.19
3085
2992.02
2955.94
2960.94
2977.24
2961.79
2971.48
3021.06
2985.58
2990.37
3113.72
3000.84
3047.99
3104.95
2980.45
2957.49
3055.79
3109.64
3248.45
2965.4
1607.63
3237.45
2931.71
2791.71
3001.95
3125.92
3006.91
3022.15
3084.73
3052.13
3065.61
3068.03
3081.76
2983.71
1772.07
3043.92
3023.76
2551
2266.27
3040.87
2989.48
3103.93
3020.06
3070.35
2982.86
3026.78
3174.32
3126.44
3047.72
3058.81
2960.78
2124.26
3138.08
2963.38
3032.52
3079.58
2992.76
2997.02
2962.57
2973.96
3074.94
3177.25
3075.59
3038.98
3041.5
3056.26
3094.16
3052.25
3146.48
2946.43
3015.8
3301.48
3057.27
2892.49
3038.08
2969.2
2866.6
3077.38
3100.2
2969.04
2975.42
3088.19
2996.86
2957.03
3050.53
3004.65
2797.05
2834.49
2914.71
2923.01
3112.79
3073.21
2964.3
3089.5
3026.95
2950.03
3012.25
2903.09
3096.55
3094.92
3024.85
3216.41
3143.12
3043.39
3055.84
3002.92
2902.82
3045.27
3063.54
2916.97
3133.03
3285.04
2919.28
2962.91
3169.48
3010.35
3040.46
3006.93
2990.33
3105.26
3027.94
3124.2
2909.5
3009.74
3119.21
2874.51
3065.3
3059.21
2938.91
3061.31
3032.15
3101.31
3235.6
2973.61
3095.93
2978.66
3025.48
3098.53
2524.27
2966.38
3008.38
3150.17
2908.2
2939.51
3069.8
3021.66
3004.26
2947.15
2944.03
2879.8
2991.94
3181.51
2981.96
2900.69
2849.57
3176.99
2906.65
3067.32
3035.99
2954.69
3045.51
3032.35
3017.03
2903.6
3015.62
3041.25
3118.65
3122.99
3080.76
3063.48
2991.15
3282.85
1807.51
3078.69
2861.92
2930.98
2957.46
3110.61
3044.66
3198.47
2944.3
3191.42
3104.28
2977.36
3107.28
3062.88
2950.86
3030.58
3169.68
3097.99
2976.05
3065.04
2972.43
3017.62
3055.9
2961.84
2965.86
2915.83
2844.11
3165.26
3065.08
3154.86
3146.36
2994.88
2999.13
3087.31
3029.88
3063.74
3071.85
3112.5
2982.62
3273.63
3073.14
2963.78
3047.32
2965.14
2894.53
3102.59
3075.1
3172.18
3054.39
1693.82
3061.03
2869.49
2788.93
2975.66
3047.69
2925.39
3084.97
3030.93
3005.69
2998.8
2939.41
2977.72
3012.73
1784.74
3097.18
3039.39
2788.18
2033.41
2988.61
3025.57
2950.3
2964.41
3061.32
2940.49
2975
3068.41
3153.13
2955.94
3052.5
2994.7
2041.97
3017.2
2994.21
3066.63
3082.39
2886.8
3032.09
3021.32
2967.82
3081.52
3063.19
2962.61
3116.29
3072.82
3026.15
3056.89
3028.69
3053.96
3033.69
2958.35
3102.13
2914.85
2935.7
2898.07
2986.51
2902.72
3105.02
3039.34
2977.01
2933.27
2982.59
2900.58
2982.43
3103.72
3007.14
2884.52
2797.99
2930.96
2902.43
3043.42
2952.7
2888.21
3008.69
2985.95
2836.62
2989.78
2867.25
3004.91
3045.72
3006.78
3005.28
3050.86
2982.02
3070.42
3011.42
3023.19
3085.53
3038.65
2935.1
3078.44
3026.12
2901.68
2995.72
3182.18
3027.36
2995.92
2957.8
2989.01
2994.81
3068.33
3016.67
2938.15
3012.2
3157.19
2872.67
3136.12
3146.73
3007.92
3011.5
3044.33
2947.42
3131.08
2971.97
3033.09
2981.84
2925.21
3100.13
2581.92
2947.01
3020.87
2918.14
2858.49
2969.93
3046.64
2949.57
2864.41
2913.33
2976.35
2941.89
3018
3006.41
2882.82
2982.93
2816.68
3097.33
2843.47
3067.14
3021.3
3067.76
3034.47
2861.03
2886.59
2955.03
2941.61
3184.01
3042.5
3107.41
3022.49
3087.62
2905.06
3001.67
1931.43
2907.37
2901.45
3009.55
2926.14
2973.5
3058.22
3074.61
3016.42
2917.82
3021.2
2964.07
3102.05
2993.98
3040.45
3068.71
3232.05
3039.6
2933.71
2994.89
2908.69
2973.05
3112.52
2972.47
2957.27
3021.7
2862.12
3021.74
2968.26
2851.51
3042.98
2939.66
3032.12
3016.25
2986.71
3059.46
3035.27
3034
2990.66
2990.78
2913.56
2967.51
3069.75
