841.745
673.542
520.371
780.942
813.583
441.852
686.841
724.294
983.194
937.716
681.24
563.712
619.13
748.695
775.561
770.562
819.072
503.935
802.084
495.67
879.556
958.078
818.614
557.476
873.612
973.956
758.688
846.024
796.014
763.983
946.692
921.491
763.749
751.72
686.272
929.58
570.218
889.553
752.145
1134.62
1090.11
810.024
785.039
937.493
995.62
909.726
1029.81
640.949
1063.9
878.325
971.035
808.813
824.958
863.181
846.988
713.774
907.83
727.692
848.581
645.2
895.29
608.73
631.03
811.624
763.221
946.18
814.988
648.47
1040.19
520.787
1017.24
893.968
825.641
986.715
876.192
833.112
552.16
720.916
891.399
954.758
749.632
683.727
629.294
949.068
1006.21
881.458
620.34
781.396
1042.72
812.649
855.861
848.33
694.755
868.488
891.416
851.974
788.097
1088.48
782.44
958.374
951.48
834.156
802.47
743.591
971.648
735.925
1019.79
937.996
1051.51
605.747
744.946
814.403
1045.31
648.066
655.293
586.689
979.12
990.028
1071.66
884.906
757.486
744.858
740.267
540.427
945.202
525.237
835.575
815.16
865.873
921.007
890.048
1080.21
919.356
724.971
959.245
778.247
821.981
1004.01
945.528
619.668
1007.16
1022.34
921.405
1119.35
582.256
848.653
658.47
1103.95
810.793
779.924
834.628
781.227
865.842
1094.44
781.049
883.308
577.188
829.265
656.243
843.79
927.467
1041.01
635.577
928.647
611.723
623.752
1030.26
825.96
684.765
495.049
1096.53
719.609
1002.92
904.265
825.656
572.042
890.173
644.925
840.36
850.416
821.278
646.596
972.716
728.057
1074.38
877.145
959.343
680.263
700.077
542.057
771.041
977.014
787.423
769.044
773.595
1020.88
963.793
808.925
1120.45
956.071
784.421
1002.47
798.566
613.513
988.259
948.252
558.738
816.824
893.402
1115.17
1176.64
827.917
666.227
740.678
912.536
970.829
947.683
938.506
624.675
924.561
643.041
1018.61
1091.52
987.459
579.553
1066.43
1113.29
941.022
1031.67
1004.77
903.795
1107.87
1168.14
989.897
916.996
806.08
1157.88
616.868
947.421
959.022
1232.9
1269.36
1057.14
906.966
959.764
1211.88
1053.53
1106.1
757.951
1271.01
1002.14
1126.74
958.996
1002.66
906.776
998.489
880.362
1115.09
928.857
1021.44
747.956
1148.48
602.046
792.509
873.782
1038.36
1153.79
898.211
779.35
1335.64
589.003
1243.89
1135.82
990.265
1237.16
1053.64
930.493
703.97
822.951
976.114
1049.1
976.175
930.982
686.077
1163.95
1176.13
1046.21
831.595
821.56
1278.4
1028.57
994.536
921.081
914.416
913.397
1104.9
943.139
910.235
1249.28
998.785
1144.38
1117.49
998.065
947.929
883.007
1048.35
837.499
1198.68
1170.15
1148.58
833.835
758.076
960.219
1196.11
783.767
838.171
650.307
1000.09
1157.25
1206.39
1135.51
881.381
861.981
812.522
766.386
1006.13
717.308
946.713
944.446
952.628
1125.42
1041.99
1160.7
1091.77
864.146
1119.19
952.459
906.689
1202.6
1115.71
805.795
990.12
1312.43
973.649
1227.44
737.202
969.607
818.449
1192.49
940.627
981.056
1079.33
909.343
1024.79
1307.89
921.557
1038.82
796.726
952.686
704.621
1051.56
1039.89
1244.27
768.163
1013.82
748.431
705.736
1166.36
1061.94
773.293
535.178
1276.17
957.355
1151.27
1137.63
910.709
742.867
1000.02
863.055
950.755
928.444
976.832
722.204
1208.88
809.597
1306.44
978.867
1068.41
764.282
775.047
662.434
898.662
1266.29
833.554
934.448
897.706
1193.99
1131.18
857.332
1278.4
1093.19
880.27
1397.34
1380.71
1038.47
1304.63
1541.81
789.014
1429.25
1565.37
1740.31
1656.34
1433.38
856.431
1390.71
1382.6
1597.44
1378.33
1396.9
935.377
1554.2
947.044
1825.8
1604.19
1378.31
1280.7
1585.62
1853.27
1426.31
1641.66
1288.07
1671.07
1788.35
1711.67
1414.31
1301.81
1544.58
1720.28
1053.07
1643.38
1419.65
2114.28
1968.23
1398.29
1397.37
1875.84
1829.2
1635.56
1863.24
1351.86
1801.32
1781.35
1813.19
1369.84
1495.84
1749.09
1486.61
1490.98
1550.28
1675.88
1621.25
1258.82
1262.69
1440.82
865.965
1862.72
1537.67
1543.48
1663.23
1380.81
1686.49
1196.18
1865.16
1602
1796.77
1815.93
1507.44
1360.12
1015.73
1498.9
1786.94
1797.05
1459.24
964.111
1486.02
1900.67
1895.33
1593.22
967.876
1695.96
2054.43
1410.92
1467.95
1716.78
1185.76
1648.96
1738.21
1523.07
1602.41
1977.43
1453.76
1880.2
1759.87
1529.45
1536.74
1442.67
1789.52
1281.06
1948.85
1718.79
2005.74
790.852
1695.3
1631.72
1699.89
1445.24
1206.45
1112.17
1836.15
1916.41
1859.33
1756.45
1253.06
1517.91
1374.54
989.178
1762.64
944.091
1621.83
1549.07
1648.24
1818.79
1571.35
1929.99
1596.27
1455.82
1708.5
1486.93
1523.03
1987.28
1669.86
1083.32
2128.21
1802.09
1896.9
1834.61
1071.75
1807.82
1163.66
1970.3
1632.43
1490.35
1301.22
1477.22
1987.39
2091.83
1318.98
1691.63
1198.44
1419.52
1321.68
1573.44
1920.25
1739.01
1238.66
1678.46
1026.45
1415.97
1920.93
1524.17
1322.85
1095.17
2002.44
1399.39
1957.53
1599.54
1437.2
1130.41
1773.59
1142.26
1589.38
1644.96
1539.65
1390.49
1704.31
1529.04
1909.37
1626.86
1689.11
934.041
1565.18
850.208
1643.09
1741.39
1462.21
1500.61
1398.13
2013.35
1697.09
1600.08
2120.78
1363.22
1549.9
956.646
786.642
561.265
903.611
919.063
504.317
814.119
899.371
1055.32
1090.17
775.521
641.863
704.898
884.367
938.255
890.024
887.113
594.904
865.011
573.04
962.247
1031.81
935.623
582.736
998.24
1064.96
856.559
985.722
941.118
902.558
1024.28
1095.7
896.646
889.049
782.968
1070.66
573.816
955.452
867.674
1191.12
1220.02
960.875
852.545
916.137
1139.86
980.593
1074.52
719.929
1234.93
930.813
1078.94
917.731
936.774
898.246
969.083
807.866
1078.31
903.045
977.477
716.805
1068.32
604.316
746.798
876.721
975.984
1096.7
852.48
784.055
1245.68
556.988
1120.58
1059.83
929.622
1150.43
1003.13
895.454
651.258
802.319
945.859
982.12
905.162
832.74
660.27
1114.07
1138.12
981.238
734.079
809.963
1189.73
981.964
908.528
899.93
813.488
900.148
1026.22
924.137
839.969
1205.73
911.926
1128.76
1048.53
967.551
899.265
836.913
985.075
777.715
1169.59
1109.33
1111.03
713.798
783.359
920.372
1153.2
774.501
762.22
643.483
988.678
1127.02
1108.21
1083.53
815.171
796.066
764.368
678.788
991.538
632.152
971.332
926.647
899.717
1041.67
976.61
1136.04
1018.92
806.43
1069.07
868.901
886.942
1139.32
1061.39
747.623
981.617
1212.77
981.796
1183.73
684.916
973.973
738.196
1215.77
912.551
907.751
1006.5
838.181
1019.59
1220.68
873.009
1009.81
729.301
933.612
672.87
996.362
1003.23
1159.79
678.8
1007.24
731.935
673.394
1128.99
987.18
814.568
548.877
1245.4
920.263
1132.57
1048.09
885.222
677.195
950.817
824.566
939.476
887.217
944.147
691.065
1154.85
766.763
1240.28
945.437
1001.55
716.808
700.615
601.489
893.373
1153.01
822.503
882.22
874.538
1161.72
1065.31
820.157
1216.41
997.063
810.002
1056.6
1142.94
881.058
985.285
1190.05
710.854
1072.94
1421.03
1432.02
1233.1
1136.73
582.829
1302.21
1202.15
1350.77
1089.83
991.847
844.663
988.251
1009.88
1510.12
1215.24
904.229
1154.48
1338.75
1420.76
1092.74
1318.4
1059.87
1375.65
1492.5
1319.96
1161.73
1056.66
1316.92
1285.19
787.864
1415.53
1180.63
1673.8
1540.05
1148.4
1068.85
1633.26
1380.8
1378.86
1346.7
1196.14
1317.17
1546.23
1456.63
1077.96
1218.59
1355.56
1279.91
1230.63
1138.71
1451.4
1229.58
1222.09
908.847
1175.81
756.349
1571.16
1273.61
1094.58
1401.52
1233.76
1043.12
1276.32
1426.64
1219.77
1606.96
1300.86
1217.92
887.05
933.172
1317.37
1390.5
1530.43
1205.67
819.226
1145.42
1563.56
1458.87
1206.6
775.753
1564.86
1611.73
1263.34
1040.01
1568.65
887.214
1320.79
1271.13
1170.86
1403.08
1469.1
1294.42
1533.64
1254.07
1221.73
1225.81
1292.43
1311.04
1182.04
1525.08
1382.72
1523.95
607.057
1487.81
1450.81
1019.14
1357.06
1020.72
978.228
1561.02
1595.06
1476.53
1225.08
1211.11
1031.24
1205.58
879.877
1310.65
862.274
1298.6
1235.54
1365.41
1461.36
1335.68
1478.05
1139.02
1302.88
1272.95
1228.58
1320.78
1549.47
1226.94
1005.22
1619.54
1472.59
1576.62
1216.68
970.895
1469.29
1034.1
1330.48
1533.94
1245.17
959.883
1244.1
1652.21
1657.85
999.991
1212.5
1039.82
1110.19
1192.08
1214.11
1587.53
1223.29
1190.67
1044.48
1088.52
1183.46
1457.17
1262.9
1051.08
1010.21
1394.68
1208.02
1649.55
1222.1
1117.36
1025.39
1352.02
1120.37
1164.92
1343.22
1103.31
1270.29
1178.11
1398.24
1473.74
1325.47
1244.77
702.733
1200.07
755.303
1501.56
1210.98
1379.23
1286.1
1171.45
1586.73
1318.41
1398.35
1612.33
999.457
1181.19
