1089.36
1603.36
1134.59
1837.36
1441.96
1830.43
1538.56
1765.12
1268.37
1246.05
1209
1061.69
1737.02
1925.54
1577.96
727.948
1742.43
1880.32
1278.04
1417.8
1134.55
1457.28
1590.82
1719.7
1765.69
1305.87
1607.54
1420.18
1659.58
1661.64
1691.09
1917.26
1131.94
2092.41
2066.57
1696.46
2258.41
1606.79
1534.83
988.562
2129.43
1708.56
1283.08
1756.44
1355.78
1601.39
1117.26
1147.86
1264.26
1006
1032.55
1702.71
830.167
2160.61
1990.34
1644.5
1664.38
1759.71
1541.05
1338.64
1671.08
1823.18
1914.13
1997.42
1013.29
1698.49
1534.79
1914.72
1574.66
1692.32
1934.26
1169.73
1997.55
2456.7
2100.89
2188.77
1803.06
1096.36
1855.01
1546.57
1267.66
1417.04
1703.46
1573.46
726.451
692.277
943.388
881.048
758.898
1731.55
1505.06
1715.35
2043.69
1846.71
1528.67
1847.67
1869.33
1814.97
1624.61
1829.47
1132.47
1073.54
1111.92
1688.78
1810.46
1756.24
2082.4
1361.98
1546.68
1008.2
1180.62
1783.95
2244.04
2296.08
1776.3
1504.24
957.551
1038.66
816.323
1077.39
1173.87
1383
1775.48
1976.56
1131.44
525.87
872.442
711.661
899.963
644.964
554.272
1059.81
1729.19
1731.63
1655.49
1621.1
1340.47
1876.98
1733.09
1555.9
1529.07
1134.57
1743.04
1697.14
1043.03
1612.01
1655
1864.57
2125.29
1711.82
1514.04
1483.03
2074.91
2458.01
1921.27
1521.21
1662.18
1832.23
1303.29
1597.81
1620.13
1109.2
1918.46
2169.16
1428.69
1310.33
880.751
914.273
758.21
1595.95
1416.02
502.372
1456.41
1867.58
1563.01
1603.06
1225.23
1135.51
1683.8
1517.67
1142.43
1837.11
1563.43
2489.41
1607.31
1948.34
1643.22
1503.99
1836.08
1773.34
1532.21
1685.21
1399.62
1318.49
1642.16
1804.95
1803.11
1652.95
1471.28
1125.35
1798.42
488.053
686.035
433.157
933.007
641.914
722.741
651.859
738.51
564.12
562.012
539.66
404.56
696.575
901.467
812.179
274.731
762.17
655.167
440.334
569.847
443.402
499.371
792.09
906.567
666.346
541.575
633.053
569.066
628.16
553.839
679.705
786.572
495.353
1004.45
893.683
727.249
823.789
680.893
518.168
471.773
792.62
659.493
572.102
882.721
672.039
684.685
563.048
396.213
427.525
480.172
469.399
619.182
357.293
1043.38
944.49
595.759
597.861
790.554
703.61
448.631
667.733
717.992
742.95
989.008
641.63
633.246
548.221
747.255
646.001
547.495
904.851
409.109
895.326
1253.28
792.255
757.617
715.38
564.193
740.958
519.193
544.12
661.367
715.796
784.439
370.8
302.572
374.646
314.796
330.975
743.492
581.784
590.943
806.607
1091.49
822.712
664.432
658.807
638.899
646.748
674.753
503.643
464.831
455.267
1022.3
710.665
562.319
859.658
519.875
664.634
498.493
496.389
647.311
875.229
1229.21
768.644
542.082
429.769
394.723
475.913
446.954
406.444
508.098
684.928
976.315
463.191
246.507
447.228
290.65
468.57
287.713
286.198
437.626
647.021
812.011
796.181
589.523
653.479
598.869
617.029
543.77
700.645
477.266
779.489
844.128
477.299
624.501
654.505
714.849
858.795
568.187
693.188
530.118
812.444
1058.11
936.262
521.12
631.353
755.584
480.138
661.373
626.477
369.353
817.735
1035.75
608.25
467.445
429.798
386.19
422.195
686.902
338.924
266.321
746.353
911.821
751.908
634.217
640.761
402.058
685.557
611.007
501.084
689.547
630.674
1145.13
865.266
751.715
547.21
537.235
860.349
651.663
724.198
486.255
506.356
731.652
957.408
631.551
653.747
563.832
610.058
469.988
758.244
416.077
483.413
493.506
755.12
477.477
815.487
605.52
817.172
544.794
466.881
437.372
412.429
629.198
676.815
592.684
298.132
669.902
706.161
464.001
547.908
520.66
505.503
593.993
611.801
626.063
473.863
614.992
558.859
627.334
442.52
567.693
908.608
476.704
786.533
778.676
551.946
915.384
526.457
549.603
506.631
781.756
623.486
567.018
644.436
446.996
651.561
493.734
522.486
513.165
440.665
391.862
626.098
312.437
744.92
820.783
589.337
668.253
705.443
494.052
537.271
762.626
645.657
815.865
713.953
436.905
593.221
403.148
937.091
621.846
574.723
690.276
494.027
679.994
1005.8
715.822
845.613
779.741
373.11
706.965
584.958
575.596
523.082
704.599
617.29
257.182
253.763
407.251
292.794
369.081
607.901
482.143
825.642
741.259
640.643
652.443
767.681
627.125
611.614
579.248
597.121
544.07
422.638
465.793
640.517
663.558
587.842
752.524
523.563
645.845
577.116
362.512
789.073
631.124
906.57
693.871
708.372
352.2
346.828
309.762
402.024
390.419
462.968
738.108
901.652
482.662
216.57
296.015
294.019
250.142
295.543
192.714
488.965
550.912
689.033
689.466
750.773
470.834
604.071
627.891
602.965
602.667
414.905
515.263
670.492
391.971
664.542
636.711
677.745
857.745
741.579
540.681
557.507
809.564
864.1
681.716
488.275
586.569
727.711
453.256
659.783
682.315
376.736
618.937
846.659
585.869
501.855
284.497
429.067
251.112
795.419
513.856
225.048
370.804
702.861
622.52
715.473
524.75
497.546
713.498
507.198
499.855
610.941
580.359
812.271
756.401
712.386
587.91
560.368
703.916
792.586
589.228
594.358
506.078
479.315
738.177
640.883
649.393
637.273
549.14
403.277
642.323
2274.9
1611.73
2131.62
2138.09
2317.91
2735.23
2612.96
2233.87
1831.29
1677.08
1660.56
2073.88
2654.04
2579.55
1499.78
1964.38
2696.99
2478.87
2174.83
1651.74
2143.93
2567.35
2256.66
2504.64
2252.74
1956.46
2455.27
2365.83
2776.46
1919.78
3168.2
2046.03
2462.49
2854.82
2644.05
3011.89
2942.51
2289.76
1368.02
2995.55
2933.24
1870.1
2086.65
1964.83
2450.05
1922.49
1736.06
1941.06
1647.45
1310.19
2201.08
1656.71
2225.21
3071
2903.79
2112.87
2718.7
2417.3
2394.91
2168.49
2780.66
2642.09
2699.43
1455.25
2419.48
2194.68
2874.19
2830.54
2427.55
2713.08
2472.8
2279.11
3116.44
3199.17
3128.17
2981.72
1961.99
2347.19
2881.68
1835.08
2197.25
2462.88
2341.37
1352.48
857.913
1350.25
1262.02
1386.77
2536.25
2312
2551.8
2791.6
2604.77
2402.07
2792.81
2597.22
2777.6
2236.83
2943.14
2034.69
1672.89
1702.59
2018.77
2395.27
2810.64
2795.07
2644.71
2426.18
2204.99
1413.26
2273.23
2805.83
2958.14
3109.24
2526.71
1722.4
1560.3
1294.15
1396.32
2272.32
1653.13
2429.61
2676.92
2071.07
1063
1318.96
945.383
1408.54
1148.21
925.257
1518.4
1911.48
2478.04
1871.14
2982.84
2139.17
2477.72
2555.04
2777.14
1781.87
2390.62
2409.99
2046.75
1983.19
2188.38
2124.99
2634.17
3072.08
2966.08
2369.93
2639.6
2688.23
3167.22
2787.62
2618.98
2154.37
3007.49
2348.42
2005.3
2609.01
1916.12
2594.27
2759
2313.9
1960.95
1491.75
1713.92
1257.05
2025.53
2503.41
888.129
1643.73
2560.83
2353.12
2612.77
1874.12
1681.75
2419.69
2534.66
1505.45
2607.34
2107.6
3114.82
2841.87
2703.32
2815.53
1999.19
2664.23
2652.22
2464.19
2675.66
2344.2
1571.09
2389.26
2722.3
2593.45
2804.33
2367.59
1727.24
2380.11
2456.1
1430.58
1489.95
1295.37
1560.89
1439.55
1922.05
1638.82
1630.1
1314.53
1316.17
1128.09
1195.31
1900.06
1732.44
1528.57
1030.61
1905.4
1958.83
1420.73
1380.12
1557.98
1803.04
1628
1601.38
1834.47
1325.41
1749.41
1761.79
1795.84
1599.02
1997.77
1898.37
1384.35
1875.55
1978.38
1899.58
2115.72
1559.87
1364.49
1564.59
2004.52
1672.54
1272.95
1480.78
1549.26
1554.13
1283.41
1365.46
1324.62
1056.56
1224.29
1597.99
1021.19
1969.84
2030.79
1662
1808.15
1832.09
1788.48
1427.41
1982.2
1702.55
1911.8
1439.37
1174.85
1584.04
1756.14
2089.67
1664.66
1844.18
1946.75
1495.84
2035.14
2027.75
2066.11
2084.55
1861.03
1341.21
2038.93
1519.07
1529.06
1676.77
1659.94
1116.79
699.654
868.63
1031.36
1115.36
1268.75
1913.8
1761.15
1860.44
1941.45
1661.87
1856.43
1900.31
1935.13
1789.87
1898.89
1838.06
1207.3
1256.61
1195.98
1507.17
1803.91
1922.81
2053.86
1574.93
1719.96
951.932
1354.54
1936.53
2054.56
2079.06
1741.39
1521.31
1021.63
1123.24
1090.71
1581.58
1281.43
1500.65
1830.65
1698.68
992.61
682.603
1023.02
806.562
1020.52
907.484
811.264
1290.9
1797.81
1309.15
1828.51
1771.63
1496.24
1805.54
1852.71
1504.42
1843.9
1537.78
1783.51
1375.32
1316.96
1571.37
1907.42
1922.18
2092.08
1823.08
1825.34
1757.82
2121.65
1942.41
1867.81
1658.74
1959.68
1831.6
1419.91
1830.07
1763.81
1334.99
1953.41
1703.19
1344.56
1451.25
984.093
1293.85
979.189
1836.51
1138.35
913.364
1517.67
1665.76
1802.01
1586.8
1346.72
1364.78
1640.29
1349.05
1492.6
1668.81
1796.31
2039.38
1744.07
2007.73
1610.29
1604.12
1886.02
1905.24
1762.18
1694.77
1584.81
1331.5
1919.43
1774.08
1939.51
1779.25
1592.66
1305.16
1861.46
