3867.03
3831.44
3428.87
3585.75
3461.96
3504.49
3644.45
3498.89
3500.59
3790.13
3570.53
3746.68
3551.04
3500.77
3516
3760.84
3433.18
3801.53
3500.06
3478.24
3727.67
3621.21
3594.85
3762.21
3375.67
3633.98
3344.86
3716.6
3640.16
3650.01
3639.3
3744.34
3531.64
3552.24
3806.91
3474.34
3761.77
3687.76
3341.9
3678.23
3598.81
3518.45
3647.35
3642.85
3470.52
3619.05
3743.7
3558.27
3683.2
3692.06
3704.29
3651.27
3491.16
3721.84
3519.61
3628.67
3629.59
3519.44
3496.47
3680.58
3600.39
3603.46
3596.1
3654.66
3464.63
3635.07
3558.62
3496.05
3679.35
3563.23
3414.4
3958.77
3328.54
3357.75
3733.59
3363.07
3623.8
3601.1
3516.12
3570.56
3744.13
3510.92
3510.59
2986.81
3809.72
3878.3
3013.62
3839.47
2106.1
3623.38
3651.57
3088.56
3908.37
3348.38
3714.84
3765.24
3298.91
3701.86
3693.62
3327.63
3752.68
3714.86
3406.8
3703.36
3516.36
2959.05
2897.97
3366.09
3678.81
3758.78
3461.34
3820.34
3546.2
3362.91
3555.26
3520.19
3567.79
3530.53
3603.85
3487.98
3743.72
3676.09
3556.16
3612.44
3515.15
3613.73
3630.55
3388.34
3694.57
3665.39
3555.59
3667.56
3443.08
3653.65
3626.77
3396.76
3780.04
3060.48
3738.2
3563.59
3726.69
3751.23
3477.37
3493.44
3669.7
3605.2
3500.59
3507.01
3742.91
3466.58
3453.65
3910.27
3396.11
3379.08
2558.28
2813.92
2930.49
3755.83
3670.05
3468.41
2452.23
3673.1
3580.14
3647.4
3501.49
3428.11
3412.21
3613.81
3643.59
3596.24
3599.47
3543.32
3639.06
3530.67
3519.62
3926.01
3422.43
3681.23
3828.5
3435.21
3884.32
3570.76
3486.11
3723.21
3580.99
3602.06
3500.12
3677.18
3602.83
3509.88
3748.32
3602.83
3601.91
3582.23
3711.21
3773.92
3420.7
3628.75
3570.83
3320.92
3824.96
3898.83
3610.2
3702.99
3433.44
3612.05
3742.96
3361.7
3672.92
3701.39
3663.17
3453.62
3894.41
3607.36
3735.14
3563.94
3632.39
3560.14
3770.62
3440.27
3742.07
3468.84
3646.24
3919.7
3582.39
3445.19
3866.3
3432.72
3530.92
3730.29
3507.05
3695.69
4032.34
3359.55
3681.43
3824.18
3503.21
3780.22
3720.09
3387.07
3831.17
3580.78
3714.36
3603.87
3650.27
3635.2
3575.58
3667.42
3513.11
3804.29
3648.73
3747.19
3817.7
3484.32
3850.6
3572.72
3627.93
3574.7
3812.32
3576.34
3616.6
3596.46
3713.37
3689.18
3745.94
3418.17
3522.27
3643.02
3649.66
3574.94
3680.92
3553.16
3817.82
3641.72
3446.48
3497.85
3556.64
3460.2
3879.31
3375.53
3440.28
4128.69
3291.51
3345.82
3930.55
3212.18
3754.09
3734.45
3252.86
3626.07
2231.54
3746.4
3654.75
3241.68
3734.2
3546.5
3689.01
3750.72
3450.32
3697.31
3735.15
3500.34
3827.03
3666.09
3469.38
3756.3
3621.05
2176.79
3721.45
3401.26
3833.93
3547.13
3778.9
3804.2
3301.01
3548.54
3802.97
3436.53
3431.47
3816.99
3421.69
3860.5
3795.06
3619.67
3571.07
3756.22
3566.99
3550.1
3720.16
3531.26
3692.68
3759.32
3552.87
3580.98
3836.99
3427.83
3688.49
3777.57
3288.02
3524.6
3767.51
3425.96
3972.8
3639.43
3380.31
3715.33
3729.53
3533.08
3707.69
3562.06
3460.35
3730.72
3677.58
3705.93
3600.63
2703.61
2829.21
2846.99
3443.67
3842.19
3449.39
3361.4
2734.55
3588.39
3815.68
3505.08
3474.25
3499.43
3444.43
3834.47
3685.47
3374.51
3719.26
3613.59
3607.29
3544.94
3772.28
3808.39
3526.22
3740.01
3781.87
3644.22
3682.9
3613.12
3602.43
3652.44
3722.71
3531.59
3574.33
3638.94
3623.86
3626.29
3790.33
3609.57
3605.39
3806.99
3704.02
3569.99
3586.41
3490.16
3704.52
3540.95
3897.91
3504.76
3492.36
3713.69
3593.29
3519.88
3438.44
3727.3
3615.16
3608.57
3658.58
3687.01
3485.82
3748.99
3509.88
3629.18
3671.08
3544.16
3551.79
3379.89
3943.09
3683.49
3376.07
3699.26
3692.81
3437.11
3515.3
3695.95
3531.87
3641.1
3943.48
3610.09
3420.24
3735.67
3683.62
3649.58
3651.87
3600.33
3617.38
3579.2
3700.94
3536.38
3532.29
3790.93
3402.65
3688.45
3574.29
3770.74
3533.31
3947.26
3611.84
3512.01
3843.01
3547.27
3489.15
3784.91
3485.55
3751.89
3536.48
3556.74
3802.56
3546.49
3601.64
3748.23
3253.24
3723.15
3725.81
3320.14
3724.06
3655.69
3566.91
3738.79
3464.31
3407.84
3496.78
3668.43
3716.93
3277.06
3657.9
3654.57
3581.89
3634.38
3492.72
3185.54
3908.22
3426.55
3529.53
3760.48
2000.87
3772.66
3332.76
3648.39
3383.61
3518.73
3961.82
3542.57
3366.51
3709.73
3784.02
3363.65
3975.71
3349.81
3555.52
4057.43
3268.59
2361.72
3525.04
3486.59
3752.12
3673.46
3516.46
3774.42
3246.08
3748.93
3589.14
3362.62
3787.33
3492.32
3494.29
3859.16
3668.89
3518.61
3787.89
3495.7
3646.26
3619.34
3532.88
3605.35
3683.84
3519
3727.18
3630.12
3493.01
3825.2
3438.71
3648.22
3455.39
3700.31
3424.57
3354.24
4203.87
3168.74
3595.16
3926.78
3337.65
3749.91
3792.81
3162.58
3893.68
3559.96
3282.92
4007.23
3412.5
2916
2744.16
2876.66
3499.04
3376.12
3744.68
3854.36
2167.78
3648.2
3461.02
3768.98
3476.05
3390.94
3751.02
3363.29
3559.75
3776.8
3313.78
3822.1
3576.34
3421.95
3748.19
3865.78
3477.43
3790.84
3639.47
3568.1
3770.68
3472.77
3609.5
3786.51
3565.15
3574.63
3731.9
3390.57
3693.87
3698.72
3468.37
3736.95
3476.72
3719.84
3916.07
3516.36
3428.91
3858.56
3299.62
3554.01
3797.48
3742.68
3865.94
3445.38
3577.2
3537.36
3610.21
3591.65
3570.48
3619.07
3646.49
3492.09
3694.49
3709.52
3706.86
3542.91
3605.63
3623.89
3677.21
3529.96
3707.16
3524.62
3703.18
3694.38
3600.3
3653.54
3811.28
3270.59
3690.38
3703.17
3504.34
3900.19
3759.08
3532.55
3588.34
3744.35
3711.4
3694.34
3659.88
3495.21
3677.77
3528.23
3735.47
3613.58
3585.51
3634.47
3664.59
3614.03
3563.92
3751.02
3812.97
3661.67
3690.94
3602.44
3684.33
3559.11
3673.91
3673.77
3566.75
3674.03
3723.63
3493.37
3734.24
3619.96
3740.01
3452.11
3641.59
3583.03
3601.96
3562.86
3610.2
3518.8
3824.33
3601.12
3433.26
3516.95
3539.48
3706.57
3591.18
3494.94
3676.58
3776.42
3678.62
3161.36
3802.4
3467.59
3564.08
3656.6
3448.83
2979.64
2879.63
3388.28
3500.9
3437.64
3630.28
3751.3
3606.17
3511.11
3691.44
3585.13
3613.16
3702.38
3660.08
3641.94
3676.27
3603.03
3616.28
2132.03
3838.16
3497.42
3603.46
3696.42
3589.3
3589.17
3515.2
3447.45
3651.64
3610.07
3509.71
3641.87
3569.76
3827.06
3511.29
3600.03
3741.83
3556.39
3565.93
3700.27
3507.55
3631.35
3818.21
3589.49
3676.31
3588.35
3721.51
3655.18
3550.18
3681.72
3288.16
3653.82
3576.43
3672.29
3675.26
3589.74
3600.32
3546.49
3788.58
3631.73
3593.34
3690.14
3537.78
3449.77
3894.04
3561.63
3578.84
2677.49
2681.42
2943.95
3604.86
3509.39
3713.52
2781.87
3247.1
3656.24
3542.59
3559.94
3448.85
3596.17
3535.43
3641.44
3772.74
3478.73
3568.88
3647.16
3462
3613.76
3995.38
3603.24
3634.49
3842.07
3591.57
3653.12
3734.05
3388.32
3861.61
3577.91
3529.9
3733.29
3555.24
3576.68
3627.74
3658.94
3664.88
3704.79
3546.34
3789.71
3790.27
3447.71
3624.67
3569.28
3573.9
3636.68
3731.36
3375.36
3558.43
3547.04
3536.47
3682.7
3497.28
3666.5
3591.97
3516.5
3650.86
3558.81
3522.2
3606.92
3613.96
3604.93
3647.53
3514.02
3453.62
3712.25
3494.51
3472.5
3526.21
3646.45
3734
3531.58
3333.52
3780.55
3654.95
3591.5
3812.12
3491.52
3552.3
3559.91
3758.96
3607.63
3652.6
3667.06
3546.13
3701.11
3497.72
3548.26
3641.55
3483.47
3631.41
3592.77
3534.25
3780.87
3635.18
3713.22
3654.01
3530.62
3643.4
3555.72
3559.29
3645.56
3734.32
3405.74
3616.68
3566.7
3501.28
3675.01
3499.14
3563.48
3609.17
3510.26
3583.34
3635.72
3494.83
3617.64
3513.68
3596.14
3467.79
3422.68
3676.66
3391.05
3554.85
3590.75
3670.42
3545.42
3613.93
3604.92
3062.55
3742.15
3443
3527.75
3826.23
3386.95
2251.06
3500.38
3540.24
3291.9
3487.32
3680.14
3703.73
3573.8
3445.9
3683.79
3542.85
3637.76
3548.04
3458.64
3536.15
3631.09
3478.09
2885.99
3032.48
3535.85
3654.75
3807.63
3438.82
3447.93
3534.56
3503.77
3573.78
3559.16
3528.43
3589.49
3566.44
3588.3
3583.76
3604.57
3584.76
3532.4
3579.11
3497.76
3622.26
3480.47
3730.76
3598.96
3710.32
3370.23
3556.53
3724.19
3568.64
3546.99
3588.37
3042.48
3813.97
3537.55
3589.79
3600.87
3427.91
3574.01
3728.35
3614.75
3694.91
3598.88
3516.46
3565.3
3577.67
3667.64
3482.78
3296.64
2609.05
2770.24
3022.17
3522.76
3632.7
3689.04
2000.71
3669.3
3513.76
3628.37
3518.58
3381.94
3583.59
3464.14
3793.88
3709.41
3309.17
3564.08
3503.89
3775.55
3635.79
3645.95
3640.03
3678.61
3737.87
3652.11
3632.32
3348.29
3613.43
3719.62
3501.98
3767.62
3392.14
3643.89
3777.78
3330.54
3732.68
3530.34
3504.88
3684.82
3692.77
3656.48
3650.96
3487.91
3680.04
3334.38
3592.76
