2060.11
1848.02
1894.69
1984.23
1871.66
2065.47
1936.35
2023.38
2009.33
2036.83
1836.45
1875.61
1859.92
1911.29
1864.39
1781.87
1488.63
1532.62
1476.91
1577.63
1353.46
1532.65
1439.58
1773.19
1607.8
1580.29
1831.84
1423.83
1678.61
1650.59
1755.51
1647.22
2085.32
1904.62
2042.37
2039.98
2078.82
1893.51
1377.24
2112.75
2000.28
1960.25
1830.55
2013.23
1976.64
2149.64
2032.67
1925.68
1855.83
1435.73
1510.12
1523.76
1362.21
1536.93
1449.24
1951.87
2186
1744.22
1438.35
1406.86
1494.82
1559.38
1424.74
1601.32
1681.54
1820.89
2138.82
1828.47
1770.57
1845.27
1981.19
2082.43
1843.72
1883.43
1780.2
1805.45
2080.79
1712.28
1876.45
1709.89
1901.28
1860.1
2101.09
1626.41
1569.11
1494.85
1069.65
967.302
815.273
918.112
852.711
1775.69
1741.33
1910.72
1910.05
1999.3
1703.51
1559.02
1539.23
1414.9
1615.78
1172.68
1550.68
2017.82
1733.32
1921.5
1875.14
1708.48
1839.33
2070.89
1822.63
1946.89
1975.56
1723.98
1324.08
2144.51
2329.56
1937.53
2143.52
1397.17
1512.77
1277.94
1435.71
1805.98
1426.96
1485.7
2161.86
1572.81
1702.8
1729.39
1684.58
1836.68
1559.76
1588.56
1461.15
1520.63
1776.83
1588.94
1814.76
1924.09
2030.26
1971.76
1980.14
1946.83
2048.63
2054.26
2105.09
1953.58
1887.22
1831.52
1978.84
1770.15
1804.17
1336.31
1409.78
1593.6
1559.24
1207.14
1337.2
1887.21
1762.28
1671.76
2290.4
1776.55
1816.67
2645.85
2394.15
1908.75
1586.25
1247.38
1594.86
1472.28
1561.19
1600.48
1437.47
1395.3
1947.27
1834
1679.42
1652.21
1933.87
1884.9
1988.34
1936.76
2104.85
2034.23
2283.5
1975.87
1545.39
1321.96
1449.59
1516.82
1685.87
1483
1941.53
2154.72
2191.11
1922.5
1850.8
1937.25
1783.45
1126.78
820.597
972.309
1033.86
937.041
1125.59
1127.49
1022.88
1050.96
996.458
766.359
909.181
994.546
1037.57
885.941
1084.4
962.576
791.823
750.589
833.744
633.367
852.906
802.42
757.399
829.902
870.364
1242.09
663.929
932.664
837.964
843.826
934.115
1041.27
855.23
1092.62
1022.86
1315.39
895.844
747.551
978.094
1109.41
973.966
936.269
875.62
1123.14
1114.36
1231.75
918.161
1038.29
703.513
806.1
713.431
751.046
761.402
787.409
1010.14
1287.52
846.562
891.556
709.983
704.291
804.835
756.765
740.702
739.353
1165.63
1221.45
927.988
877.343
938.503
1015.58
964.063
996.904
950.979
803.421
1106.55
1261.42
852.152
853.628
916.979
959.884
1075.66
809.744
1018.23
714.255
954.777
773.877
479.303
445.523
585.773
514.953
822.804
802.422
992.649
915.252
1094.91
1027.23
889.908
677.774
870.547
707.781
574.877
882.966
1026.69
795.372
1149.85
1170.63
965.884
897.039
991.691
939.936
1093.62
984.992
813.33
717.479
1151.91
1328.12
1087.16
1033.32
704.311
639.633
829.475
687.046
930.436
786.019
786.778
1309.4
814.426
937.483
874.794
931.252
912.414
765.104
709.505
761.043
884.056
1133.91
754.667
995.735
961.256
923.251
1092.15
876.002
1010.62
1077.84
1017.05
1218.81
1022.11
965.49
928.401
1016.28
800.743
948.738
689.267
706.872
1011.41
897.893
668.147
693.477
581.314
922.456
854.29
1092.95
691.864
991.703
1055.44
1477.42
801.436
800.503
719.894
687.468
949.016
644.711
867.47
763.398
733.673
1349.6
844.366
972.968
884.361
994.341
928.251
1060.26
829.513
1195.01
971.549
1542.55
845.172
842.838
656.33
861.353
729.55
882.668
806.761
889.987
1145.91
1330.39
918.912
1049.11
808.807
934.516
947.67
1021.11
827.281
1057.27
774.598
1130.56
1070.89
1104.93
904.873
1106.24
879.474
879.833
864.336
957.041
958.137
1083.87
829.167
828.476
801.351
742.903
805.24
702.206
846.886
667.839
880.078
857.043
973.931
891.688
678.86
1005.19
777.578
939.104
898.404
988.222
976.098
1015.47
1128.5
1058.24
641.815
1006.52
1060.5
939.54
942.057
901.28
991.48
1077.35
1290.12
943.225
916.388
854.598
658.105
806.507
638.543
859.931
710.879
811.052
1249.39
934.094
816.533
745.916
782.944
725.962
752.768
766.714
853.737
769.302
1257.19
1007.86
802.378
955.806
1036.98
1016.06
965.968
909.912
831.306
979.107
1216.95
888.907
887.233
895.657
849.631
905.831
1083.2
881.923
881.212
748.485
777.685
632.211
367.653
574.683
485.773
755.475
874.081
845.912
998.063
1000.94
954.782
976.053
761.34
681.484
804.96
654.395
644.516
1031.28
918
892.911
1099.68
932.09
959.266
896.302
1005.13
943.516
1047.63
871.474
745.182
900.831
1336.45
1112.13
1034.66
690.292
794.119
673.124
686.098
906.751
732.425
805.613
1069.45
1062.71
769.833
854.526
1034.65
716.92
904.938
742.633
742.459
758.673
1074.74
801.376
889.969
1005.28
880.506
1027.52
864.974
1015
944.845
1013.88
1163.19
1035.9
969.027
848.286
1065.33
789.192
962.134
773.168
659.762
879.842
956.029
726.96
610.106
669.359
703.765
960.761
880.317
946.601
705.707
1046.17
1340.45
1037.99
849.381
683.864
607.049
981.136
645.436
827.186
778.476
668.78
1081.21
985.343
838.634
881.975
1020.98
893.664
925.386
880.874
1034.54
1034.82
1213.38
1159.71
808.139
794.449
624.218
830.828
845.535
699.091
835.152
1135.42
1065.39
1038.4
1067.7
863.093
910.932
3120.98
2804.33
2919.62
2983.64
2846.68
3086.68
2722.79
2900.86
3096.22
2922.22
2871.81
2636.12
2951.66
2836.47
3010.23
2878.39
2193.51
2166.3
2166.87
2312.31
2178.61
2235.47
2184.09
2520.65
2555.94
2233.78
2486.83
2200.37
2477.76
2603.28
2437.43
2586.94
2815.65
2966.77
3182.94
2863.5
2999.63
2884.14
2037.76
3056.49
2997.53
3020.19
2936.96
2857.39
2931.27
3145.61
2791.3
2811.04
2964.91
2200.37
2255.77
2204.97
2101.29
2372.24
2088.97
2637.13
2999.39
2791.23
2187.52
2234.29
2339.84
2307.5
2260.57
2400.88
2562.9
2512.61
3052.29
2959.96
2604.07
2762.43
2935.37
3070.89
2906.61
2984.36
2616.58
2658.37
2838.95
2584.92
2674.99
2702.91
2598.18
2909.89
3067.47
2796.42
2326.32
2133.85
1580.92
1376.26
1280.02
1334.43
1269.75
2366.83
2803.07
2666.74
2892.85
2926.12
2475.86
2205.09
2429.73
2049.02
2454.59
1804.72
2184.86
3002.2
2714.84
2664.8
2544.75
2512.09
2799.65
3035.02
2935.29
2970.36
2920.82
2906.7
1763.75
3006.01
3204.42
3176.34
3144.73
2419.53
1996.12
2073.94
2272.53
2592.57
2275.74
2196.01
2612.27
2577.4
2481.36
2783.8
2609.78
2545.82
2581.44
2360.76
2132.69
2299.69
2552.49
2241.79
2811.03
2901.98
3157.22
2904.1
3046.19
2893.5
3057.84
3116.72
2885.81
3219.58
2663.59
3053.62
2857.28
2693.99
2617.55
2292.16
2046.83
2414.6
2072.24
1751.69
1841.9
2030.63
2466.54
2531.23
2751.66
2650.12
2731.03
2729.56
2939.1
2848.35
2620.61
1926.27
2164.37
2419.05
2226.82
2477.91
2041.97
1959.1
2605.09
2836.6
2488.84
2454.03
2903.52
2891.12
2835.49
2984.59
3163.17
3266.81
3108.31
3205.3
2231.7
2166.44
2049.05
2317.86
2570.56
2207.48
2702.05
3144.18
3141.05
2841.62
2759.27
2798.62
2909.43
2383.53
2284.53
2220.4
2308.61
2322.55
2310.81
2142.84
2285.67
2403.02
2424.29
2207.34
2116.02
2388.61
2188.77
2377.79
2172.54
1886.35
1589.59
1668.19
1848.43
1792.21
1731.69
1789.23
1905.04
1927.68
1852.66
1806.99
1830.27
1773.87
2143.17
1849.65
2082.84
2021.21
2329.48
2484.6
2234.37
2388.39
2134.32
1596.73
2403.49
2420.24
2426.51
2403.94
2292.59
2283.68
2406.2
2328.59
2160.52
2225.33
1950.6
1741.82
1833.64
1638.99
1730.01
1732.45
1941
2352.13
2285.48
1720.28
1829.23
1878.28
1779.69
1774.95
1905.12
1968.77
1959.62
2374.51
2274.38
2179.22
2085.93
2410.84
2293.66
2320.52
2280.45
2128.59
1953.42
2055.83
2095.08
2053.36
1942.2
2077.02
2163.08
2391.64
2290.3
1994.51
1659.29
1396.9
1063.76
1025.49
1083.47
1055.15
1581.5
2200.23
2084.79
2267.02
2341.51
1976.85
1783.19
1874.32
1736.61
1810.35
1702.21
1522.99
2273.74
2219.88
2047.15
2095.47
2031.81
2021.83
2372.37
2336.14
2295.19
2267.65
2350.41
1363.54
2366.25
2427.93
2501.42
2395.03
2239.18
1498.55
1711
1645.99
1983.68
1878.4
1746.87
1850.46
2049.27
1917.53
2037.51
2186.03
1830.95
2184.37
1881.6
1614.75
1796.88
1830.85
1715.38
2027.32
2312.47
2233.63
2473.38
2298.95
2361.02
2336.7
2355.11
2125.36
2370.76
2231.78
2132.58
2491.13
2086.74
2125.16
1953.48
1494.35
1895.3
1611.34
1459.09
1303.83
1571.46
1843.4
2071.73
2073
2156.79
2164.63
2113.37
2346.41
2237.47
2196
1670.48
1758.11
1835.79
1759.65
1958.07
1685.71
1624.14
1759.98
2114.07
2117.59
1837.52
2268.03
2408.09
2307.28
2291.16
2421.36
2503.44
2370.61
2424.84
2008.3
1778.58
1548.57
1907.98
1989.12
1750.69
1966.63
2389.36
2406.27
2286.76
2229.76
2233.22
2297.59
