559.307
570.452
569.84
586.336
570.029
573.593
569.248
602.357
578.051
590.995
570.795
546.151
350.7
599.747
570.048
585.717
597.028
576.106
584.425
620.288
584.855
580.553
577.132
599.239
562.538
564.827
380.968
568.834
609.85
576.743
555.892
577.476
591.546
579.314
605.431
613.526
596.919
587.728
626.13
569.45
611.234
590.657
553.566
601.427
576.262
597.3
579.502
566.138
577.202
543.764
591.902
599.522
609.27
596.449
574.63
333.768
562.176
580.618
599.84
615.682
609.994
586.412
576.251
580.472
585.931
602.778
592.381
606.516
363.415
598.403
581.726
631.31
574.062
606.002
585.514
583.856
559.745
578.055
599.05
540.845
585.265
605.829
598.84
587.694
599.056
603.65
574.034
579.723
627.188
574.388
615.26
623.238
585.195
337.208
574.333
570.722
607.928
613.339
557.707
573.574
585.538
565.734
567.936
554.751
567.834
603.88
614.832
603.199
568.285
579.968
609.56
565.958
604.951
603.512
604.866
414.197
517.228
594.345
558.138
585.301
624.227
601.213
560.626
611.007
611.44
569.438
582.174
491.394
423.528
598.067
549.858
564.582
588.933
563.806
599.262
581.048
608.055
611.899
500.765
417.074
593.655
599.788
583.355
610.287
595.282
588.72
597.192
583.265
336.39
591.48
610.303
574.05
588.291
603.198
604.472
610.238
564.589
563.425
575.196
602.548
602.685
581.603
554.966
560.116
577.074
564.477
585.941
579.415
572.234
566.02
583.664
602.301
402.518
573.913
601.819
578.998
560.12
563.806
616.664
602.159
610.38
615.388
606.067
623.386
591.75
564.27
559.382
597.053
580.052
602.505
598.66
597.291
494.305
516.65
580.422
604.731
542.577
567.567
556.444
592.885
572.815
610.945
621.401
659.028
630.113
612.02
632.277
642.69
621.743
633.158
667.761
678.374
641.684
354.723
652.256
651.435
692.003
668.576
663.866
665.63
681.304
664.027
683.231
664.246
647.854
655.151
628.903
547.488
523.29
655.034
610.515
646.819
654.732
626.266
642.505
663.412
614.63
652.794
632.674
626.858
582.937
634.365
660.916
622.941
627.135
635.46
604.974
616.235
595.353
589.813
637.478
631.109
629.244
607.367
662.221
662.178
529.924
425.172
641.987
646.713
642.014
636.118
654.501
655.228
640.362
635.504
594.382
640.903
628.127
539.066
460.762
634.603
613.413
620.535
614.542
633.468
639.7
647.273
655.202
643.477
624.959
652.986
630.885
675.899
663.452
676.629
643.827
627.148
609.459
612.39
618.946
617.989
650.346
659.438
492.824
526.726
633.045
635.315
623.538
641.284
621.332
644.05
655.011
610.869
632.664
643.713
632.197
625.683
647.898
576.13
636.611
632.932
628.425
654.587
652.873
624.741
630.441
431.792
642.134
655.459
592.94
622.368
646.672
620.97
574.076
668.381
619.861
635.082
635.261
406.803
611.063
660.311
665.554
606.135
607.151
617.192
658.239
661.412
658.488
659.383
367.183
641.573
621.043
642.109
660.811
649.063
663.239
652.87
678.393
355.177
627.01
644.89
619.478
628.61
623.939
634.37
659.616
655.712
609.012
635.257
632.008
619.981
635.622
621.883
662.261
644.516
668.544
619.534
676.879
640.996
612.893
654.264
672.606
462.889
647.457
660.582
646.432
571.301
636.765
631.713
598.884
639.58
640.125
636.072
682.435
636.438
602.179
610.918
633.891
629.203
666.74
631.911
634.839
626.623
408.705
652.899
667.484
631.386
616.722
638.97
571.882
632.72
558.452
621.181
595.622
616.462
586.808
576.014
581.444
606.777
639.383
584.119
602.463
446.828
475.565
613.503
612.961
625.186
653.311
620.046
618.644
591.041
609.385
587.4
585.96
601.182
577.271
621.103
384.697
620.147
604.14
622.905
601.77
612.531
601.847
607.614
622.106
583.87
606.356
579.456
542.559
543.657
617.914
564.018
609.994
579.899
584.69
608.163
593.696
581.792
656.619
590.173
599.684
618.419
587.664
569.72
596.514
339.119
542.491
591.516
580.507
604.619
588.555
621.34
579.886
599.81
621.318
610.482
600.09
611.769
357.769
588.023
633.147
618.204
583.801
567.56
600.816
592.811
569.254
570.815
558.851
574.536
577.672
598.618
580.02
583.519
582.079
618.39
636.693
603.596
624.116
616.98
602.577
612.88
580.47
363.577
616.992
580.44
617.099
572.86
577.198
585.841
609.979
632.124
608.164
608.958
569.034
617.426
582.127
597.425
573.089
559.197
587.65
569.329
590.983
596.089
578.519
325.208
579.114
585.489
574.742
599.967
591.088
554.372
607.683
601.749
597.39
606.109
608.281
438.335
522.886
601.479
605.591
593.493
630.51
569.159
626.253
580.659
570.512
625.046
460.453
488.473
608.736
620.616
617.527
627.963
605.205
616.536
629.369
575.22
372.474
626.13
619.736
630.284
602.487
589.08
598.511
580.29
623.803
573.381
606.845
594.901
582.676
614.773
567.068
602.281
604.299
602.572
588.874
591.108
614.204
606.52
609.192
627.799
414.04
597.071
600.987
595.071
583.774
596.815
597.395
609.375
599.568
624.766
630.314
636.575
564.563
607.093
587.101
621.068
620.763
609.981
596.552
602.125
389.92
599.823
621.653
595.708
591.855
607.598
579.699
583.507
610.824
635.312
617.409
625.895
604.374
591.641
657.383
589.697
605.745
651.305
620.202
617.271
566.185
364.803
647.845
657.044
634.428
636.181
604.147
632.528
613.14
629.676
610.939
633.689
623.005
611.616
596.044
499.77
521.261
650.61
616.112
618.078
625.28
585.355
607.558
629.598
620.005
614.924
637.089
617.458
562.596
657.338
581.637
580.197
611.848
619.549
625.997
632.992
606.818
625.306
615.435
583.282
583.794
629.687
599.333
568.903
513.127
382.526
623.879
616.172
607.902
628.829
638.093
615.087
608.956
626.937
636.397
608.545
623.357
525.413
429.037
621.126
617.326
586.665
644.084
602.697
630.832
580.743
600.655
593.041
614.904
655.145
623.572
629.084
635.17
591.093
642.146
555.845
614.236
598.667
611.207
600.896
614.548
636.834
436.951
539.067
587.647
594.378
641.028
630.54
638.91
590.827
638.676
620.259
626.8
608.391
611.067
585.954
592.418
592.692
603.918
620.772
571.251
586.255
585.961
595.464
578.439
394.385
590.069
577.291
548.762
630.822
617.036
635.549
621.879
610.871
590.522
599.268
624.7
402.834
604.738
620.944
644.164
600.733
607.727
624.456
620.058
603.088
611.597
610.227
324.354
599.839
624.96
599.722
609.304
637.612
616.243
596.347
610.034
351.123
658.937
582.446
624.034
637.825
607.39
648.547
595.53
625.635
574.031
614.065
592.493
619.065
583.798
623.319
624.579
633.801
650.662
635.691
611.151
618.37
615.208
624.319
628.355
447.447
650.095
618.599
616.487
602.462
612.643
596.689
607.066
635.301
636.493
590.161
636.373
633.89
619.536
594.498
586.356
617.691
619.179
618.572
635.027
610.684
380.176
612.243
622.281
608.115
614.281
611.638
565.804
627.575
592.289
592.257
610.066
583.043
590.54
570.53
576.901
607.476
581.048
628.44
618.942
477.397
433.921
605.314
604.241
590.748
570.129
594.927
613.955
582.047
584.907
582.141
623.849
604.354
571.958
577.877
408.116
590.441
607.708
588.75
599.632
572.917
601.341
616.069
592.961
595.228
584.499
581.586
555.893
541.325
599.675
607.813
591.027
594.762
613.685
595.104
616.524
583.142
614.709
589.849
582.165
596.207
626.352
606.805
575.227
329.759
601.908
582.152
600.166
584.09
582.482
625.113
602.976
604.787
588.162
581.768
551.76
582.274
334.074
612.737
611.527
608.119
596.235
599.9
582.47
564.187
605.156
599.337
603.016
608.176
641.206
579.229
585.266
609.865
639.749
630.832
595.798
614.192
583.187
625.447
590.967
610.311
619.468
371.907
587.895
635.284
598.021
588.267
612.412
597.123
620.477
613.278
587.745
569.073
597.987
611.474
596.852
592.35
552.179
591.373
613.3
577.896
622.119
599.54
635.218
357.179
604.508
607.685
573.425
630.332
589.388
607.6
589.206
625.316
582.187
600.091
592.447
463.357
527.965
585.663
613.942
584.156
608.246
602.973
621.808
615.096
602.168
589.418
464.139
497.94
607.432
601.346
587.23
541.975
621.473
613.628
592.884
552.163
354.979
646.762
592.696
617.196
610.982
614.311
623.049
613.056
584.439
566.368
612.08
632.957
588.227
631.448
556.049
604.852
630.535
620.59
612.161
569.265
604.724
618.181
610.241
602.143
449.091
608.568
621.646
585.809
577.653
625.412
602.084
582.859
584.719
624.254
620.63
589.414
602.182
571.96
569.274
603.892
614.654
586.951
605.39
612.81
404.766
579.934
604.371
626.843
565.826
617.926
592.68
573.752
615.761
