1168.9
1478.51
1874.65
1803.81
2518.95
1588.42
1430.96
1183.91
2569.63
1635.34
1020.79
1331.28
1340.59
1584.45
2211.36
1473.24
1860.8
2069.88
1497.8
1659.21
1968.86
1377.07
1810.43
1523.44
2001.24
1717.41
1712.05
1651.74
1855.52
1861.21
1366.78
1198.5
970.035
1558.72
2156.91
2468.62
1455.2
1800.03
1405.12
1662.73
1901.95
2108.96
1268.56
1653.3
2172.99
1643.82
1304.56
1686.91
1958.09
1520.59
2076.96
1898.45
1228.47
910.372
2225.11
1872.63
1689.59
1135.58
1632.47
1909.68
2177.04
1988.75
1052.41
1933.76
1940.7
1511.54
1288.34
2050.46
1174.73
1410.44
2067.15
2627.34
1313.13
1428.24
1785.64
1626.62
1852.56
1245.43
2063.42
1320.1
1498.88
1219.31
2041.01
2044.81
2009.18
1300.04
1444.89
573.979
918.183
1104.71
929.615
1196.44
1249.87
1085.67
699.014
696.867
572.888
1461.51
1630.18
1945.85
1860.05
1623.05
1882.74
1853.23
2107.61
1987.16
1444.28
1485.81
1719.96
1807.97
1821.4
1509.14
2007.69
1879.51
1478.23
1519.53
2182.43
1808.25
1166.28
1130.71
1797.51
1471.59
1555.01
1835.29
1682.73
1923.69
2101.29
2241.46
1660.52
1501.87
1260.06
1236.13
1471.47
1449.56
1833.19
1610.16
1741.36
2350.66
2155.98
2012.88
2163.26
1323.02
1626.04
1660.29
1715.73
2114.04
1874.04
1968.16
1851.18
1478.76
1426.41
2477.2
758.897
1072.19
1680.34
1448.02
1752.15
1858
1807.93
1478.42
1736.17
2005.97
1914.22
1490.27
1448.61
1078.81
1142.72
1731.39
2609.37
1858.58
1479.87
1536.61
1728.38
1763.55
1194.69
972.945
1315.62
1307.65
1881.23
1544.76
1567.04
2109.98
2168.28
1782.02
1897.42
1779.98
1243.7
1274.61
1947.42
1282.06
1757.78
1239.63
1671.37
1785.17
2074.35
1805.32
1289.1
1157.53
1956.96
1782.97
1819.27
1076.02
1211
1742.54
1740.45
2235.39
1515.86
1313.45
1190.69
1916.75
1573.3
928.637
1325.29
1261.81
1379.14
1857.84
1524.46
1471.65
1816.19
1343.63
1378.48
1944.15
1227.94
1445.79
1469.78
1912.86
1482.72
1538.7
1690.02
1754.35
1734.98
1421.15
1067.95
931.195
1357.41
1782.39
2199.36
1573.05
1512.97
1091.17
1595.1
1308.58
1936.05
1262.92
1246.75
1903.37
1670.18
1012.7
1550.5
1896.86
1457.49
1784.87
1523.41
1166.65
807.34
1880.44
1722.18
1683.05
956.289
1438.65
1405.21
1856.4
1937.63
1148.25
1603.19
1417.78
1306.29
1361.84
1703.99
1108.11
1349.21
1768.11
2307.2
1241.5
1333.77
1500.8
1627.47
1890.41
1215.93
1572.35
1256.29
1408.47
1051.25
1892.06
2000.72
1740.46
1259.83
1425.75
524.913
703.646
978.361
825.302
1097.75
1009.13
872.287
639.332
655.302
510.129
1095.15
1592.73
1678.48
1837.47
1420.48
1811.94
1706.59
1811.87
1610.79
1524.16
1505.6
1403.22
1509.31
1653.22
1272.43
1680.1
1861.76
862.775
1191.55
1614.65
1685.33
1401.67
907.515
1740.52
1222.63
1616.45
1683.35
1421.38
1668.18
1799.16
1968.15
1587.2
1132.51
1054.13
1326.32
1365.39
1389.88
1577.74
1376.99
1490.32
1944.4
1884.95
1921.18
1868.03
1322.46
1549.95
1453.85
1689.88
1930.68
1701.12
1758.72
1609.57
1407.92
1156.58
2159.98
814.006
948.206
1411.95
1274.38
1462.36
1529.83
1700.77
1467.52
1673.85
1568.09
1610.8
1392.13
1093.95
974.06
913.514
1489.58
2293.04
1840.07
1166.18
1507.11
1601.61
1729.99
1358.5
1084.88
1374.38
926.505
1747.22
1334.44
1357.19
1901.9
2056.73
1575.45
1612.97
1501.96
1218.6
1105.28
1871.02
1406.39
1518.89
1145.38
1389.58
1472.95
1684.33
1766.41
1432.06
1015.57
1619.79
1600.37
1269.42
1992.45
1202.48
1873.14
1908.23
2421.63
2162.84
1848.16
1700.86
1477.18
2659.91
1529.65
994.685
1426.75
1699.16
2097.95
2047.21
1454.64
2175.73
1991.69
1383.69
2384.84
1831.01
1820.69
2078.02
1560.3
2220.35
1818.55
2071.81
2022.46
1955.47
2191.88
1086.37
1358.53
995.855
1906.17
2678.97
2368.36
1646.4
1655.64
1738.05
1974.54
1747.87
2006.86
1550.83
2081.05
2138.71
1827.49
1596.66
1955.85
1991.37
1838.3
2264.24
1928.06
891.205
1306.42
2364.7
2143.13
1430.82
1456.42
1582.44
2520.41
2361.44
1922.7
1308.75
2192.21
1568.12
1938.07
1622.7
1953.91
1630.52
1564.42
2659.39
2258.37
1394.59
1430.42
2291.88
1781.34
1745.64
1682.16
2340.19
1110.55
1527.3
1789.51
2258.72
2374.66
1668.08
2033.29
1137.22
596.968
1276.92
1199.13
1181.1
1249.01
1319.53
984.901
838.361
715.264
1042.33
1648.21
1767.15
2662.92
1655.85
1828.81
1985.51
2100.82
2237.36
2181.45
1624.56
1529.34
2093.51
2152.4
1697.26
1751.74
2697.33
1732.13
1537.13
1869.66
2523.27
1676.09
1109.33
1912.87
1478.42
1945.19
1663.6
1966.28
1848.83
1800
2623.94
2268.92
1919.52
1403.47
1692.93
1101.02
1822.07
1537.33
2129.55
1703.56
1988.79
2927.87
2707.87
2068.54
2058.94
1687.67
1585.15
1744.94
2178.3
2330.61
1870.67
2446.16
2092.18
1418.84
1997.3
2009.78
990
1320.49
1721.76
1912.47
1661.31
2360.01
1960.97
1707.94
2340.63
2115.75
1618.77
1714.17
1339.49
1255.69
1422.72
2355.91
2744.39
1942.8
1688.14
1516.37
2099.77
1886.32
1235.62
1281.36
1418.84
1788.63
1644.95
1574.87
1786.35
2706.31
2280.88
1647.58
2124
1951.1
1295.48
1758.07
2276.92
1536.22
1465.6
1491.59
1774.05
1951.68
2334.12
1898.27
1350.52
1506.47
2193.43
1843.29
2222.25
1487.21
2058.13
2574.32
2733.52
2689.78
2121.24
2131.88
1770.4
3194.1
1787.28
1034.8
1629.68
2016.39
2475.51
2701.39
1694.71
2680.18
2560.88
1694.45
2819.25
2019.16
2018.59
2506.25
1880.04
2729.21
1993.62
2425.76
2395.6
2445.53
2624.52
1249.82
1550.27
1106.14
2286.47
3145.66
2861.72
2050.47
2126.16
2192.85
2424.28
2119.99
2383.41
1782.51
2418.28
2609.52
2130.67
1841.46
2389.93
2391.91
2190.5
2727.26
2318.72
1017.39
1466.26
2965.41
2427.7
1781.72
1535.85
1719.98
2855.11
2849.71
2463.7
1726.77
2542.05
2021.76
2164.55
2022.19
2355.76
1837.73
1836.91
3214.16
2692.96
1671.26
1839.51
2672.06
2177.01
2152.95
1880.56
2646.91
1471.07
1850.21
1979.4
2867.14
2783.36
2057.36
2319.34
1363.77
734.003
1425.6
1311.73
1398.68
1489.68
1503.01
1147.94
979.064
763.471
1146.67
1903.76
2015.68
3163.87
1999.7
2192.75
2222.89
2420.99
2753.87
2624.32
1859.68
1803.54
2648.16
2593.33
2078.81
2013.06
3024.23
1925.35
1891.56
2192.97
2994.41
1915.81
1153.49
2213.23
1777.54
2355.84
1950.66
2387.45
2233.21
2124.11
3085.95
2830.75
2336.86
1668.09
1933.98
1372.08
2177.27
1820.5
2497.15
1939.8
2288.86
3337.64
3108.59
2506.85
2424.23
1992.64
1859.89
2130.05
2559.24
2621.78
2279.63
2893.92
2457.67
1835.9
2463.73
2256.01
1029.23
1461.85
2052.68
2139.39
1883.56
2779.98
2304.32
2155.33
2702.59
2543.18
2054.34
2011.69
1641.83
1384.47
1615.18
2698.07
3273.09
2345.51
1914.4
1888.35
2326.3
2285.65
1510.67
1452.34
1542.61
2139.41
2007.15
1840.82
2206.87
3168.69
2756.89
2025.14
2530.68
2340.6
1439.79
2019.72
2770.34
1764.72
1869.3
1779.03
2266.01
2491.64
2735.84
2411.76
1540.72
1862.58
2304.11
2062.3
1179.41
1470.41
2024.01
1977.2
2284.39
1496.91
1526.49
1221.74
2568.84
1351.35
808.523
1336.99
1582.13
1957.08
1937.47
1268.56
2105.26
1985.51
1248.97
2014.88
1696.63
1405.63
1873.72
1324.8
2141.1
1603.35
1786.81
1734.14
1743.84
2166.15
1045.16
1131.69
858.971
1603.98
2526.58
2346.9
1558.75
1679.46
1539.98
1772.25
1648.27
2025.6
1179.7
1736.23
2161.09
1624.59
1357.72
1721.52
1840.45
1803.3
2173.27
1887.99
807.333
954.833
2331.8
1872.76
1348.39
1435.98
1538.9
2108.54
2187.42
1947.45
1227.1
2112.09
1585
1571.49
1425.04
2008.19
1235.87
1307.08
2289.21
2284.24
1215.02
1432.28
2030.6
1513.87
1811.64
1553.81
2392.41
1262.9
1377.98
1409.88
2039.21
2059.94
1635.03
1654.02
1161.93
515.195
1148.09
1034.5
1080.28
1227.71
1260.57
923.837
714.03
560.429
734.589
1522.86
1555.52
2340.15
1479.59
1730.79
2034.08
2061.93
2112.61
2010.9
1463.2
1415.39
1912.53
1843.58
1677.62
1513.23
2234.83
1647.6
1523.06
1605.08
2158.11
1480.06
962.264
1527.36
1461.39
1829.98
1623.88
1945.44
1800.86
1602.96
2266.79
2112.49
1729.39
1264.73
1419.55
888.928
1806.49
1432.74
1813.53
1435.05
1622.01
2632.9
2261.14
1924.48
2089.65
1399.65
1464.47
1785.4
1909.42
2219.59
1714.48
2159.99
1805.59
1254.9
1839.36
2012.69
762.163
1014.09
1576.42
1512.22
1417.56
2220.82
1801.65
1676.26
2113.5
2057.85
1692.6
1395.87
1342.18
978.171
1255.49
1875.47
2633.18
1651.66
1508
1483.22
1913.39
1929.21
1182.33
1057.9
1226.28
1836.15
1570.58
1433.27
1518.04
2395.15
2331.07
1483.81
1903.32
1802.53
1038.78
1474.55
2140.1
1346.76
1510.61
1365.46
1676.46
1778.76
2105.81
1950.24
1147.44
1321.82
2230.44
1627.37
2071.18
