1367.68
1313.37
1260.88
1295.24
1208.98
1299.3
1384.54
705.026
1337.61
1239.27
1266.78
1285.84
1394.78
1279.63
1306.01
1331.08
1348.38
1331.08
1342.23
1369.22
1315.53
1347.91
1322.17
1339.75
1353.44
1296.92
1151.62
1373.5
1341.57
1343.44
1342.62
1315.15
1371.67
1360.85
1354.49
1399.81
1289.91
1005.32
1339.4
1403.31
1276.49
1356.55
1312.01
1223.33
1289.77
1204.92
1262.31
1311.97
1350.82
1337
1313.94
1311.65
1366.86
1322.13
1316.66
1376.62
1333.71
1376.6
1303.3
828.742
1265.68
1347.29
1282.5
1358.86
1337.92
1272.2
1286.28
1292.19
1366.72
1367.61
784.607
1267.12
1267.65
1309.44
1347.09
1341.83
1341.75
1353.77
1339.73
1079.16
824.412
1332.98
1366.45
1245.83
1378
1317.9
1248.73
1315.6
1343.49
1389.43
1359.94
1335.93
1368.08
1285.06
1369.03
1362.56
1237.55
1378.48
1291.77
1306.36
1331.15
1352.5
1274.49
1422.15
1353.98
830.286
1331.27
1332.79
1326.8
1287.37
1285.28
1311.75
1323.58
1382.89
1384.79
1412.3
1399.79
1332.24
1415.73
1307.43
1367.43
1368.23
1393.81
1329.15
1295.22
1337.23
1354.78
1382.41
1355.98
1278.38
1397.07
1408.76
1314.79
1368.28
1351.07
1366.13
1288.4
1417.26
1334.64
1443.75
1389.87
1371.92
1422.77
1342.95
1388.49
1408.75
1407.95
1367.4
1423.3
1407.24
1402.51
1384.91
1381.28
1331.37
1397.15
1385.68
1366.37
1355.32
1366.05
1414.31
1323.36
1321.65
1368.43
1341.75
1337.69
1397.77
1143.55
1015.67
1342.53
1408.13
1372.33
1326.4
1307.72
1332.4
1363.13
1388.86
1405.49
1388.18
1391.7
1369.44
1409.76
1400.94
1285.06
1341.85
1411.42
1396.71
1420.94
1379.67
1350.16
1352.13
1353.37
1341.27
1377.32
1278.25
1329.18
1445.38
1432.19
1376.83
1314.23
1256.66
1372.06
1383.66
1447.7
1425.77
1420.96
1443.95
1380.06
1479.87
819.069
1453.24
1360.72
1430.21
1454.63
1496.07
1382.1
1483.94
1525.14
1520.6
1452.67
1448.64
1439.05
1425.79
1496.67
1479.96
1527.58
1476.79
1448.86
1217.37
1374.71
1432.74
1482.08
1500.9
1475.35
1452.44
1457.16
1515.98
1509.37
1437.66
1191.14
1347.53
1455.75
1416.47
1455.16
1463.05
1486.47
1431.56
1414.36
1441.4
1422.65
1457.7
1497.76
1441.45
1473.5
1528.73
1419.22
1432.64
1512.18
1465.15
1508.52
1541.99
884.215
1438.1
1510.71
1449.72
1447.66
1453.94
1359.03
1432.74
1413.51
1392.54
1460.7
867.258
1520.27
1482.9
1432.25
1487.72
1466.11
1469.71
1493.85
1504.31
1367.02
791.23
1471.95
1461.19
1467.79
1497.28
1496.96
1359.16
1482.71
1467.83
1544.57
1512.28
1519.27
1483.15
1395.11
1487.6
1508.13
1439.22
1400
1521
1490.07
1500.84
1432.72
1374.83
1426.32
1482.31
876.432
1542.7
1482.37
1430.7
1479.89
1482.35
1410.77
1504.8
1427.42
1440.77
1446.56
1463.77
1450.23
1416.69
1382.94
1445.91
1463.39
1504.63
1421.34
1518.06
1475.34
1523.72
1438.92
1481.11
1361.22
1467.02
1527.84
1482.82
1514.69
1434.73
1484.69
1369.1
1499.72
1463.59
1455.18
1501.4
1516.01
1511.19
1397.21
1426.13
1448.52
1453.11
1418.64
1480.01
1404.65
1467.01
1473.59
1458.95
1468.6
1428.2
1501.12
1529.33
1521.97
1464.47
1427.99
1410.59
1440.73
1441.63
1474.36
1502.66
1435.91
1335.35
831.616
1387.34
1469.46
1438.85
1401.7
1381.87
1512.44
1454.33
1469.15
1432.06
1498.44
1461.83
1462.1
1438.36
1488.7
1481.76
1379.51
1358.39
1418.98
1448.31
1458.09
1440.48
1432.31
1533.13
1406.06
1418.71
1418.38
1431.36
1464.64
1449.26
1450.98
1451.87
1337.22
1418.98
1398.58
1346.81
1255.79
1386.26
1405.86
1385.43
1410.53
839.277
1420.75
1357.85
1465.31
1410.93
1394.5
1406.89
1431.9
1401.63
1448.2
1429.58
1389.41
1426.17
1430.45
1453.89
1404.49
1442.17
1457.37
1408.19
1245.68
1438.1
1385.26
1471.7
1371.62
1387.21
1417.64
1430.37
1453.23
1428.69
1432.55
1111.08
1362.89
1383.64
1350.13
1467.69
1384.2
1392.96
1420.55
1381.09
1458.88
1447.22
1423.05
1436.92
1401.76
1429.18
1442.5
1412.03
1424.32
1401.77
1341.63
1414.6
1337.83
899.054
1344.19
1409.94
1304.94
1379.12
1423
1364.65
1442.7
1395.72
1404.79
1484.87
822.98
1399.45
1426.34
1383.78
1445.88
1361.16
1406.17
1404.7
1375.39
1193.54
949.993
1436.33
1455.96
1443.41
1404.76
1381.35
1293.54
1410.56
1376.15
1424.27
1348.27
1457.14
1439.8
1412.9
1380.71
1312.39
1244.31
1251.69
1292.39
1346.97
1331.3
1420.44
1305.74
1433.65
1470.9
809.962
1330.7
1337.36
1390.77
1348.07
1338.44
1352.19
1373.05
1394.18
1369.55
1424.43
1308.08
1323.81
1352.23
1328.36
1329.72
1341.31
1338.07
1308.95
1318.43
1397.47
1331.75
1320.95
1407.69
1280.97
1376.85
1401.2
1410.26
1353.63
1397.09
1366.63
1221.76
1340.98
1348.94
1361.44
1444.44
1375.85
1375.62
1310.1
1348.15
1338.86
1327.89
1349.31
1385.02
1344.48
1333.13
1378.8
1364.51
1334.62
1269.52
1350.16
1333.04
1326.17
1353.98
1349.14
1293.6
1397.68
1354.9
1372.96
1413.15
1423.88
1130.48
892.031
1329.47
1432.38
1343.37
1367.37
1363.56
1367.49
1352.64
1396.52
1432.85
1397.15
1439.3
1420
1464.43
1404.95
1338.65
1394.02
1397.19
1388.71
1414.83
1440.63
1409.47
1507.86
1412.49
1410.72
1436.41
1361.92
1303.79
1451.34
1410.87
1414.18
1377.35
1282.49
1397.43
1352.32
1448.56
1424.28
1416.28
1455.72
1367.96
1361.93
864.389
1382.81
1452.42
1454.82
1467.42
1363.65
1416.02
1412.53
1381.87
1435.17
1403.89
1441.84
1440.36
1487.99
1429.07
1423.1
1432.12
1432.64
1267.04
1305.94
1451.76
1405.86
1426.15
1430.79
1412.15
1421.98
1383.81
1416.96
1389.67
1393.12
990.901
1476.89
1392.23
1388.43
1438.3
1364.03
1460.74
1422.06
1389.79
1354.42
1428.55
1371.54
1447.94
1307.51
1280.34
1356.59
1318.53
1402.82
1411.93
1436.5
1456.38
1191.62
1041.82
1276.34
1390.96
1350.67
1404.57
1401.11
1414.34
1409.08
1399.12
1444.89
1485.88
823.94
1410.71
1359
1370.62
1390.8
1381.31
1485.92
1401
1417.83
904.462
1227.53
1472.39
1415.34
1415.49
1490.74
1375.83
1397.71
1445.64
1444.14
1441.15
1399.36
1384.97
1387.38
1410.23
1400.86
1412.82
1356.48
1480.72
1389.98
1385.93
1396.16
1401.17
1436.51
1432.24
1479
824.966
1466.16
1411.54
1413.98
1415.58
1431.67
1387.21
1414.24
1432.56
1464.26
1434.63
1491.53
1483.62
1459.03
1350.14
1460.16
1461.56
1431.3
1389.71
1416.96
1370.48
1462.1
1440.2
1451.74
1346.22
1462.37
1445.65
1477.51
1491.48
1498.8
1406.66
1317.67
1393.22
1437
1449.25
1386.56
1376.12
1424.66
1372.77
1358.98
1436.79
1345.33
1370.07
1439.82
1447.44
1440.8
1366.42
1431.93
1416.67
1425.04
1438.44
1430.64
1413.13
1413.75
1421.16
1447.46
1451.72
1412.12
1305.56
1444.24
1374.57
999.07
1263.57
1340.21
1410.14
1397.69
1319.67
1383.49
1447.43
1336.51
1365.47
1382.61
1376.15
1379.47
1408.3
1364.53
1361.95
1312.96
1353.3
1353.7
1374.53
1433.2
1435.21
1410.63
1426.17
1441.58
1373.81
1421.35
1336.55
1308.02
1383.51
1373.59
1373.74
1304.62
1416.13
1454.08
1396.01
1368.44
1360.09
1336.17
1427.37
1396.39
1391.75
908.148
1410.69
1368.15
1442.05
1439.6
1335.46
1355.24
1390.58
1449.7
1396.74
1354.05
1398.75
1404.44
1469.18
1409.64
1407.19
1343.42
1388.13
1302.07
1298.09
1413.17
1390.26
1386.12
1383.46
1287.6
1383.01
1420.97
1353.11
1381.36
1407.75
957.221
1376.06
1348.89
1331.43
1352.91
1332.7
1419.33
1408.81
1369.77
1423.65
1379.11
1401.87
1402.52
1325.59
1395.31
1427.3
1407.47
1399.62
1462.41
1356.41
1388.73
1096.7
1069.41
1393.71
1458.3
1325.54
1369.95
1349.54
1424.1
1423.76
1419.74
1342.64
1287.59
815.687
1395.94
1483.78
1352.74
1436.47
1307.71
1351.2
1307.54
1400.01
867.693
1238.83
1406.39
1445.66
1398.25
1385.72
1317.91
1406.91
1403.08
1418.55
1455.49
1451.98
1417.67
1420.09
1345.83
1409.6
1394.72
1326.57
1453.06
1380.43
1448.44
1397.03
1335.31
1380.72
1427.29
1380.02
803.436
1416.33
1366.85
1408.7
1352.53
1401.13
1426.15
1379.46
1435.09
1458.53
1449.55
1400.84
1397.65
1429.44
1325.9
1406.46
1393.56
1440.52
1342.31
1401.53
1287.54
1359.37
1364.07
1375.96
1286.94
1419.58
1431.91
1409.59
1423.6
1407.49
1405.13
1339.93
1453.97
1331.77
1448.85
1375.97
1363.39
1451.72
1363.82
1439.7
1408.69
1356.89
1382.71
1336.07
1415.11
1416.46
1406.34
1461.05
1398.37
1428.84
1382.3
1400.69
1400.86
1447.72
1389.1
1388.9
1394.6
1364.1
1293.7
1376.82
1378.09
930.865
1240.52
1328.98
1313.27
1315.67
1350.84
1406.31
1377.35
1388.91
1420.35
1368.6
1350.46
1397.04
1384.43
1382.61
1406.29
1359.13
1394.16
1400.93
1396.18
1354.87
1379.26
1348.4
1378.67
1395.97
1305.41
1323.83
1300.8
1318.04
1339.79
1357.39
1330.3
1258.86
1301.32
1341.82
