791.869
1140.17
2057.13
1545.52
1060.53
1982.71
2040.43
1303.58
1143
1033.62
1744.98
1592.83
1546.68
1752.17
1769.85
1215.2
1024.45
1288.5
936.966
1260.18
1573.57
1692.13
1850.77
1749.88
1406.9
1289.61
1306.2
947.145
1766.27
1283.63
1938.44
1723.2
899.883
1640.75
1294
1124.8
875.257
1181.62
1353.82
687.262
1789.71
1855.05
1556.99
1371.12
1085.99
1798.19
1539.19
1348.16
1375.85
1585.89
948.428
1655.51
1570.04
1220.44
1541.62
1533.58
1307.05
1347.47
1560.52
1307.11
1022.72
1254.97
1520.77
1331.21
1753.62
1674.77
1307.87
1305.82
954.315
1898.43
1709.05
1289.02
901.682
734.139
1914.88
1978.75
1434.38
1255.46
1703.86
1477.59
1493.21
911.589
1418.15
1568.57
1499.38
1950.85
1165.3
1497.46
1507.82
1463.13
1250.67
1058.85
1357.9
1432.39
1823.06
1513.97
1054.67
1265.28
1468.02
1643.81
874.827
1235.6
1727.73
1470.97
1520.21
1423.42
1544.19
1049.24
1309.81
994.831
1144.25
1330.8
1657.95
1567.88
952.291
1434.97
1742.25
1369.58
1327.27
1313.48
1415.15
1784.39
1567.97
1470.63
1491.83
1076.24
1412.43
1235.09
1443.92
1231.67
1195.21
1523.44
1538.93
1631.65
1592.16
1512.11
1422.11
1490.71
1073.57
802.284
1344.08
1426.5
1792.08
1683.56
1629.51
1462
1277.77
1211.99
1051.98
1225.12
1104.89
1577.43
1932.21
1905.36
1222.8
1396.96
1290.33
1105.19
1467.8
1461.2
708.27
1352.44
1171.95
1854.33
1624.43
832.077
1204.13
1307.88
1387.61
1712.65
1302.18
1488.77
1634.48
1632.55
1414.81
1019.11
1600.84
1779.66
1669.59
1109.14
1257.98
1393.79
1350.4
1382.93
1271.23
819.158
1508.99
1437.71
1738.21
2064.87
1328.16
1487.83
909.303
1018.47
1213.94
1361.85
1402.17
1675.82
1326.31
1695.74
1935.68
685.552
1341.86
2024.91
1422.51
1054.61
2030.29
1983.72
1394.26
1067.21
953.18
1762.8
1588.74
1511.38
1846.83
1851.21
1145.39
1243.11
1144.98
937.423
1123.83
1567.28
1761.92
1823.89
1764.81
1480.8
1365.97
1099.13
968.635
1640.25
1348.16
1988.69
1605.2
1035.8
1741.25
1385.95
963.815
767.105
1193.41
1142.55
611.65
1932.55
1796.2
1507.29
1434.27
1132.24
1868.14
1430.72
1230.33
1414.52
1609.59
1104.66
1586.15
1579.06
1192.88
1665.72
1297.85
1138.42
1225.82
1610.27
1335.66
1110.76
1160.94
1553.4
1366.46
1882.55
1637.56
1136.98
1156.72
1160.46
1986.22
1675.13
1269.64
888.985
931.045
1888.67
1846.42
1314.04
1324.88
1747.13
1488.01
1393.97
927.805
1511.61
1687.37
1528.94
1734.59
1232.57
1441.71
1517.15
1419.54
1283.95
1081.87
1392.99
1525.88
1878.07
1623
813.222
1308.46
1547.51
1686.85
816.431
1376.39
1600.94
1470.26
1533.96
1635.94
1337.28
1035.49
1413.06
1091.43
1039.7
1437.38
1672.9
1385.62
974.229
1526.11
1794.86
1211.15
1405.72
1261.63
1466.8
1830.93
1452.71
1620.71
1385.76
1003.77
1450.73
1412.11
1326.47
1309.15
1171.2
1509.03
1680.12
1612.68
1683.69
1392.7
1355.61
1534.86
1013.13
629.756
1532.17
1444.15
1839.73
1779.72
1621.43
1516.87
1292.94
1061.78
1126.43
1225.61
1122.55
1712.01
1934.37
1902.24
1256.75
1375.19
1106.32
1068.63
1389.31
1301.11
825.95
1353.95
1208.36
1846.68
1580.15
808.276
1448.5
1268.32
1472
1592.15
1365.66
1456.06
1506.21
1791.84
1369.29
968.174
1553.68
1746.12
1634.05
1159.63
1354.15
1328.04
1264.22
1373.88
1245.82
1058.55
1513.04
1540.99
1758.96
1944.11
1447.52
1458.26
759.766
927.351
1152.54
1464.01
1411.87
1644.3
1531.16
1746.72
1886.8
729.227
1589.23
2214.49
1570.8
1289
2301.11
2022.76
1398.52
1171.71
1218.12
1962.34
1585.15
1662.42
2096.79
1980.93
1002.97
1322.98
1234.85
1247.19
1327.16
1854.7
2032.9
2000.82
1724.33
1466.57
1452.86
1311.79
1279.89
1703.34
1581.27
2009.35
1635.8
1042.6
1810.33
1431.16
1196.71
984.065
1543.87
1244.93
828.925
2183.47
1911.67
1502.02
1490.74
1167.12
2074.61
1618.82
1364.95
1565.68
1491.31
1177.85
1718.98
1888.22
1156.33
1800.79
1602.35
1440.52
1512.66
1809.73
1324.24
1267.4
1335.19
1578.04
1432.61
1991.16
1819.61
1288.77
1178.99
1382.13
2066.09
1720.05
1416.23
789.174
1088.73
2241.97
2040.6
1494.76
1506.18
1954.67
1564.04
1490.98
1122.96
1730.11
1814.33
1507.39
1745.7
1532.09
1668.87
1628.89
1502.95
1255.39
1162.27
1586.05
1624.89
2033.17
1709.11
969.601
1603.58
1555.78
1874.32
693.556
1470.5
1870.28
1686.31
1587.32
1852.39
1361.64
1228.67
1537.67
1080.94
1136.64
1613.09
1883.03
1488.03
1100.39
1773.84
1847.48
1397.73
1501.36
1322.34
1511.39
1993.97
1532.61
1724.24
1479.41
1310.26
1465.13
1538.68
1579.26
1148.26
1420.03
1811.73
1648.07
1942.43
1830.85
1554.83
1567.6
1545.25
1172.42
833.444
1621.76
1444.26
1986.37
2026.27
1643.46
1446.79
1403.62
1129.57
1195.98
1387.99
1177.71
1966.04
2137.1
1920.7
1360.88
1458.49
1256.72
1358.33
1649.02
1268.66
1008.17
1617.79
1429.76
2005.64
1545.16
782.632
1541.39
1394.59
1754.25
1767.6
1536.44
1635.15
1711.11
1944.88
1436.3
1251.17
1745.51
2017.68
1424.23
1382.02
1382.11
1482.29
1655.67
1513.25
1101.63
1305.47
1571.98
1671.38
2086.16
2115.43
1419.66
1464.32
920.227
1190.71
1509.81
1546.88
1498.35
1665.01
1571.05
1810.5
2016.59
840.261
1918.93
1913.66
1239
1466.74
2141.4
1772.17
1433.72
865.47
1523.14
1621.92
1418.8
1710.56
2032.27
1861.73
867.077
1583.23
906.279
1258.31
1216.63
1655.22
1862.43
2033.57
1643.38
1487.18
1379.24
886.71
1519.72
1428.6
1621.51
1902.12
1283.77
1401.11
1621.08
1282.88
941.27
895.237
1594.21
730.757
1156.09
2120.7
1748.83
1496.46
1360.16
1408.93
1782.04
1499.62
1222.07
1668.89
1261.66
1402.52
1408.5
1542.47
1433.55
1677.19
1177.06
1301.67
1469
1771
1115.5
1225.78
1566.99
1457.06
1483.35
1945.83
1478.8
1292.01
968.278
1704.25
1981.68
1434.2
1349.58
708.293
1433.01
2088.32
1676.47
1240.03
1617.51
1697.14
1532.36
1201.46
1127.84
1731.08
1622.85
1646.64
1308.25
1473.03
1630.88
1638.53
1304.59
1309.3
1270.83
1437.52
1686.02
1948.77
1343.62
848.23
1684.5
1550.94
1460.61
834.568
1741.45
1672.04
1656.33
1441.28
1907.8
1040.2
1133.83
1220.29
1336.21
1189.7
1563.63
1795.11
1132.65
1241.34
1759.82
1565.03
1345.52
1422.82
1342.51
1602.44
1789.04
1567.19
1674.96
1214.07
1444.65
1490.05
1445.32
1343.75
1202.42
1298.83
1657.19
1697.17
1514.98
1813.53
1367.8
1571.76
1430.23
796.775
948.103
1570.87
1594.05
1926.7
1814.21
1431.94
1500.3
1291.17
1063.55
1154.21
1237.2
1368.18
1915.04
2031.35
1592.58
1419.58
1442.73
1030.13
1363.16
1515.5
1022.47
1096.27
1218.53
1844.41
1894.81
1368.85
786.145
1474.36
1266.27
1862.71
1312.85
1644.97
1571.49
1608.69
1739.99
1177.44
1491.68
1642.44
1665.59
1294.63
1590.15
1376.46
1308.39
1495.86
1421.03
973.747
1566.42
1418.35
1649.85
2027.72
1757.72
1629.23
1154.61
895.424
1047.24
1439.85
1620.67
1556.68
1365.85
1783.55
1800.64
1736.14
692
1649.88
1803.5
1234.49
1262.64
2000.87
1559.36
1247.47
856.175
1268.19
1653.7
1369.23
1508.52
1898.96
1726.22
709.68
1342.29
889.189
1158.79
1081.71
1493.03
1770.53
1769.32
1452.99
1295.99
1309.51
879.836
1314.77
1340.96
1430.23
1699.21
1226.48
1127.64
1492.24
1228.03
934.13
809.314
1494.85
790.669
912.001
1874.43
1535.11
1366.52
1181.95
1178.8
1675.38
1387.6
1112.33
1423.84
1116.44
1162.42
1357.93
1483.45
1161.54
1556.48
1167.04
1209.17
1297.25
1605.31
1122.79
1136.64
1290.92
1304.4
1224.55
1738.63
1476.35
1081.3
846.147
1420.75
1807.02
1402.42
1202.44
626.486
1123.77
1876.46
1602.39
1175.08
1465.37
1612.26
1293.72
1158.99
950.257
1601.22
1517.72
1418.8
1230.82
1402.42
1426.11
1436.53
1179.23
1093.31
1094.15
1373.13
1507.82
1802.53
1284.62
785.949
1517.41
1256.83
1414.63
615.939
1494.86
1575.65
1517.34
1250.66
1677.95
991.275
1057.09
1155.96
1084.66
1006.48
1540.64
1623.32
1101.2
1062.89
1568.58
1393.62
1203.39
1272.56
1138.27
1339.87
1650.81
1325.84
1476.52
1156.31
1239.12
1362.49
1301.09
1249.27
1062.67
1210.6
1522.07
1547.22
1500.33
1654.95
1213.85
1405.7
1317.54
859.63
729.95
1353.85
1321.76
1721.17
1668.98
1242.32
1319.29
1108.76
1030.12
1111.2
1145.76
1121.28
1749.88
1807.88
1554.3
1154.2
1304.78
943.885
1242.52
1363.52
938.275
977.084
1250.57
1514.05
1681.42
1228.7
696.879
1340.85
1224
1640.12
1259.52
1390.19
1401.4
1427.01
1723.35
1030.47
1273.85
1536.52
1574.93
1124.1
1359.95
1217.48
1199.63
1383.45
1256.92
855.54
1485.74
1308.97
1489.06
1814.92
1580.12
1298.85
1097.54
756.674
1027.82
1308.99
1406.13
1362.78
1291.24
1499.87
1564.02
1591.74
