854.907
1471.45
1862.27
1506.03
1515.03
719.661
846.858
1694.11
1505.84
1027.06
1146.51
1346.58
1423.97
1475.06
1779.44
1471.45
1093.6
905.367
1830.79
1829.79
1678.37
1468.93
1921.44
1166.02
968.263
993.814
1295.94
1132.49
933.828
1356.82
1648.27
1500.68
1432.06
1534.9
1438.78
1176.57
1576.54
719.498
1225.75
1780.57
1957.78
1210.6
982.222
1230.92
1559.94
919.043
786.943
1394.9
939.864
966.514
1078.76
1504.52
1513.95
1769.17
1207.29
1533
1476.91
970.052
1868.75
1136.38
1256.86
1149.33
1059.82
1677.51
1292.6
1259.84
800.399
1842.57
1689.74
1205.15
1433.9
1141
1295.22
1636.61
1631.83
1417.04
1115.05
1391.91
1807.18
1895.32
1099.71
905.148
1311.27
1486.48
1626.4
1285.56
1420.77
1405.48
1600.3
1090.11
1279.06
1564.17
1110.04
1191.49
1310.28
1876.93
1514.14
1542.68
1335.31
1484.59
1263.94
1207.71
1429.29
1479.01
1065.62
1352.05
1147.44
954.17
1657.16
776.32
1822.86
1749.02
1148.38
1422.82
1571.96
1172.14
990.452
960.074
1066.26
1326.43
1435.15
1393.28
1161.19
1443.64
1465.63
1050.92
1504.1
1290.31
1444.61
891.246
1041.54
1687.01
1682.16
1488.32
1157.29
906.997
1677.79
1907.61
1677.85
931.815
1007.5
990.959
945.127
1231.75
1608.42
890.325
842.052
1269.99
1478.66
1436.44
1617.84
1744.11
1721.24
1172.93
733.446
998.843
1303.84
733.182
1173.33
1964.47
1719.53
1719.25
1221.35
1537.77
1538.16
1342.92
1329.11
1367.16
1726.63
1167.54
1355.32
1263.88
1595.37
1658.3
1677.77
1153.21
1166.12
1081.37
965.901
997.741
1642.59
2161.24
1473.95
1148.3
1711.73
1234.37
1312.84
1626.02
1931.41
1139.46
1448.92
1718.4
1989.89
1579.2
843.206
1054.73
1145.35
966.262
1076.86
985.262
1615.02
1220.46
1435.65
1882.45
2116.82
1556.83
1357.62
834.806
1438.43
2029.42
909.095
1044.11
1496.33
1504.68
1754.8
1931.09
1812.88
1414.18
1237.46
1349.93
2121.19
1920.48
1457.44
1813.84
1491.23
1354.54
1319.85
1457.36
1112.59
1213.21
1038.46
1763.77
1964.34
1525.19
1649.08
1603.03
1071.13
1987.84
1085.03
1121.11
1883.87
2131.78
1585.56
915.852
1001.83
1735.32
1362.69
966.422
1486.18
1337.57
954.729
1606.5
1389.16
1460.36
1937.11
1490.79
1568.56
1482.9
895.327
1991.45
1964.16
1313.66
1382.19
963.508
1665.81
1525.89
1529.32
1364.29
1485.32
2115.84
1408.72
1612.35
1382.26
1550.48
1615.43
1615.39
1740.03
1276.32
1586.71
1832.75
2099.31
1339.84
863.595
1130.62
1577.91
1879.92
1428.2
1703.59
1094.74
2193.51
1550.5
1349.4
1873.41
1440.47
914.859
1472.22
1546
1729.47
1665.63
1598.6
1661.16
1364.33
1229.62
1431.88
1858.34
1303.28
1589.95
1114.22
1473.56
1403.7
1356.53
1394.28
1824.91
1681.01
1307.21
1552.22
1619.32
1058.01
1200.55
1474.41
1596.68
1294.08
1534
1231.5
1169.36
1547.78
1456.45
1422.1
1203.52
1890.84
1217.46
1052.3
1757.79
1991.15
1610.37
1529.07
925.967
1497.63
2010.59
1832.62
1577.56
605.106
1439.06
1117.3
1360.88
1693.2
1297.28
803.477
1235.54
1646.54
1395.83
1619.82
1780.08
1942.67
1546.35
986.893
1131.57
1391.07
1244.74
944.468
2180.87
1868.19
1763.87
1494.3
1366.11
1540.14
1807.36
1377.57
1475.98
1674.96
1570.33
1461.75
1569.79
1544.54
1687.1
2062.82
1444.43
1015.67
1304.66
1093.32
1097.81
1492.27
2111.69
2221.2
1357.98
1560.93
1571.92
1331.17
1675.39
2033.23
1336.84
1553.15
1677.86
2101.6
2010.19
1495.13
1033.8
1141.23
1132.77
1416.29
1137.33
1588.73
1723.57
2219.84
2875.04
3326.37
2334.43
1840.75
1194.05
2304.82
3428.53
1675.96
1795.63
2298.62
2277.11
2662
3100.84
2876.05
1998.13
1814.49
2239.63
3523.93
2867.69
2418.19
3030.51
2346.38
2112.88
1900.59
2196.17
1769.47
1947.42
1862.86
3031.34
2814.86
2185.55
2810.58
2751.14
1698.79
3063.02
1559.08
1564.93
2953.84
3583.39
2548.96
1654.72
1871.6
2937.41
1984.98
1426.73
2255.13
1994.72
1451.68
2317.53
2109.21
2388.85
2996.53
2208.42
2671.38
2531.28
1468.26
3145.57
2751.01
1980.54
2200.07
1806.43
2757.84
2265.95
2301.97
1993.06
2433.21
3403.98
2170.47
2743.91
2010.7
2270.16
2838.77
2683.73
2831.54
1783.3
2380.13
2926.42
3448.25
2444.22
1618.85
1923.23
2470.8
3100.61
2315.96
2479.95
1738.96
3332.11
2227.44
1975.27
2887.46
2294.89
1499.2
2314.4
2769.9
2748.92
2575.93
2384.64
2741.73
2401.91
2133.47
2168.41
2920.53
1903.28
2380.18
1696.56
2568.18
2180.79
1961.83
2557.09
2938.65
2543.92
2022.25
2696.17
2582.05
1502.7
1821.49
2122.2
2413.39
2029.25
2541.7
2142.43
2053.73
2642.64
2463.99
2243.93
1720.17
3310.87
1707.41
1595.8
2760.29
3020.22
2485.08
2568.59
1394.72
2267.74
3401.48
3081.94
2556.67
993.394
2149.12
1594.32
2119.44
2611.25
2200.95
1341.78
2101.51
2525.32
2304.41
2836.83
3062.34
3091.29
2263.47
1310.42
1754.29
2130.12
1862.1
1420.33
3463.62
2920.59
3027.63
2585.4
2408.51
2634.26
2890.04
2070.99
2341.3
2749.84
2308.83
2257.96
2512.74
2610.2
2704.89
3170.97
2174.35
1837.06
2306.07
1745.1
1619.69
2449.65
3333.97
3237.51
1969.33
2466.26
2625.52
2236.07
2720.92
3419.95
2247.48
2456.87
2601.35
3439.28
2995.96
2023.69
1671.23
1985.21
1636.17
1893.94
1495.71
2409.21
944.979
1838.39
2066.3
1913.68
1561.68
1016.9
1010.84
1960.83
2006.15
1100.01
1206.89
1566.22
1599.84
1808.74
2226.58
1643.68
1215.47
1124.24
1865.47
2156.27
1949.6
1540.56
2238.82
1398.26
1198.97
1270.62
1465.22
1322.11
1031.93
1428.46
1977.4
1847.31
1627.28
1725.39
1684.61
1236.82
1909.43
945.451
1429.86
2073.47
2479.76
1274.92
1065.19
1246.26
1896.42
1216.26
761.532
1718.67
1164.93
1193.3
1419.9
1661.95
1707.08
1983.79
1358.34
1755.57
1598.3
1154.93
1992.43
1525.15
1544.53
1272.63
1108.86
2009.92
1541.01
1479.35
1112.9
2016.48
2015.39
1447.58
1659.87
1362.24
1480.64
2004.49
1789.76
1805.17
1325.54
1575.79
2052.36
2247.51
1200.59
1008.13
1392.4
1738.02
1841.41
1573.27
1737.62
1421.83
2095.96
1385.53
1517.36
1816.01
1351.25
1209.82
1478.39
1960.83
1701.79
1755.29
1598.19
1681.58
1433.15
1314.62
1682.88
1799.35
1169.89
1624.79
1232.33
1192.08
1883.99
846.955
2052.69
1913.16
1551.34
1611.85
1682.93
1672.45
1096.84
1245.69
1319.13
1646
1577.21
1583.48
1277.94
1424.74
1743.36
1467.73
1471.41
1429.57
1841.39
1177.19
1223.1
1858.79
1981.63
1626.47
1411.62
1026.94
1795.2
2553.68
2121.51
1406.32
1047.15
1271.61
1199.82
1508.99
1639.06
1017.49
1002.34
1366.28
1720.3
1707.6
1675.36
2002.28
2138.82
1354.67
898.484
1158.11
1538.47
1039.42
1285.96
2370.71
1885.34
1925.09
1394.53
1612.68
1658.52
1677.9
1534.9
1455.07
1923.44
1448.16
1586.49
1461.07
1766.42
1841.69
2102.24
1383.63
1254.59
1301
1218.34
1241.47
1827.56
2414.3
1814.93
1446.87
1904.85
1528.05
1549.72
1773.37
2260.95
1256.48
1716.95
1864.29
2339.05
1978.02
1199.28
1109.12
1352.24
1170.86
1354.04
1128.4
1773.65
1560.35
2349.01
2615.5
2277.28
2155.41
1052.89
1327.04
2722.5
2076.81
1308.31
1624.07
1921.73
2306.26
2110.48
2876.28
2076.8
1457.93
1410.56
2825.88
2592.25
2403.17
2038.6
2570.57
1887.4
1436.61
1482.01
2017
1485.72
1237.43
2247.36
2546.13
1949.67
2224.58
2287.06
1935.43
1856.19
2111.12
1320.69
1944.86
2668.43
2764.11
1590.34
1439.35
1881.26
2258.18
1517.87
1376.01
1951.5
1537.99
1404.8
1662.18
2167.79
2326.2
2357.22
1772.15
2159.32
2106.54
1445.78
2687.94
1715.82
1831.18
1580.11
1843.17
2304.09
1934.98
1904.03
1225.76
3041.22
2410.48
1868.59
2194.46
1821.4
2123.75
2188.43
2477.59
2021.32
1818.22
1983.91
2626.58
2529.54
1594.28
1260.47
1927.58
2232.01
2297.7
2058.19
2124
2103.32
2422.47
1456.33
2136.16
2165.3
1418.51
1737.05
1941.79
2731.28
1986.91
2153.84
2057.84
2127.15
1859.82
1822.27
2081.7
2192.48
1555.4
1979.91
1527.85
1577.09
2474.53
1363.91
2574.24
2341.57
1734.53
2053.93
2160.19
1747.24
1503.12
1528.74
1663.59
1916.79
2216.22
1833.79
1737.5
2092.45
2319.41
1511.29
2350.89
1880.38
1918.07
1375.56
1616.56
2510.48
2536.66
1980.16
1518.16
1503.85
2558.91
2648.54
2234.36
1452.3
1550.1
1509.5
1734.85
1797.83
2342.81
1438.04
1106.48
1877.61
2137.81
2096.37
2370.75
2654.8
2358.74
1572.37
992.124
1664.93
2032.3
1089.63
2117.18
2891.54
2562.18
2261.42
1715.4
2078.52
2347.97
2048.12
2022.1
2093.75
2333.99
1783.17
2041.93
1803.35
2494.95
2631.23
2449.97
1600.86
1701.13
1548.06
1521.41
1629.59
2453.99
3130.88
2045.03
1739.25
2602.8
1742.61
1992.36
2577.27
2517.65
1708.01
2320.87
2419.2
2947.46
2249.82
1270.21
1632.24
1593.31
1472.71
1522.39
1424.06
2198.98
