2487.66
1890.1
1461.41
2031.55
2795.37
2477.02
2152.72
2055.69
2354.41
1728.69
1563.71
1602.49
2339.15
2389.04
2536.02
1917.2
2076.72
1907.63
1931.77
1825.74
1582.54
1401.82
2177.53
2509.39
2599.53
2010.3
2383.44
2439.35
2234.01
2146.92
1688.01
2277.87
2275.68
2462.65
2022.32
2466.61
2289.53
2008.67
945.411
1102.05
2682.79
2328.38
2533.16
2054.63
2526.84
2321.32
2434.42
1846.97
2096.14
2444.42
2118.87
2473.55
2347.01
1877.05
2486.72
1667.03
1819.8
1531.64
1994.12
2598.46
1902.99
2334.37
2484.73
2556.57
2162.06
2048.99
1291.36
2139.14
1682.93
1622.62
1880.41
2293.87
2506.47
1942.98
2263.42
1777.64
1830.4
1696.67
2218.07
2164.87
2802.77
2441.76
2631.44
2182.17
2284.41
1584.21
1954.27
2006.64
2079.26
1969.26
1867.02
2531.81
2506.12
1964.09
2009.17
1991.07
1660.63
1831.17
2337.86
1771.84
2894.95
2351.04
2032.32
2183.75
2232.48
2038.51
1897.8
1923.17
2064.47
1382.56
2287.82
2297.59
2582.32
2136.31
1878.99
1494.97
1634.41
1882.98
1747.05
2592.43
2394.86
2637.89
2454.9
2482.17
2088.14
2215.44
2384.37
2054.2
2051.55
2046.34
1864.35
2293.81
2204.07
1792.56
1776.3
1539.59
2351.29
1814.87
1939.33
2122.18
2704.53
2308.12
2316.85
2135.17
2127.51
1750.94
1906.73
2077.53
2364.02
2570.68
1959.08
2206.23
2252.23
1512.27
1942.44
1637.64
1900.48
2075.12
1690.55
2003.85
2230.39
2126.08
1868.7
2240.19
2119.51
2115.12
2486.16
2497.49
1447.95
2064.36
1711.29
2156.03
1954.75
1914.62
1975.54
2409.5
2004.03
1775.95
1728.76
1431.05
1969.18
1682.61
2516.39
2549.68
2449.11
2394.18
2230.84
2465.3
2577.07
2101.22
2386.06
2647.86
2420.81
2419.92
1988.04
2166.86
2200.08
1890.78
1554.69
1974.12
1294.79
2198.79
1599.28
1180.29
1727.26
2117.06
2194.6
2053.71
1754.76
2005.95
1625.75
1273.6
1533.54
1800.74
1914.2
2235.88
1809.64
1734.1
1841.43
1792.25
1655.72
1348.37
1130.65
1813.11
2092.64
2124.53
1706.2
2009.32
2067.51
1835.39
1901
1374.62
1968.19
1988.58
2106.18
1958.82
2081.34
2143.1
1596.51
945.734
917.898
2098.32
2137.3
1799.85
1871.39
2183.26
1999.85
2018.84
1544.65
1531.75
2018.7
1858.18
2094.81
2068.08
1683.5
2279.61
1555.9
1574.32
1305.43
1572.1
2174.27
1653.47
1960.05
2118.18
2090.19
1969.23
1927.49
1181.56
1692.95
1372.93
1429.94
1717.92
1909.48
2166.47
1927.16
1682.81
1670.81
1486.63
1612.15
1665.77
1919.13
2286.27
2203.69
2058.31
1921.68
1846.53
1590.62
1571.52
1629.1
1752.41
1817.1
1626.9
2069.61
2113.29
1857.24
1673.06
1657.13
1374.34
1605.26
2151.89
1443.47
2429.69
2012.38
1867
1739.74
1816.76
1786.2
1498.05
1480.19
1595.25
1408.73
1844.2
2101.14
2035.92
2014.19
1716.17
1383.37
1615.52
1603.86
1541.15
2136.18
2004.43
2332.31
2169.97
2035.28
1694.14
1846.62
1820.67
1673.8
1562.76
1733.77
1730.75
1982.26
1817.58
1653.46
1527.51
1375.96
1923.51
1700.01
1751.58
1974.59
2335.15
1799.81
2125.69
1722.47
1629.13
1481.9
1626.99
1654.39
1994.38
1933.81
1794.21
1895.37
1898.5
1362.78
1597.49
1396.73
1548.48
1891.29
1569.65
1582.86
1901.36
1717.93
1746.99
1920.36
1716.58
1675.3
1981.89
2179.72
1366.12
1583.41
1530.87
1811.7
1756.78
1711.74
1602.99
2006.62
1627.62
1493.44
1632.02
1395.61
1626.55
1453.41
2089.74
2150.7
1976.05
2106.39
1882.17
1809.05
2103.44
1832.7
2254.89
2144.08
2213.67
1890.55
1835.44
1547.19
1855.3
1511.87
1450.98
1757.74
1313.65
3039.91
2295.47
1425.61
2381.35
2913.72
2900.83
2826.7
2382.18
2967.31
2501.16
1654.63
1828.03
2641.94
2462.86
3102.7
2453.92
2287.42
2174.28
2597.07
2659.93
2248.67
1335.9
2390.28
2818.15
2934.5
2342
2757.99
3307.75
2627.88
2897.61
1568.99
2462.58
2541.2
2669.63
2301.57
3008.13
2827.92
2357.01
1202.06
1026.86
3072.58
2768.84
2640.05
2541.35
2873.58
2769.39
3084.92
2286.82
2266.01
2589.55
2289.93
3110.02
2939.96
1966.98
3212.83
2262.73
2159.47
1573.87
2123.84
2970.59
2064.14
2329.03
2759.99
2845.24
2765.34
2476.8
1359.9
2703.99
1845.52
1754.17
2315.84
2757.83
2948.64
2580.65
2354.02
2207.53
1932.21
2312.46
2113.77
2469.91
3226.26
2933.75
2805.09
2731.01
2435.25
2066.52
2340.45
2220.91
2495.32
2436.54
2002.29
2802.63
3002.9
2419.76
2429.53
2167.81
1873.36
1859.63
2895.62
1618.57
3613.74
2611.78
2432.94
2463.79
2386.55
2592.27
2621.75
2081.77
2440.74
1786.28
2391.28
2749.97
2419.28
2876.27
2292.43
1792.08
1787.72
2144.32
1770.56
2781.32
2553.54
2969.01
2860.39
2823.09
2434.75
2604.35
2505.29
2658.67
2641.57
2391.18
2131.51
2334.88
2237.01
2709.3
2356.59
2084.63
2201.45
2140.73
2105.38
2241.8
3236.35
2290.66
2689.86
2403.76
2495.31
1813.53
2211.42
2269.2
2922.57
3343.99
2160.38
2403.04
2378.15
1934.21
2334.19
1933.82
1991.55
2613.33
2170
1804.37
2405.35
2195.28
2557.76
2002.36
2377.91
2545.5
2267.29
3340.7
1776.41
2242.36
2123.85
2300.3
2495.01
2117.87
2112.98
2906.61
2392.62
1909.64
2273.13
2153.12
1949.05
1700.62
3038.39
2677
2639.25
2878.44
2628.24
2604.5
2815.61
2648.69
3121.16
2964.42
2652.09
2648
2862.51
2363.47
2952.78
2128.82
1923.92
2358.91
1593.44
3213.44
2333.47
1756.38
2323.15
3117
3078.43
2738.66
2839.82
3217.08
2399.29
1870.26
2205.83
2874.78
2971.97
3381.42
2653.18
2523.76
2407.5
2799.58
2547.81
2082.12
1540.91
2495.97
2985.33
3164.25
2375.31
2929.68
3221.49
2921.66
2804.35
2200.76
3040.53
2978.7
3188.92
2721.33
3085.34
3125.77
2612.44
1273.15
1242.95
3080.95
2750.99
2790.32
2621.29
3230.64
3142.95
3037.28
2434.86
2651.92
3069.07
2608.29
3382.82
3148.21
2383.62
3362.18
2174.93
2427.38
1942.26
2223.81
3060.91
2239.49
2954.59
3046.29
3084.32
2889.69
2719.42
1679.7
2904.05
2135.83
1917.95
2241.79
2740.58
3189.75
2534.99
2852.84
2350.68
2256.39
2271.83
2587.38
2759.77
3505.62
3134.23
3137.22
2974.5
2969.41
2157.62
2543.02
2672.68
2652.78
2393.35
2084.82
3058.31
3173.33
2641.41
2527.58
2545.81
2167.92
2285.03
3049.45
2073.55
3644.82
3021.46
2636.14
2863.08
2768.34
2563.37
2460.84
2427.74
2572.8
1708.1
2608.05
2788.44
3163.02
2905.26
2615.55
1880.13
2123.06
2332.06
2217.6
3122.89
2955.38
3417.43
3146.32
3213.43
2682.08
2928.87
2940.83
2660.83
2535.1
2326.66
2100.82
2591.19
2650.15
2583.16
2414.85
2028.5
2770.02
2356.67
2518.21
2639.53
3423.3
2864.84
2992.66
2771.64
2767.31
2364.46
2521.37
2451.72
2882.56
2934.87
2337.66
2463.24
2441.89
1950.41
2563.22
2086.21
2491.11
2783.69
2006.68
2327.92
2842.27
2578.32
2352.08
2686.03
2590.4
2634.75
3135.19
3334.71
2128.11
2641.04
2085.64
2524.73
2512.56
2413.06
2288.6
2854.33
2382.4
2254.61
2521.76
2015.93
2562.72
2014.09
2826.1
3192.84
3031.74
2935.24
2977.03
2978.45
3378.68
2882.11
3307.66
2989.71
3067.94
2984.66
2657.87
2390.27
2742.23
2441.16
2031.44
2675.56
1779.66
2615.85
1621.02
1534.4
2179.7
3393.76
2709.55
2088.51
2364.22
2704.04
1572.04
1603.26
1869.08
2333.48
2623.35
2824.03
2015.97
2089.92
2090.39
2281.92
1998.14
1348.28
1644.32
2484.87
3078.27
2346.55
2323.99
2863.91
2727.28
2522.96
1998.24
1823.14
2249.38
2304.42
2492.96
2254.27
2533.95
2518.99
1826.83
886.888
1323.73
3322.61
2128.83
3164.45
2399.17
2448.86
2671.32
2504.4
1841.92
2321.73
2375.91
2385.38
2415.63
2366.57
2124.39
2651.68
1730.04
1771.97
1372.25
2346.68
3007.82
1930.65
2492.29
2294.12
2957.22
2353.48
1803.97
1556.92
2094.09
1745.58
1766.17
1963.46
2969.51
2509.24
2018.21
2251.61
1978.14
1896.18
1443.88
2366.03
2426.23
2875.04
2456.02
2620.86
2322.17
2164.55
1695.52
2191.32
2012.22
2243.93
2193.28
2211.35
2511.38
2434.69
2157.69
2100.36
2174.72
1453.87
1995.77
2508.58
2020
3021.52
2527.88
1941.62
2392.03
2492.51
2094.08
2325.6
1967.3
2524.57
1554.28
2595.38
2191.31
2813.85
2255.49
1742.56
1665.76
1749.12
1784.2
1803.18
2707.8
2628.11
2712.74
2280.41
2424.4
2230.85
2205.72
2630.99
2523.16
2333.16
2365.11
2119.67
2421.63
2353.39
1911.13
1673.69
1829.48
2372.2
1748.3
2101.98
2297.31
2385.5
2676.71
2065.72
2367.79
1865.3
2035.47
1971.32
2401.15
2600.53
2957.58
2493.59
2663.24
2402.41
1795.88
2049.48
1742.27
2293.14
1994.96
1466.94
2197.44
2313.13
2166.93
1878.21
2225.56
1983.9
2221.94
2699.21
2288.03
1899.45
2299
1829.49
2283.73
2015.72
2132.87
2287.53
2743.22
2112.72
1808.14
1721.09
1527.9
2140.5
1943.5
2774.31
2723.38
2553.68
2303.44
2442.39
2408.09
2609.06
2378.72
2310.22
2966.32
2433.21
2595.44
1967.32
2901.04
2330.54
2275.25
1695.36
2003.48
1356.38
