1457.02
1220.26
1532.52
919.14
907.262
1266.97
1243.08
911.568
1473.39
1305.91
1509.73
929.561
1256.29
1339.8
1244
941.518
1582.92
1239.65
1291.08
1132.84
1315.19
1241.82
1127.93
1463.9
873.381
1263.07
1533.85
1307.94
1347.19
1237.04
1485.77
1161.23
1132.56
871.609
1352.65
1404.36
1391.02
1050.35
1238.23
717.851
1523.49
1537.12
1079.53
1511.37
1229.96
1547.96
1063.4
1304.19
1317.69
1550.6
1115.29
1055.55
1401.19
1323.49
1006.93
1269.74
898.791
1129.88
1377.72
1507.78
1222.63
1060.45
1207.31
1064.77
1475.18
1252.99
1346.32
1262.9
1489.58
1251.64
932.253
1134.07
1431.53
1277.48
1285.11
1294.93
1314.6
1523.02
933.046
648.274
1312.29
1654.67
865.39
1126.27
1603.09
1524.2
1067.47
995.871
983.081
1286.1
1388.26
1003.55
1386.13
1196.64
1310.87
1065.19
1102.52
1140.19
1636.12
1486.18
1228.92
1381.9
1687.25
1192.81
983.216
1127.57
1492.62
1618.94
1386.22
957.043
1265.56
1275.32
1145.28
912.068
1134.57
1591.79
1262.59
894.206
1089.47
1273.57
1366
1138.96
894.319
961.332
1690.32
1580.22
1323.22
1618.9
1317.6
1027.89
1152.6
947.938
922.401
1315.95
1361.32
1135.6
1464.83
1507.68
1480.21
1049.62
744.19
1173.92
1314.52
1385.93
1297.38
1022.43
1631.74
942.504
781.957
1215.01
1401.32
1147.42
1162.81
1214.9
1586.89
1404.3
1138.82
1080.97
689.442
1133.82
1444.55
1297.68
858.098
1389
1680.81
848.352
881.386
1067.96
1668.09
1014.48
1345.28
1388.07
1381.96
1300.17
1472.43
1070.19
1078.04
1564.11
1310.75
1607.87
1336
1483.07
1477.36
1083.73
762.526
1316.5
1338.13
1362.83
1330.76
1277.31
1436.6
1563.95
1099.62
929.48
1259.83
1357.4
1207.4
1329.9
1129.56
1323.26
517.001
1281.09
1243.54
1153.67
701.762
1158.81
1090.32
1070.57
1149.05
1195.93
1302.5
1155.07
860.555
1274.45
1052.53
1027.15
1240.12
1322.5
1097.17
1084.09
1016.04
1314.14
944.024
1224.86
934.773
1126.38
1189.56
1374.38
1128.84
1255.41
1160.12
1321.18
1018.2
931.451
1045.16
1418.66
1119.02
1126.68
1075.5
605.046
1240.22
1346.41
1396.64
1047.3
1243.04
1248.12
1179.13
1159.69
1050.31
1450.42
1115.98
1048.88
1255.72
1071.01
1096.35
1125.01
1155.43
724.975
1140.59
1331.76
1268.91
979.994
1073.05
963.524
1324.29
1169.03
1298.63
1050.36
1505.97
1108.02
1069.07
844.225
1233.92
1239.72
1209.37
983.87
1236.75
1353.85
1026.95
491.739
1215.67
1445.03
1107.16
837.622
1344.25
1509.24
1287.33
863.21
741.899
1254.97
1285.86
1000.15
1062.31
1109.99
1285.24
1052.82
965.398
877.068
1391.92
1533.97
1194.98
1177.76
1412.5
1425.84
834.646
879.736
1343.69
1501.1
1384.08
1030.3
794.584
1384.73
929.693
1040.9
800.572
1443.61
1266.14
989.991
836.432
1125.91
1275.09
1221.53
923.827
717.262
1434.48
1489.44
1312.89
1290.35
1365.53
1070.02
852.815
935.986
836.887
1172.94
1320.79
1009.8
1277.56
1316.34
1349.91
1086.17
775.062
976.558
1262.83
1355.73
1271.63
846.06
1345.06
1061.47
770.429
787.938
1288.93
1007.22
1229.72
961.669
1456.8
1353.62
1127.09
956.168
577.873
968.089
1336.03
1417.21
834.938
1152.16
1528.05
1176.7
825.931
832.918
1392.23
1132.38
972.404
1252.61
1295.81
1239.57
1364.49
1139.26
803.857
1416.67
1145.59
1455.84
1342.04
1345.63
1454.52
1212.93
723.155
1006.51
1305.57
1330
1187.27
1203.64
1220.29
1442.82
1072.72
868.922
929.805
1407.39
1209.62
1288.65
1018.64
1298.12
646.092
1000.9
1612.53
1390.94
1460.73
826.308
1256.85
1169.96
1346.13
1289.24
1371.94
1467.59
1447.83
1000.85
1532.02
1214.21
1252.34
1336.05
1596.32
1210.17
1373.41
1127.37
1542.07
1085.73
1420.82
1118.18
1291.78
1318.28
1691.71
1336.73
1530.62
1291.56
1545.07
1180.62
1111.02
1235.23
1621.18
1326.65
1383.39
1189
755.625
1449.98
1614.56
1617.89
1128.82
1547.43
1469.51
1486.55
1225.63
1292.35
1672.25
1276.66
1194.67
1425.16
1313.45
1282.32
1255.37
1275.05
921.877
1323.72
1497.39
1500.14
1131.22
1228.72
1159.31
1552.58
1391.37
1503.6
1218.04
1695.92
1300.78
1287.54
972.543
1414.09
1460.26
1446.59
1150.4
1517.95
1624.03
1288.52
589.23
1318.55
1653.77
1381.43
870.227
1569.62
1735.6
1618.22
970.564
828.467
1443.4
1492.84
1185.07
1306.89
1274.52
1533.64
1248.57
1109.41
1052.08
1575.73
1867
1298.52
1316.2
1551.73
1738.17
947.527
1101.27
1536.43
1747.52
1678.44
1171.99
904.284
1623.79
1143.01
1231.38
886.152
1696.14
1543.52
1175.02
834.207
1194.94
1453.05
1426.51
1110.28
874.513
1591.2
1793.94
1563.53
1453.45
1669.2
1204.71
977.779
1071.41
954.637
1317.64
1523.11
1198.91
1557.36
1555.51
1543.46
1267.75
1016.9
1043.75
1439.33
1628.95
1453.71
1012.67
1534.01
1368.92
944.198
808.235
1536.23
1152.4
1398.72
1154.39
1638.73
1566.82
1330.48
1142.53
640.52
1199.39
1450.51
1648.63
1010.14
1255.93
1709.78
1408.37
883.542
1019.42
1579.86
1442.28
1109.8
1505.26
1471.99
1471.38
1595.3
1381.39
959.129
1558.79
1358.31
1616.48
1540.13
1490.51
1686.43
1448.5
852.148
1162.2
1468.64
1534.53
1300.6
1349.39
1523.17
1651.17
1354.22
1004.05
999.937
1638.98
1322.22
1469.95
1233.85
1505.25
815.014
1096.82
1020.7
908.638
807.216
544.193
806.034
791.586
837.906
833.14
884.081
965.759
882.978
660.307
904.668
796.399
809.985
894.194
1002.28
762.77
823.662
717.338
965.525
722.747
896.879
740.561
821.758
875.744
1089.97
798.474
953.377
834.184
979.534
712.173
678.5
770.457
994.516
828.418
853.793
755.919
489.892
912.663
1009.24
1014.52
742.003
976.408
870.353
896.755
811.383
808.014
1063.12
801.093
770.257
910.612
831.823
742.876
801.91
831.728
550.48
829.733
955.093
935.257
745.152
787.108
741.635
983.174
867.458
967.791
759.268
1077.48
805.671
791.378
634.859
888.286
946.712
919.355
713.892
950.298
981.653
778.492
377.281
830.518
1098.75
866.895
569.9
949.056
1086.87
1002.75
652.709
532.365
873.26
923.113
716.625
814.456
809.393
977.266
803.438
730.669
643.335
982.202
1158.26
812.307
910.918
1039.25
1117.93
600.867
701.575
933.642
1091.07
1109.95
779.95
566.912
1040.03
730.919
775.417
542.416
997.628
975.307
782.701
561.552
755.454
924.407
901.198
727.508
479.107
974.774
1101.25
1035.63
918.452
1063.52
789.972
657.436
704.389
608.036
831.192
939.355
781.556
992.247
1025.6
1041.35
809.735
627.656
674.899
871.071
1012.97
908.015
647.612
953.877
827.34
621.1
552.504
993.08
781.313
851.767
680.641
1041.25
1033.03
864.252
742.33
407.504
739.064
920.702
1064.21
596.873
757.875
1046.31
916.941
561.773
680.768
1023.23
909.096
756.382
989.222
861.977
921.816
983.705
885.103
595.104
974.883
895.341
1053.46
989.258
906.243
1024.05
899.366
578.434
715.363
891.764
925.172
858.34
868.683
949.005
1031.84
864.226
627.963
667.351
991.346
830.295
931.721
784.669
907.714
533.277
702.591
2041.62
2368.36
1695.43
1303.13
2074.13
1908.4
1421.84
2360.18
2145.72
2279.88
1584.17
1778.55
2217.95
1864.57
1587.31
2334.1
2108.93
1971.75
1839.38
1941.34
2073.77
1710.85
2221.63
1413.95
2055.43
2217.81
2072.96
2049.32
2017.41
2239.18
2047.46
1749.82
1493.27
1990.55
2239.75
2037.18
1757.95
1954.03
1046.1
2306.26
2299.35
1982.23
2115.61
1963.86
2277.84
1843.06
2067.61
1834.19
2506.2
1859.65
1656.98
2163.85
1937.05
1737.6
2040.69
1615.69
1493.5
2143.85
2353.64
1946.91
1686.68
1931.61
1634.99
2262.68
2055.24
2201.64
1930.32
2417.64
1999.09
1476.82
1662.09
2313.5
1919.9
2073.94
1851.33
2033.85
2401.22
1590.12
873.575
2137.25
2558.99
1403.76
1800.5
2464.43
2481.47
1878.36
1493.54
1453.53
2113.61
2225.05
1671.36
1887.36
1871.32
2168.43
1667.15
1701.86
1604.01
2523.98
2495.95
1980.18
2130.06
2465.32
2144.05
1458.48
1701.32
2369.05
2595.61
2223.78
1730.24
1666.11
2111.54
1692.48
1504.65
1642.29
2505.21
2029.27
1447.63
1775.93
1981.62
2102.78
1966.72
1461.99
1382.69
2632.97
2440.34
2197.36
2380.62
2187.35
1716.8
1687
1547.31
1352.95
2051.52
2278.2
1621.68
2326.95
2248.92
2336.34
1715.02
1253.02
1788.78
2140.09
2160.72
2011.18
1607.34
2446.84
1563.23
1242.92
1671.26
2164.47
1862.42
1920.1
1753.73
2467.16
2243.03
1864.99
1618.23
1029.09
1672.61
2388.71
2183.86
1315.44
2224.26
2585
1627.78
1337.39
1606.63
2595.76
1614.28
1969.4
2161.7
2271.04
1936.01
2344
1780.53
1510.89
2434.64
2062.15
2571.75
2188.09
2349.68
2350.65
1851.47
1176.05
1950.1
2165.77
2223.03
2150.77
2035.14
1982.53
2500.75
1640.5
1474.1
1896.56
2295.53
1928.26
2236.61
1624.62
2394.94
794.541
2112.26
