2396.18
2280.02
2155.78
1739.51
1936.33
1818.65
2022.38
2105.26
2277.9
2239.9
2261.14
2168.84
2209.27
2162.8
2229.37
2218.32
2488.28
2223.34
2334.59
2036.78
2315.31
2150.28
2227.45
2222.81
2471.96
2062.08
2150.71
2327.07
2198.97
1783.95
2249.64
2357.5
2081.66
2070.7
2313.2
2209.07
1875.1
1440.47
1971.05
2369.14
2263.51
2429.93
1816.67
2308.69
2430.37
1871.79
1965.12
2346.99
2233.05
2133.24
2270.49
1876.38
2198.36
2242.51
1782.12
2136.55
2353.06
2158.1
2063.67
2215.08
1927.28
2481.3
2154.09
2446.66
2527.48
2163.8
2019.95
2265.01
2108.95
2505.52
2167.71
2359.71
2364.37
2114.54
2085.78
917.957
1717.28
1925.07
2227.4
2281.99
2273.92
2325.43
2196.55
2331.45
2306.5
2493.62
2404.74
2205.92
2206.15
2437.76
2294.78
2188.33
2485.31
2362.22
2199.14
2257.89
2259.81
2272.74
2313.3
2308.91
2210.82
1882.87
1839.71
2458.14
2320.61
2244.51
2098.14
2568.07
2251.71
2096.81
2241.86
2310.72
2119.89
2216.09
2188.08
2373.43
2358.43
2152
1701.46
2324.86
2192.94
2258.96
2064.77
1231.57
2294.43
2145.55
2225.17
1938.35
2317.87
2330.7
2435
2114.97
2281.33
2278.39
2029.03
2164.71
2242.11
2345.49
2271.32
2283.74
2430.89
2367.52
2128.31
2304.3
2341.29
2292.79
1683.6
2182.88
2173.16
2194.3
2138.05
2192.98
2273.69
2422.04
2467.37
2359.03
2289.57
2137.16
2253.62
2274.03
2327.07
2490.14
2414.69
2317.45
2560.23
1992.54
2078.77
1367.76
2185.33
2147.89
2074.66
2368.26
2388.66
2249.47
2302.5
2396.46
2314.35
2030.4
2083.69
2137.29
2249.51
2235.43
2357.45
2055.25
2251.09
2110.52
2341.91
2042.03
2110.96
2417.16
2314.64
2311.96
2299.24
2176.31
1936.8
2188.34
2323.38
1923.94
1770.01
2041.15
2025.95
2449.5
2268.2
1987.89
2166.19
2421.76
2107.25
2497.29
2579.51
2382.49
2418.7
2369.56
2291.02
2555.56
2570.51
2144.01
2301.75
2468.52
2098.63
2388.38
2057.34
2389.91
2198.17
2537.02
2241.54
1942.77
2322.92
2262.14
2213.87
2345.47
1873.4
2586.2
2359.72
2494.2
2775.27
2383.81
2385.88
1427.31
2165.2
2381.84
2512
2480.52
2438.51
2131.97
2534.98
2483.72
2386.07
2250.28
2583.77
2322.02
2659.02
2401.26
2213.77
2433.43
2147.77
2263.21
2337.74
2442.86
1883.01
2422.36
1869.96
2265.51
2285.53
2326.13
2466.71
2576.05
2196.14
2347.35
2758.12
2178.97
2316.93
2177.37
2540.68
2535.2
1889.35
1785.62
933.045
1959.78
2550.66
2484.02
2383.84
2544.1
2549.11
2264.74
2206.83
2345.9
2264.84
2167.38
2305.51
2674.62
2457.43
2380.54
2236.72
2697.4
2301.78
2058.31
2390.75
2362.92
2435.46
2651.28
2388.94
2246.33
2161.7
2232.32
2606.24
2754.41
2233.29
2230.3
2615.34
2311.82
2240.69
2676.62
2359.83
2083.45
2355.43
2475.06
2463.78
2419.61
2375.71
2017.23
2448.91
2352.04
2388.97
1399.71
1929.45
2279.16
2483.08
2311.4
2344.93
2619.55
2365.69
2463.19
2555.36
2350.58
2439.39
2454.37
2465.51
2484.2
2454.55
2378.38
2296.12
2579.49
2525.43
2563.95
2496.07
2353.3
2121.46
2343.78
2296.65
2317.88
2274.16
2276.84
2335.1
2391.24
2512.76
2485.16
2427.92
2382.53
2382.86
2242.29
2437.24
2433.21
2470.81
2284.96
2635.39
2486.19
2459.6
2151.79
1540.71
2329.19
2228.56
2382.76
2137.06
2456.99
2558.45
2474.71
2529.39
2252.5
2498.09
2533.3
2250.38
2437.04
2382.96
2324.44
2319.29
2331.95
2338.71
2275.53
2108.12
2132.92
2507.34
2523.67
2357.86
2161.83
2098.39
2224.91
2428.25
2199.02
2316.51
2370.5
2276.35
2184.66
2169.08
2138.95
1785.78
2173.59
2351.39
1847.57
2322.32
2333.76
2283.5
2398.07
2313.08
2133.43
2357.25
2367.07
2256.47
2515.81
2431.06
2024.33
2371.81
1963.48
2233.93
2061.71
2178.28
2183.67
2151.78
2336.39
2268.91
2139.48
2145.8
1765.96
2151.29
2140.02
2197.89
2525.49
2269.13
2384.83
1307.81
2060.79
2094.67
2362.69
2272.19
2204.05
1984.72
2227.12
2305.64
2270.2
1844.25
2322.46
2209.53
2428.07
2437.33
2074.41
2570.47
2153.42
2133.32
2386.26
2389.74
1891.79
2299.35
1767.49
2363.84
2126.39
2263.14
2463.68
2467.12
2108.13
2083.59
2082.36
2199.7
2405.62
2325.7
2335.27
2404.34
1940.81
1889.23
817.227
1849.7
2404.22
2463.52
2422.42
2382.34
2287.24
2215.99
2160.19
2213.72
2263.63
2143.1
2214.29
2407.4
2284.6
2387.57
2235.69
2327.18
2254.08
2190.52
2394.54
2196.8
2375.52
2393.6
2259.6
2321.31
2068.4
2113.77
2446.83
2306.34
2077.8
2188
2477.12
2176.9
2297.9
2658.23
2269.27
2048.97
2190.09
2209.04
2256.53
2217.07
1947.72
1687.81
2275.84
2307.98
2234.35
1461.72
1948.02
2055.73
2114.45
2217.5
2168.61
2522.91
2318.58
2270.11
2197.39
2204.74
2237.28
2350.78
2359.69
2342.26
2346.23
2079.47
2112.37
2605.92
2427.02
2295.79
2321.28
2123.62
1977.49
2113.58
2270.51
2188.34
2255.23
2076.2
2284.02
2105.7
2406.5
2322.41
2350.81
2270.05
2433.14
2319.8
2474.01
2504.51
2392.41
2266.24
2301.86
2249.95
2344.73
2176.26
1614.95
2092.05
1751.14
2020.58
2065.45
2335.43
2288.61
2244.57
2317.37
2188.69
2346.62
2540.72
1929.27
2007.14
2238.12
2171.09
2254.66
2121.91
2290.34
2283.97
1915.03
2103.37
2305.93
2348.91
2183.66
2012.61
2202.76
2217.63
2270.27
2152.71
2181.76
2282.78
2163.84
2263.32
2135.04
2210.78
1932.88
2184.88
2412.25
2138.85
2339.3
1953.67
2138.23
2181.13
2352.75
1938.43
1975.02
2234.11
2073.37
2043.45
2477.4
2193.08
2325.26
1990.62
2098.06
2177.54
1998.28
2148.06
2407.68
2195.62
2157.89
2389.03
2198.95
1773.5
2170.92
2163.69
2041.69
2281.04
2256.42
2067.7
1640.48
1713.99
1971.9
2320.46
2165.04
2251.26
1876.04
2056.4
2289.46
2242.62
2113.22
2576.87
2168.61
2114.2
2410.74
2236.43
2243.71
2376.31
1906.33
2161.88
2167.82
1923.89
2201.49
2120.64
2168.81
2429.47
2281.58
2610.97
2482.16
2113.36
2357.18
2340.12
2204.22
2488.41
2080.59
2192.83
2489.93
2124.85
1999.38
645.111
1975.88
1893.61
2274.79
2378.31
2106.64
2225.39
2277.66
2346.21
2172.36
2509.47
2146.74
2240.48
2311.42
2428.25
2401.75
2332.52
2363.7
2296.17
2252.38
2222.12
2171.59
2229.93
2086.9
2240.66
2319.47
2031.01
2002.1
2395.51
2336.24
2036.5
1970.18
2240.26
2134.86
2202.26
2416.54
2363.68
2182.52
2303.22
2359.12
2410.46
2274.84
2198.39
1844.16
2405.48
2315.23
2352.75
2044.72
1389.07
2228.57
2408.81
2289.64
2031.78
2282.14
2409.75
2264.29
2186.45
2340.44
2248.79
2419.64
2364.54
2307.63
2166.46
2208.06
2385.74
2327.39
2277.23
2172.66
2458.28
2259.86
2363.05
2054.29
2417.04
2016.66
2031.27
2318.59
2151.72
2137.26
2347.73
2552.89
2213.48
2304.35
2254.08
2355.45
2310.22
2212.11
2283.18
2329.24
2058.13
2447.3
2135.1
2326.31
1444.33
2189.46
2134.36
2163.3
2239.53
2538.16
2379.96
2353.9
2234.16
2147.59
2116.93
2310.84
2195.09
2241.67
2091.79
2051.43
2244.47
2357.8
2022.65
2272.19
2038.03
2198.58
2312.21
2328.88
2349.75
2119.32
2162.86
2153.63
2185.29
2467.6
2109.88
2000.19
2092.07
1853.74
2336.82
2299.36
2004.28
2201.04
2404.79
2010.42
2173.18
2337.13
2309.69
2309.71
2262.53
2160.18
2414.62
2133.46
2034.08
2345.51
2395.67
2230.01
2348.06
2095.15
2290.37
2240.14
2273.86
2129.24
2195.49
2311.65
2241.78
2308.46
2265.88
1653.68
2392.74
2129.34
2018.82
2273.51
1956.36
2283.38
1178.84
1704.94
1848.4
2176.14
2151.19
2246.3
1762.97
2188.59
2054.48
2001.94
2018.31
2124.43
1978.87
2290.84
2205.34
2094.5
2633.09
2186.94
2226.24
2206.5
2159.42
1525.33
2105.07
1746.24
2201.67
2168.44
2230.95
2552.83
2420.12
1940.62
2292.87
2478.76
2262.68
2511.22
2322.02
2245.55
2559.25
1874
1976.86
959.938
1943.74
2287.58
2240.6
2343.72
2433.04
2406.09
2184.21
2157.01
2183.9
2432.22
2331.93
2477.66
2414.08
2476.56
2270.41
2189.78
2532.77
2131.07
2123.5
2308.51
2417.36
2342.62
2526.75
2267.47
2345.17
1908.81
2008.67
2136.32
2287.14
2098.59
2077.68
2469.37
2135.74
2095.37
2360.97
2176.15
2054.03
2373.15
2482.51
2416.59
2345.02
2239.35
1643.75
2012.92
2232.36
2376.01
1662.35
1699
1864.28
2229.95
2158.78
2064.43
2448.16
2313.19
2273.74
2297.98
2314.51
2262.83
2347.31
2507.64
2400.88
2384.91
2359.53
2323.53
2605.52
2307.66
2375.55
2405.79
2283.8
2036.68
2088.84
2357.68
2245.7
2362.03
2037.01
2157.29
2127.24
2066
2229.44
2325.7
2208.92
2238.75
2263.99
2333.46
2314.75
2328.45
2221.21
2496.76
2278.51
2187.9
2000.96
1384.74
1995.82
1897.33
2110.5
2104.32
2458.59
2253.39
2356.62
2461.1
2095.02
2218.11
2372.16
2311.04
2012.45
2245.53
2256.98
2340.55
2364.77
2347.89
2333.01
2149.15
2302.68
2285.79
2506.86
2409.93
2121.47
2180.14
2187.19
2349.01
2059.99
2149.53
2193.8
2251.76
2219.95
