1298.65
1676.27
1625.78
2005.57
1139.6
1208.98
1625.04
1182.76
1498.79
1544.4
1656.76
1396.29
1771.03
1278.66
1252.54
1564.39
843.639
1184.91
1630.56
1416.6
1150.15
1344.94
1857.36
1439.17
1410.66
1419.8
1293.15
1685.43
1176.5
1202.61
1568.26
2116.32
1742.53
1476.1
1235.73
990.622
1155.81
1335.26
1423.22
1432.19
1596.72
2271.52
1639.02
1192.3
1492.44
1264.47
1811.98
1563.25
1317.04
1355.57
1732.88
1752.12
1480.28
904.211
1330.34
584.401
1415.4
1710.92
1394.52
1109.74
1292.89
1909.77
2040.95
1375.67
963.726
1316.23
1906.07
1246.28
1243.27
1180.04
1206.3
1462.22
1827.11
1656.42
858.482
850.282
1034.22
1868.02
1650.32
1358.1
1588.03
1617.97
1437.44
2053.94
746.883
882.299
1622.24
1554.67
1355.05
1587.2
1946.59
1659.6
1365.71
1482.11
868.807
579.637
1222.49
946.075
1000.44
1977.28
1627.71
1711.9
2054.64
1890.59
1156.57
770.068
1205.75
1504.47
1588.08
1383.05
1281.18
1807.74
1875.21
1622.28
1537.77
446.01
592.628
1015.13
1175.43
1233.58
1801.65
1117.29
1693.21
1471.74
1588.5
1549.2
1130.67
725.313
1663.32
1680.45
1467.4
1422.7
1328.99
1877.48
2167.04
1598.86
706.91
722.573
1316.35
1970.23
1416.27
1187.89
1295.15
1165.58
1881.76
1882.85
1402.65
941.251
1493.11
1177.08
2213.01
1660.15
1844.34
1739.96
1766.34
1435.64
1059.38
1172.27
1020.43
1652.44
877.303
1594.71
2169
1508.44
1572.21
1732.09
1126.59
1237.99
1794.63
1037.86
1731.87
1758.66
2121.48
819.793
991.725
1337.87
1898.83
1517.76
1480.17
1165.14
1128.06
1551.85
1997.83
1901.3
956.68
1413.35
1921.57
1480.2
1782.22
1300.36
792.551
1105.47
1432.13
1658.59
1649.44
1017.76
824.123
1481.86
1767.13
1538.34
1363.78
1283.32
1480.26
1641.26
1835.41
1038.45
1050.85
1310.14
1139.52
1419.43
1489.38
1251.84
1230.9
1564.72
1321.49
1123.38
1477.51
756.566
1265.18
1485.09
1362.53
1163.89
1234.44
1611.6
1221.4
1407.19
1177.41
1206.13
1597.62
953.834
1208.55
1449.02
1847.05
1600.1
1184.96
1165.65
985.234
1192.06
1163.38
1368.69
1304.9
1671.97
1977.14
1388.43
1195.87
1306.23
1199.24
1773.97
1243.22
1416.66
1113.38
1589.76
1656.41
1350.57
924.566
1185.08
666.604
1315.73
1517.36
1291.52
1152.49
1352.6
1753.23
1560.77
1182.98
924.631
1325.83
1661.93
1096.95
991.635
1191.12
1212.69
1543.08
1685.04
1270.71
826.223
823.421
1253.66
1723.49
1523.77
1220.17
1455.73
1257.53
1350.7
1609.32
627.544
800.098
1665.25
1426.09
1237.44
1361.95
1754.45
1457.99
1166.39
1382.6
785.853
588.516
1286.98
913.122
1014.28
1808.99
1515.54
1560.94
1975.26
1502.96
932.026
836.116
1141.36
1401.53
1406.29
1151.72
1152.45
1577.76
1695.72
1580.34
1248.69
385.514
688.05
879.293
1126.83
1353.65
1860.87
950.787
1487.32
1140.82
1399.98
1512.55
910.946
766.062
1560.76
1735.73
1238.92
1394.33
1122.78
1712.44
1969.18
1386.98
683.251
770.725
1287.03
1688.41
1329.83
1368.51
1026.83
1115
1553.5
1655.61
1208.35
1045.98
1309.74
1222.77
1951.34
1631.52
1709.25
1570.96
1524.3
1189.74
1061.4
1104.85
1019.2
1401.85
850
1617.06
2010.16
1393.06
1398.13
1478.25
858.694
1215.84
1369.56
1130.19
1703.36
1621.34
1792.89
705.649
1027.86
1308.47
1792.03
1531.8
1251.08
1100.52
1007.5
1688.26
1893.47
1654.83
906.325
1374.91
1479.96
1407.11
1489.75
1106.27
875.393
1002.35
1315.13
1414.52
1459.86
886.247
916.323
1469.47
1536.39
1363.57
1331.1
1505.84
1757.8
1766.2
2098.19
1064.05
1346.99
1418.84
1436.45
1608.27
1666.48
1342.29
1632.29
1720.95
1428.72
1295.14
1554.03
931.583
1398.34
1587.76
1767
1225.66
1536.11
1864.43
1412.02
1679.23
1291.17
1304.39
1937.58
878.098
1458.57
1793.92
2144.95
1780.69
1407.04
1369.03
946.523
1322.83
1283.35
1760.83
1405.92
2065.91
2240.68
1377.03
1605.48
1391.07
1434.73
2018.53
1337.05
1768.24
1314.29
1751.44
1909.28
1399.34
1116.1
1104.41
850.628
1573.6
1744.24
1352
1223.46
1750.01
1985.5
1851.67
1308.88
976.166
1696.91
1859.37
1260.46
1116.86
1358.54
1361.05
1562.92
2091.43
1361.94
916.246
912.89
1412.94
1907
1713.89
1402.1
1829.08
1247.7
1828.89
1876.05
708.208
939.745
2010.84
1650.75
1405.65
1650.85
2010.78
1656.99
1320.85
1464.83
798.15
696.094
1409.05
976.546
1205.19
2076.39
1811.19
1711.66
2360.61
1629.72
1119.24
955.102
1313.81
1620.57
1613.33
1110.79
1585.18
1923.3
1770.24
1972.21
1240.73
432.912
858.903
777.346
1393.74
1433.84
2077.68
1123.76
1811.99
1512.32
1679.84
1584.59
889.35
954.181
1770.02
1866.07
1476.3
1455.44
1451.18
2043.56
2273.18
1345.98
745.714
966.49
1501.35
1974.37
1389.81
1364.96
1171.73
1343.62
1953.47
2064.21
1178.74
1328.49
1378.74
1416.99
2301.31
1796.66
1843.48
1734.53
1818
1371.72
1116.91
1161.16
1323.75
1634.82
905.597
1938.78
2181.79
1642.79
1719.71
1733.2
928.169
1566.99
1374.43
1439.89
2056.95
1822.26
1979.72
782.423
1113.17
1610.25
1871.23
1700.04
1381.45
1253.69
1218.48
1903.18
2069.7
1859.8
942.627
1773.9
1614.22
1800.06
1650.77
964.872
1175.51
927.621
1785.25
1595.35
1588.84
982.87
1142.03
1535.12
1820.39
1515.75
1603.99
1936.66
2260.47
2305.62
2546.7
1320.65
1737.89
1817.69
1687.92
2202.04
2125.14
1720.64
2149.1
2315.7
1712.31
1588.48
1920.85
1095.94
1822.02
1990.33
2352.51
1554.06
1909.58
2302
1785.85
2156.81
1657.41
1617.91
2416.15
1212.1
1850.25
2298.82
2643.21
2226.14
1702.15
1730.99
1162.85
1687.65
1641.67
2198.45
1910.22
2560.41
2790.26
1777.34
1903.48
1740.3
1789.84
2466.24
1673.29
2212.19
1722.4
2242.17
2237.36
1799.31
1423.75
1409.23
1057.36
2013.05
2277.42
1775.14
1692.74
2191.51
2511.58
2465.54
1588.35
1199.29
1977.89
2385.39
1625.78
1351.26
1792.26
1724.84
2066.33
2465.06
1672.97
1167.72
993.651
1808.91
2346.79
2225.21
1950.47
2338.65
1548.12
2302.45
2335.92
803.818
1159.05
2458.82
1974.07
1816.12
2203.75
2553.84
2124.96
1676.83
1878.08
979.492
776.1
1884.52
1194.79
1497.97
2565.13
2363.32
2226.2
2886.29
2154.19
1391.53
1138.87
1508.15
2031.22
2004.1
1428.11
2018.03
2433.76
2369.9
2471.6
1593.73
475.067
1048.35
1018.45
1735.14
1847.13
2717.5
1463.74
2259.19
1815.54
2115.95
2047.76
1061.17
1116.8
2347.01
2339.43
1897.01
1817.77
1920.56
2639.04
2885.57
1775.11
951.958
1081.68
1766.89
2334.62
1831.54
1861.4
1545.17
1821.11
2387.63
2485.15
1426.27
1595.38
1656.86
1812.54
2799.12
2364.03
2384.3
2299.66
2453.76
1781.32
1358.61
1455.1
1516.66
1959.81
1247.39
2394.66
2806.29
2149.34
2172.56
2180.81
1168.7
1930.99
1696.34
1748.84
2567.59
2353.34
2469.25
987.748
1487.97
2056.73
2340.69
2139.86
1654.79
1540.74
1415.15
2381.35
2616.44
2350.16
1307.06
2259.6
2058.65
2286.19
2168.57
1356.08
1348.32
1207.11
2308.71
2089.61
2091.11
1123.45
1360.71
1963.93
2367.77
1818.22
2033.23
1396.65
1725.74
1702.49
1920.83
1034.1
1145.62
1433.17
1115.62
1549.26
1505.84
1321.08
1434.13
1783.81
1323.55
1141.36
1490.68
731.54
1291.33
1514.79
1573.45
1178.7
1314.33
1715
1310.45
1473.75
1251.56
1175.59
1698.21
1025
1247.38
1614.82
2010.9
1711.95
1221.51
1292.12
932.145
1238.15
1161.59
1495.88
1438.92
1722.87
2106.75
1385.08
1227.76
1332.14
1268.48
1895.12
1330.4
1508.1
1221.83
1647.76
1772.98
1362.28
984.05
1142.66
678.23
1475.52
1704.84
1322.75
1313.96
1489.03
1907.14
1837.92
1204.4
879
1339.14
1780.2
1178.16
1005.78
1271.12
1276.76
1617.38
1821.86
1337.26
851.638
764.862
1272.69
1793.07
1687.54
1379.07
1674.78
1297.96
1594.8
1747.84
595.995
790.476
1759.05
1431.4
1248.31
1604.71
1905.23
1604.72
1252.81
1437.95
773.239
552.275
1339.72
916.243
1038.2
1906.63
1624.13
1619.69
2061.33
1668.56
975.503
824.559
1139.74
1459.58
1453.04
1120.11
1374.51
1709.72
1793.19
1689.36
1281.04
357.617
657.661
851.348
1324.88
1395.92
1992.35
1025.38
1663.37
1296.86
1535.22
1530.66
880.446
704.955
1650.49
1783.22
1371.76
1358.08
1296.78
1962.41
2071.29
1419.63
654.116
733.821
1251.67
1915.97
1427.1
1362.62
1178.63
1266.65
1763.58
1823.82
1168.94
1018.84
1262.97
1235.43
2032.34
1640.25
1798.32
1747.63
1845.8
1284.19
1062.57
1106.18
1030.63
1435.4
864.042
1699.65
2126.71
1554.87
1647.55
1692.9
944.705
1298.74
1423.58
1129.32
1774.89
1662.27
1977.77
702.594
1033.45
1378.97
1792.04
1565.83
1306.6
1186.73
983.337
1674.21
1872.64
1747.86
974.304
1522.67
1548.06
1560.84
1620.33
1156.88
878.84
968.881
1503.97
1562.86
1574.67
828.833
927.503
1507.45
1694.2
1406.64
1371.4
