1285.07
1842.98
1530.94
1585.36
849.664
1226.89
2039.93
1889.99
1865.86
1654.75
1791.51
1804.44
1528.32
1475.36
1847.49
2219.92
1718.36
1604.86
1412.67
1252.54
1647.46
2085.14
1851.69
1648.03
1614.23
2596.14
2086.85
1900.92
1839.84
1536.84
2018.77
1990.35
1925.82
2284.5
1545.88
1255.88
1321.69
1701.65
1446.65
1281.3
1195.24
1315.55
528.699
598.965
1173.61
1607.68
2012.7
1613.47
1930.82
1574.19
1698.24
1684.49
1169.21
802.474
1218.99
1545.18
1852.75
2364.12
2044.39
2214.98
1954.06
1435.18
1705.22
1961.27
2175.93
2046.38
1995.3
2197.52
2307.59
2300.4
2099.07
2129.43
1771.47
1405.79
1394.94
1383.65
952.513
1252.28
1689.72
1537.52
1559.67
1798.7
1706.13
1577.32
1731.78
1328.77
1396.14
791.583
936.401
1438.66
950.118
1966.24
1682.82
1984.39
2111.03
2251.18
2160.91
2171.75
1870.63
1583.33
2332.01
2296.42
2078.9
1882.79
1910.91
2228.55
1961.11
2310.87
2215.63
1933.04
1866.39
1546.2
1371.39
1030.7
1311.75
1675.09
2026.94
1272.43
1477.66
1475.09
1155.22
838.906
1629.37
1762.6
1694.8
1599.5
1994.8
1785.74
1606.31
2047.46
2014.14
1548.54
2049.66
1786.55
1538.96
1810.78
1926.84
2204.74
1620.9
1559.82
2476.26
2161.25
2186.49
2395.86
2041.27
2158.29
1014.61
1970.03
1614.22
1879.92
1702.86
1020.86
826.501
823.378
1488.69
1530.57
1851.44
1749.89
1645.51
1508.54
1719.01
1770.21
1867.47
2078.62
1983.01
1921.83
1779.97
1593.57
1690.56
1861.12
1965.93
1740.33
1233.85
1935.16
1749.23
2040.33
1647.12
1784.03
1963.18
1905.32
1989.79
843.291
1793.69
1904.74
9023.38
8624.29
8653.54
8090.64
9281.48
8063.34
7996.52
8195.74
8539.25
7997.01
8400.01
8638.09
8156.36
6861.03
8735.93
6138.29
9415.86
517.167
822.659
717.098
755.737
507.865
879.731
1073.86
1235.52
1039.71
905.973
775.283
944.045
832.008
868.314
1017.53
1267.59
983.756
855.976
792.334
601.913
1028.73
1065.7
1099.55
826.035
835.68
1341.7
1238.7
1154.21
760.192
720.229
893.331
1237.86
1024.26
1294.58
695.79
946.882
655.802
773.095
661.177
616.202
624.193
719.905
229.45
319.789
782.091
1029.68
1162.49
781.021
1165.92
737.819
895.082
875.895
560.709
471.987
604.322
997.48
1203.18
1080.25
1212.38
1186.19
977.652
550.919
886.61
1127.88
1260.9
1226.31
1103.49
1075.94
1218.39
1254.98
1101.1
1016.29
857.021
699.923
767.516
838.397
594.424
591.618
834.659
746.937
1003.51
937.57
793.215
686.051
787.629
911.804
623.84
406.951
625.283
625.768
518.223
989.328
889.831
953.642
1308.76
1307.09
1396.37
892.035
1017.49
845.634
1175.52
1467.89
1066.16
917.156
966.187
1318.31
1240.15
1340.64
1056.58
954.436
971.148
975.026
769.947
595.531
639.579
1103.55
1091.73
509.246
661.319
628.547
662.661
581.706
815.583
834.227
862.402
1109.87
1083.82
914.667
850.126
1125.62
1205.38
700.13
882.842
856.798
872.628
1016.73
1249.78
1005.47
658.942
890.491
1100.76
1194.1
1432.5
1299.69
839.326
1252.81
512.842
893.099
867.992
832.451
884.928
664.445
437.965
334.789
750.983
1101.16
955.975
963.82
853.878
730.201
1031.68
929.897
936.444
1202.32
986.065
1128.69
935.538
728.843
840.53
937.454
1085.96
923.595
668.523
824.794
1023.22
1127.78
999.661
746.032
1087
1015.64
1163.79
360.712
897.233
850.562
701.91
795.058
861.328
872.161
818.788
388.566
532.366
571.1
469.237
499.482
479.098
850.94
525.562
600.485
850.863
1015.83
1004.23
762.024
863.527
776.514
693.75
491.172
727.407
1110.22
1078.13
1093.25
759.115
884.151
971.366
894.107
814.234
1128.06
1183.87
859.287
784.764
607.638
556.801
1001.36
1160
858.545
809.752
898.344
1529.36
1162.14
995.522
707.626
791.057
1050.42
1111.93
1058.1
959.495
727.166
810.021
652.605
836.269
762.656
593.411
748.609
464.149
278.384
428.622
724.475
981.699
1143.01
783.441
1006.21
882.827
912.963
580.477
464.859
561.159
587.246
882.509
1194.67
1169.21
1170.68
1159.25
966.055
658.605
1041.22
1058.01
1148.67
1113.64
978.353
1122.78
1182.36
1317.25
1054.88
1077.56
810.762
694.656
822.76
698.988
499.926
789.639
696.432
694.341
703.05
1028.09
787.806
804.071
813.025
953.61
609.83
343.209
627.016
486.284
677.249
976.826
872.014
1012.32
1244.7
1271.44
1088.11
1064.06
960.392
1012.87
1076.55
1244.48
910.273
930.512
1190.87
1417.74
1157.65
1192.35
1016.09
908.332
945.202
1014.14
693.231
454.578
687.015
1054.09
1054.67
458.393
896.383
691.089
527.349
714.937
714.716
741.51
647.333
1239.15
1021.98
842.346
1041.85
965.098
1059.8
778.864
1001.04
831.937
896.831
920.588
1029.43
1170.39
850.026
815.054
1353.1
1155.87
1079.72
1099.93
982.393
1020.7
694.151
948.294
888.604
906.81
724.665
438.998
444.498
336.971
1007.72
924.285
925.916
948.752
816.346
705.466
993.06
817.312
1169.89
971.453
1055.28
1173.6
757.647
979.926
779.749
968.686
893.917
893.333
751.066
720.442
951.649
926.91
1080.37
944.182
960.768
1150.09
876.842
441.138
1064.48
719.957
882.36
697.262
786.879
982.247
709.467
407.776
397.463
448.696
501.301
433.183
588.891
768.292
402.011
836.19
1061.64
1055.35
838.232
1851.25
2745.92
2503.81
2329.65
1527.55
1988.3
3079.77
3122.88
2859.33
2404.9
2587.86
2815.43
2516.76
2360.07
2908.59
3055.66
2627.07
2386.93
2088.39
1839.28
2555.39
3426.73
2764.24
2577.29
2543.29
3517.06
3301.19
3216.39
2725.79
2374.77
3030.27
3284.09
3165.83
3515.37
2305.82
1759.46
1824.71
2461.46
2239.82
1944.75
1794.5
1997.13
745.102
835.772
2001.27
2260.73
3075.2
2576.8
3041.31
2250.85
2668.74
2616.06
1764.74
1378.39
1852.6
2312.64
2977.12
3632.03
3434.35
3403
2887.41
2172.2
2440.05
3117.3
3369.6
3038.84
2972.84
3371.47
3484.42
3679.49
3234.3
3247.74
2603.05
2325.58
2238.95
1951.74
1358.37
2034.37
2593.96
2324.93
2617.21
2911.05
2723.14
2297.19
2422.49
2025.32
2013.46
1243.54
1664.76
2141.25
1677.55
3017.39
2782.07
2972.14
3278.54
3367.61
3225.89
3285.09
2772.97
2945.23
3522.23
3674.71
3070.64
2877.51
3028.84
3313.95
3116.2
3583.62
3157.3
2952.51
2755.01
2556.15
2113.91
1720.22
2119.98
2458.5
2846.18
1749.7
2335.4
2184.46
2081.49
1830.99
2360.96
2650.85
2404.22
2448.41
2809.27
2821.72
2654.66
3187.5
3133.62
2528.85
3021.25
2792.01
2668.2
2558.65
2937.22
3348.4
2627.98
2517.23
3423.22
3465.71
3575.2
3488.73
3155.01
2944.14
1300.73
2908.02
2481.68
2938.85
2492.99
1860.38
1412.54
1623.67
2134.32
2247.69
2555.38
2421.03
2651.89
2219.12
2796.15
2530.13
2860.57
3203.99
2989.55
2951.58
2446.5
2464.02
2567.5
2986.82
3022.59
2833.38
2222.28
2960.79
2760.17
2664.89
2526.91
2779.25
3054.6
3102
3027.44
1278.36
2737.49
2537.67
2192.33
1881.3
2361.89
2701.41
2201.85
1355.58
1511.6
1492.84
1483.06
1704.3
1587.62
1734.59
1409.46
1801.93
2880.82
3540.64
2818.14
1639.06
2072.11
1890.28
1859.99
1340.4
1658.04
2510.41
2449.82
2318.81
1952.04
2027.11
2084.17
2010.47
1898.92
2316.32
2236.87
1996.37
1921.94
1708.69
1490.89
1917.9
2585.24
2222.45
2113.63
2152.93
2685.89
2552.13
2400.11
2087.42
1950.8
2271.63
2365.41
2516.94
2692.7
1826.48
1358.56
1493.66
2115.54
1781.73
1580.91
1488.01
1743.75
645.715
732.709
1550.42
1654.61
2443.66
2094.28
2254.68
1788.93
2088.69
2141.46
1453.83
1107.37
1480.23
1665.67
2259.09
2687.68
2736.33
2712.72
2311.03
1788.06
2011.08
2323.26
2564.18
2160.51
2347.79
2596.84
2685.59
2951.77
2554.26
2466.83
2115.58
1820.36
1760.88
1562.12
1108.4
1583.2
1957.33
1911.56
1978.39
2263.86
2206.2
1831.21
1906.13
1425.71
1658.25
988.788
1177.48
1853.95
1370.46
2423.67
2229.14
2379.82
2541.69
2527.07
2547.56
2550.45
2327.74
2323.08
2788.12
2740.2
2622.41
2347.15
2389.49
2435.31
2491.26
2850.5
2645.91
2252.11
2166.16
2096.77
1697.9
1329.72
1709.11
1849.39
2248.53
1411.67
1803.55
1777.8
1729.05
1493.42
1850.49
2067.58
2012.71
1645.41
2197.79
2165.28
2133.39
2458.26
2605.9
2149.56
2434.17
2167.3
2106.71
1928.55
2336.2
2728.28
2130.01
1988.77
2785.39
2663.11
2782.84
2793.36
2555.29
2338.12
1265.1
2240.23
1906.16
2222.85
2125.75
1557.09
1199.33
1288.2
1679.68
1676.83
1925.31
1917.6
2037.66
1792.94
2168.17
2155.17
2261.86
2496.35
2202.65
2099.52
2016.5
1907.03
2142.72
2355.21
2318.12
2179.13
1820.34
2324.77
2137.79
2129.39
2032.23
2271.96
2380.8
2406.33
2441.22
1100.49
1977.27
2159.97
1705.71
1459.45
1787.97
2118.04
1762.31
1099.56
1171.43
1141.39
1051.5
1207.41
1120.65
1242.02
1187.85
1494.27
2315.49
2512.85
2220.3
