2194.49
2194.12
2141.69
1957.27
1978.28
2408.69
2060.16
1935.44
2131.28
2030.93
2080.09
2008.44
1973.27
2086.82
1817.05
1819.49
1799.99
1615.1
1212.76
892.752
1131.91
624.524
1143.28
1364.1
1486.83
1303.47
1523.35
1847.38
2101.12
2269.73
2149.23
2075.57
2238.07
1996.33
1832.53
2383.53
2276.73
2020.64
2016.26
1937.71
2370.02
1806.57
2217.53
2261.5
2146.24
2425.65
2073.49
2257.76
2083.08
1675.58
1168.18
1073.66
1060.81
965.752
685.079
1365.32
882.027
1014.98
1812.41
1988.99
2021.14
2189.51
1209.45
1949.55
2031.44
1977.6
1941.56
1979.25
1727.99
1834.73
1809.94
1636.99
1536.83
1790.11
1700.63
1736.41
2126.94
2102.18
1974.83
2217.35
1986.87
2221.33
2191.54
1905.79
1731.99
1637.64
1393.57
1376.59
983.769
873.069
742.287
1212.49
1159.96
1846.02
2085.56
2274.26
1932.66
2236.72
2209.84
2201.62
2239.7
2201.96
2309.87
1761.54
1750.45
2296.02
2251.93
2270.04
2145.03
1871.92
2263.05
2226.57
2349.31
1772.1
1742.41
1233.42
1676.01
962.159
1258.27
1457.87
1330.78
1169.21
1308.52
1189.91
1123.93
1441.91
1656.96
1221.67
1755
2029.5
2032.63
1784.54
2133.59
2103.56
2189.29
2410
2291.89
1960.96
1979.44
2331.44
2307.11
2109.14
2207.18
1938.78
2010.72
2023.43
2133.19
2096.68
1867.81
1508.21
1519.47
1335.31
2026.3
911.884
1174.46
1054.56
1025.37
1540.17
1639.84
1632.47
1584.04
1455.21
1871.79
1812.6
1949.01
2136.86
2388.57
2030.02
1771.73
1866.47
2165.56
2070.46
2010.14
1909.12
1807.89
2172.06
2252.18
1855.8
1871.03
1751.73
1830.28
2009.4
1660.64
1361.02
1398.23
1652.46
1614.93
1546.74
1583.57
1698.28
1552.49
1580.75
1527.9
1266.47
1261.29
1438.14
1338.44
2049.36
2063.6
2303.47
2127.01
1044.35
1289
1061.6
1072.96
1014.84
1451.55
1226.37
971.209
979.855
1142.23
1046.38
1077.89
835.6
1158.8
778.233
1329.39
878.358
858.222
474.818
550.76
480.272
528.706
545.223
646.168
979.087
891.796
936.951
1137.95
1148.74
1186.92
1130.28
914.512
1272.96
926.379
1066.66
1639.86
1106.83
975.913
1080.66
978.821
1076.43
1191.32
1127.41
1210.54
1280.06
1373.42
1247.04
1049.51
1136.06
773.766
612.854
503.433
587.608
386.127
705.522
857.485
478.334
801.103
815.074
1095.98
1033.47
1008.04
704.479
1011.56
1058.87
1268.09
988.473
1120.62
893.358
1027.66
781.485
1129.24
765.642
917.527
912.676
1250.89
1044.06
978.81
1217.39
974.802
1137.26
1195.7
972.066
1029.33
1005.45
985.809
653.187
596.485
678.167
324.189
484.106
560.737
708.764
1297.64
1050.48
1178.19
1196.79
1161.82
1027.38
1168.79
1237.51
1222.41
925.879
980.298
1047.79
1511.31
1213.28
995.461
1140.66
1055.88
1250.63
1276.63
1014.97
1015.6
758.653
1059.02
716.812
626.07
659.82
855.654
674.93
579.255
555.921
748.513
669.162
1123.43
686.403
775.174
1047.64
990.05
916.213
954.627
1139.46
1098.01
1233.87
1456.04
1182.95
1034.47
990.19
1165.81
1271.98
1178.89
977.951
992.849
1042.53
1286.14
1252.82
905.158
954.059
797.154
710.802
740.183
783.586
839.552
545.786
754.718
601.991
953.751
775.508
950.612
746.663
630.068
1092.15
1079.13
1091.37
1514.42
1256.13
926.675
1005.62
1075.79
1209.68
1071.93
982.314
975.789
970.34
1509.25
1045.52
1028.91
834.152
905.025
1014.03
1041.71
715.447
762.868
672.331
1236.1
885.618
796.294
858.965
834.29
765.619
805.588
852.669
549.471
704.566
1082.92
801.056
1088.84
1278.24
947.871
1228.2
1100.74
1113.03
1166.1
839.468
1274.36
1273.9
1097.16
1005.18
1140.41
981.832
997.869
1082.86
952.862
894.334
1005
1235.2
921.148
583.632
534.877
594.045
412.254
418.104
678.364
738.831
881.788
782.677
868.563
1102.72
1061.98
1347.9
1033.82
1023.11
1093.5
884.182
1220.09
1315.69
1161.59
951.139
982.656
1188.32
934.548
1159.56
1149.84
1155.92
1241.63
1420.52
1182.47
1141.27
903.469
850.409
712.415
530.613
469.618
311.773
619.491
837.086
440.634
677.758
1019.38
935.896
1069.82
971.681
643.62
981.14
1164.08
1166.27
1024.58
1117.39
683.597
914.544
1162.59
853.486
726.287
1007.47
931.347
1086.54
1094.26
1096.03
1027.61
1053.4
1103.97
997.744
1062.26
1091.95
861.523
899.431
747.885
630.704
516.561
419.903
400.615
550.484
774.116
1086.48
1155.27
1201.76
1017.78
1108.25
1164.46
1153.91
1088.45
1172.28
913.821
1063.4
1101.24
1312.07
1116.25
1089.36
1028.55
1251.86
1104.09
1223.02
1238.47
712.839
790.477
1041.32
665.918
609.76
717.642
698.607
671.616
654.683
588.686
715.108
608.646
939.614
651.354
857.964
847.063
945.768
1069.1
868.3
1114.72
1036.95
1444.67
1271.82
1153.43
964.031
988.969
1300.48
1113.27
1143.23
1042.49
983.492
1008.25
1309.92
1048.38
924.117
897.045
839.268
801.072
667.777
651.732
843.389
632.392
721.919
548.652
905.635
725.09
941.028
876.57
616.848
970.103
1073.31
1087.17
1457.74
1038.13
1088.76
1005.86
980.583
1128.7
945.373
1340.97
799.736
1026.76
1347.34
930.473
998.381
998.593
793.45
1025.53
1074.39
745.637
769.578
541.935
1145.58
774.778
830.086
854.558
740.452
909.758
823.232
864.044
594.279
679.425
916.417
723.903
1176.42
1137.62
1195.07
1135.82
3331.53
3478.45
3146.49
3153.26
3155.09
3245.2
3001.8
3262.9
3197.39
3043.82
2996.89
3038.07
3096.03
3126.73
2397.17
2744.62
2522.15
2108.25
1402.9
1499.59
1182.22
1412.07
1893.85
2252.25
2272.53
1552.4
2711.07
3049.62
3580.93
3493.8
3252.01
3182.15
3241.39
2649
3300.55
3512.78
2993.59
3155.21
3033.18
3414.89
3032.38
3194.76
3471.53
3391.55
3408.83
3253.49
3386.98
3211.65
3108.43
2070.64
1643.35
1493.41
1625.14
810.82
1823.85
1554.32
1428.8
2279.91
2815.07
3077.76
3208.48
2864.35
2093.79
2980.72
2906.04
2805.98
3109.45
3084.58
2443.86
2684.03
2727.82
2449.26
2493.27
2698.64
2585.27
3050.47
3143.35
3104.49
3112.04
3209.83
3271.09
3179.55
3044.77
3183.82
2415.32
1988.22
2134.08
1695.39
1465.95
1078.04
1724.28
1549.21
2312.31
3349.04
3188.51
2912.52
3100.21
3416.05
3399.64
3412.29
3478.65
3309.59
2977.78
2868.62
3077.18
3235.09
3449.79
3223.3
3065.24
3254.7
3588.51
3481.81
3166.05
2605.03
2102.55
2187.28
1798.13
1808.5
1846.88
2223.28
1733.15
1778.27
1892.15
1822.01
1824
2178.47
2088.62
2302.37
3157.38
2988.83
3046.33
2676.45
3333.35
3239.49
3545.91
3338.79
3115.79
2972.76
3397.7
3673.18
3341.43
3270.57
3256.4
2994.18
3037.29
2881.33
3399.91
2917.38
2766.18
2253.19
2241
2167.49
2221.23
2267.78
1360.07
1433.29
1904.6
2470.53
2380.99
2617.3
2227.7
2481.99
3009.28
3000.91
3116.29
3232.36
3119.66
2913.5
2799.72
3053.8
3438.93
3176.9
3045.69
2822.64
2954.12
3422.12
2811.22
2988.1
2728.69
2709.72
2967.68
3032.87
2225.96
2289.05
1811.58
2483.85
2435.85
2328.77
2648.42
2478.91
2342.57
2300.5
2251.09
1901.3
2003.53
1992.21
2358.93
3206.19
3477.37
3313.4
3540.96
2602.27
2497.67
2700.12
2471.32
2384.42
2476.91
2368.72
2341.01
2520.26
2520.82
2317.09
2374.48
2325.09
2329.16
2220.78
1977.83
2045.66
1986.13
1453.31
1196.97
1230.73
924.049
1339.59
1532.55
1883.19
1460.54
1608.43
2223.64
2603.01
2711.94
2557.21
2543.59
2492.45
2497.84
2140.5
2691.05
2620.14
2411.2
2466.9
2382.17
2706.51
2371.6
2699.73
2513.51
2797.12
2738.46
2425.55
2676.05
2460.94
2156.09
1450.16
1300.31
1227.88
1268.16
705.917
1491.45
1013.39
1262.62
2063.24
2198.65
2548.75
2463.66
1669.28
2426.69
2252.18
2248.21
2237.93
2424.77
2142.66
1937.04
2121.46
2210.09
1907.84
2102.56
2147.95
1883.11
2315.28
2546.54
2382.49
2550.53
2515.84
2685.03
2521.47
2377.68
2388.52
1747.68
1494.1
1686.11
1243.33
1078.55
952.176
1400.38
1307.04
2171.89
2565.67
2445.22
2087.05
2502.76
2720.45
2807.4
2622.45
2623.11
2611.89
2371.99
2198.25
2442.04
2473.02
2699.22
2556.15
2371.7
2589.32
2796.59
2808.55
2233.22
1938.01
1299.83
1951.64
1204.67
1560.17
1607.87
1548.97
1435.69
1303.05
1514.94
1417.92
1549.07
1802.46
1604.56
2009.04
2455.18
2311.85
2301.73
2298.06
2610.19
2659.02
2581.03
2606.73
2345.8
2394.11
2722.14
2760.7
2631.33
2523.48
2406.82
2559.84
2243.4
2267.07
2700.41
2157.42
1981.25
1824.78
1605.07
1862.66
1795.35
1634.19
1066.35
1160.17
1837.76
1879.08
1927.41
2056.14
1684.65
2221.69
2269.37
2392.36
2384.48
2564
2396.59
2321.89
2105.38
2684.05
2691.23
2421.15
2352.99
2176.88
2438.79
2539.68
2315.13
2233.74
2120.6
2222.49
2362.13
2184.52
1706.69
1839.63
1622.71
1876.73
1903.33
1936.1
2264.7
1861.78
1829.26
1942.63
1747.02
1386.13
1482.18
1589.82
2179.8
2506.9
2685.41
2660.03
