1444.24
1677.1
1381.15
1535.63
1605.96
1358.25
1186.5
1859.79
1760.82
1918.78
1615.09
1263.53
1596.58
1081.46
1324.23
1575.45
1192.36
1564.38
1561.47
1665.29
1318.83
1532.18
1838.42
1356.49
1532.84
1794.41
1572.22
1615.51
1296.41
913.767
1663.74
1575.64
1322.9
1524.33
1274.71
1521.6
1425.15
1732.76
1495.45
1421.57
1648.53
1118.34
1439.13
1827.7
1293.85
952.681
825.347
1204.82
1831.84
1842.72
1368.02
863.166
1039.9
1557.37
1883.6
1323.47
1108.4
1473.79
1788.09
1707.24
1390.58
1459.81
1549.4
1460.19
1105.17
1067.51
1205.25
1368.02
1609.58
1967.67
758.765
1403.73
1950.14
1716.45
1259.22
1415.53
1546.6
1847.71
1564.83
1406.76
1736.89
1452.94
1600.62
1556.22
1234.93
1653.05
1662.64
1193.25
1189.87
1298.37
1001.73
1769.95
1779.43
1541.43
1260.8
1389.62
1737.37
1468.45
1266.53
1122.84
1834.38
1644.02
1204.55
1464.17
1429.91
1303.08
1322.91
1155.98
1261.7
1540.49
1408.58
762.492
1643.68
1970.95
1505.7
1200.84
1602.69
1439.28
1520.26
1490.58
1554.73
745.161
1263.19
1320.09
1655.21
1118.85
1203.7
1660.84
1883.72
1854.99
957.099
1071.2
1694.64
1713.76
1372.81
1084.83
961.187
1027.95
1448.68
1823.32
1279.64
1418.78
1406.51
1713.48
1742.55
1578.31
1119.89
1192.97
1883.29
1268.71
1106.43
1168.81
1808.04
1395.3
1258.61
1239.77
1396.47
1089.99
1606.95
1929.5
1407.04
1468.91
1695.82
1774.99
1479.85
1145.33
1611.78
1428.59
1024.57
1317.28
1440.18
1301.86
888.871
1338.24
1405.84
1762.44
1687.52
1507.25
1355.14
1557.84
1488.55
1575.57
1245.09
1344.29
1361.74
1869.46
1749.39
1657.67
1309.43
1151.88
927.581
1383.91
1570.08
1141.29
1721.01
1684.74
1297.41
1742.72
1378.07
1575.65
1557.49
1598.82
1244.9
1353.55
1494.96
1429.9
1138.21
1588.77
1661.47
1731.89
1587.27
1084.07
1384.49
1218.08
1207.34
1402.71
1234.94
1260.05
1524.6
1392.55
1266.34
1293.94
1621.83
1321.03
1408.5
1760.23
1541.41
1502.4
1385.21
808.465
1241.06
1648.48
1104.52
1421.84
1132.41
1458.83
1403.09
1529.59
1376.49
1153.82
1601.23
1320.21
987.015
1798.78
1361.98
1026.56
847.167
870.785
1564.1
1569.51
1382.83
1019.34
772.653
1248.32
1694.76
1341.45
906.592
1348.85
1610.48
1774.35
1322.33
1232
1546.54
1415.31
978.656
1044.69
980.273
1365.72
1292.79
1833.22
937.994
991.973
1804.43
1714.42
1458.43
1170.63
1339.96
1802.52
1710.66
1214.68
1579.93
1287.52
1438.26
1325.92
1148.5
1404.2
1770.84
1154.52
1038.36
1144.3
1107.24
1478.06
1653.03
1518
1050.7
1181.89
1650.88
1470.43
1183.98
977.584
1430.1
1730.01
1148.12
1376.22
1352.34
1101.48
1245.92
1150.26
1179.28
1371.26
1591.59
529.216
1370.28
1845.66
1565.45
1021.52
1328.97
1356.72
1313.52
1332.68
1434.29
803.826
1158.56
1301.13
1616.93
1293.97
969.95
1250.03
1780.12
1754.75
1040.85
753.26
1407.87
1661.29
1567.95
1078.59
967.028
806.126
1185.9
1702.25
1396.71
1090.63
1220.33
1697.88
1670.05
1531.88
1030.05
999.31
1839.73
1185.48
1156.57
930.411
1472.9
1538.55
1155.19
1210.3
1194.52
1176.28
1255.28
1835.91
1401.99
1302.3
1442.08
1725.1
1363.83
1207.78
1502.38
1260.84
1147.47
880.457
1212.94
1257.58
831.619
1190.11
1214.82
1642.59
1586.11
1403.08
1422.03
1273.8
1408.25
1343.55
1219.33
1149.05
1362.65
1535.19
1652.79
1395.32
1357.37
1255.95
765.482
1094.41
1616.22
944.213
1574.91
1618.66
1163.83
1492.48
1326.91
1464.83
1436.69
1048.54
1877.52
1540.86
1600.13
1723.3
1693.43
1295.53
1660.41
1954.96
2044.66
1946.9
1335.25
1518.76
1399.25
1254.8
1680.75
1451.31
1389.03
1773.98
1599.34
1544.04
1525.18
1931.86
1589.6
1491.64
1905.67
1754.83
1606.84
1642.5
989.722
1316.02
2050.66
1304.38
1569.95
1363.3
1643.08
1600.56
1783.04
1731.64
1392.07
1826.33
1480.44
1132.86
1914.21
1662.24
1197.22
992.229
992.918
1812.62
1807.58
1678.27
1169
895.258
1450.21
1990.08
1763.2
1024.98
1552.93
1768.97
2000.05
1619.49
1353.09
1726.12
1656.31
1094.41
1387.47
1099.11
1587.49
1337.46
2112.61
1151.15
1127.46
1993.95
1969.32
1749.42
1334.68
1528.12
1966.05
1967.91
1336.84
1727.63
1593.24
1679.89
1511.66
1481.71
1481.88
2037.13
1343.38
1184.92
1291.09
1278.6
1595.1
1918.4
1676.03
1430.13
1468.92
1785.33
1768.18
1274.99
1149.15
1653.24
2132.68
1413.92
1308.63
1624.8
1409.52
1491.92
1261.74
1280.19
1544.7
1834.32
651.98
1344.58
2195.75
1905.39
1284.62
1487.54
1642.96
1457.31
1640.98
1604.68
1043.66
1152.6
1451.07
1902.09
1395.9
1169.26
1444.57
1960.3
2192.29
1390.13
812.195
1513.49
1955.21
1848.95
1253.47
1204.95
922.585
1327.16
1972.26
1618.38
1268.33
1329.6
1921.61
1851.05
1906.47
1212.92
1093.7
2068.22
1503.44
1393.93
974.75
1537.15
1850
1338.73
1399.19
1294.76
1451.19
1348.65
2178.21
1801.62
1382.91
1563.65
2038.37
1671.21
1479.73
1614.2
1604.65
1531.88
965.801
1357.62
1467.08
970.094
1340.82
1469.89
1743.1
1984.6
1503.8
1721.48
1511.82
1666.76
1569.87
1424.18
1268.43
1575.25
1738.18
1841.35
1648.44
1693.13
1446.28
935.287
1188.21
1748.85
1155.49
1659.61
2013.5
1323.93
1686
1498.62
1811.28
1689.37
1321.98
1085
1069.47
861.654
1126.13
1129.08
934.633
877.359
1228.86
1198.81
1282.02
1054.62
930.39
1103.72
678.968
1002.55
1101.83
758.736
1041.77
1069.47
1099.22
925.448
1073.15
1220.46
941.498
1113.67
1147.35
994.718
1078.4
838.621
652.082
1243.3
973.35
949.208
1056.76
915.373
1077.57
978.848
1219.45
988.058
1007.14
974.56
697.326
1211.85
1179.53
877.251
662.792
545.401
951.383
1206.82
1185.44
948.462
487.416
887.08
1121.43
1288.53
829.69
844.727
1023.75
1205.51
1145.36
891.735
1008.62
956.739
929.335
805.411
707.563
939.409
956.063
1195.09
1210.85
541.182
1073.09
1334.26
1121.46
822.089
958.992
1176.55
1236.69
972.62
1034
1054.22
1032.13
1049.85
1073.8
829.269
1195.33
1128.85
800.724
854.52
818.557
739.278
1306.03
1151.61
1015.31
883.98
924.029
1152.72
949.769
871.417
858.774
1259.21
1082.65
856.524
1036.42
921.893
901.791
857.714
793.716
897.315
1137.24
846.998
573.491
1254.04
1312.74
930.772
822.549
1124.9
977.876
1016.26
963.538
1062.81
489.691
997.998
1021.26
1056.95
764.143
823.957
1198.21
1340.78
1211.47
559.594
816.093
1157.88
1207.73
868.066
785.742
671.75
744.82
1056.29
1252.54
820.878
976.158
1052.52
1150.59
1279.15
1033.17
778.607
976.791
1201.01
861.124
732.292
835.755
1227.49
920.321
896.663
950.688
906.362
776.1
1165.09
1306.92
922.756
973.766
1200.32
1156.81
1084.85
774.249
1170.45
925.1
617.679
936.777
973.035
827.621
640.67
938.192
1032.97
1294.79
1044.52
1156.57
890.399
1055.34
1005
1057.91
777.232
1019.75
938.087
1317.95
1178.97
1076
912.44
738.741
647.242
1014.86
953.63
972.082
1230.53
1080.6
874.995
1088.23
944.487
1036.71
1030.41
2346.08
2501.32
1896.74
2452.5
2558.8
2115.77
2062.21
2813.82
2754.65
2912.33
2220.53
1896.61
2358.36
1678.23
2322.56
2373.46
1797.62
2466.59
2381.37
2527.03
1879.29
2367.6
2773.81
2221.31
2532.43
2711.5
2478.92
2462.08
1815.53
1310.91
2682.16
2154.82
2162.66
2264.77
1993.75
2419.18
2203.24
2648
2132.98
2217.79
2425.71
1685.93
2566.83
2757.94
1998.68
1425.32
1190.5
2061.89
2692.43
2665.75
2095.68
1146.89
1913.1
2410.61
2765.54
1793.77
1846.87
2293.38
2794.38
2663.14
2008.37
2266.91
2502.46
2125.35
1678.27
1435.8
1959.69
2109.09
2558.42
2673.65
1161.14
2314.06
2971.43
2692.01
1890.33
2032.41
2571.22
2838.2
2380.31
2316.97
2414.05
2215.26
2303.47
2321.04
1823.63
2731.99
2482.39
1754.49
1853.5
1977.71
1723.63
2888.95
2626.36
2265.05
1876.74
2206.1
2679.36
2092.77
1945.48
1786.09
2765.4
2489.56
1978.33
2337.24
1993.61
2031.66
1877.58
1821.42
2045.25
2447.94
1926.75
1332.97
2779.05
2948.07
2070.73
1810.19
2501.51
2041.35
2337.18
2121.42
2345.01
1081.92
2332.24
2335.63
2403.5
1782.28
1685.15
2551.41
2909.65
2565.53
1246.12
1787.56
2693.35
2744.93
2082.32
1815.45
1352.85
1550.01
2410.56
2699.67
1886.75
2184.49
2299.04
2601.66
2785.05
2268.18
1616.79
2135.85
2747.59
1866.18
1655.73
1860.55
2873.64
2163.63
1896.89
2135.02
2067.49
1685.83
2603.67
2850.54
2109.64
2225.62
2736.03
2587.29
2334.86
1743.36
2592.16
2031.19
1299.29
2028.85
2191.54
1916.22
1486.38
2060.77
2192.22
2907.86
2378.66
2560.34
1989.87
2202.15
2278.15
2427.54
1882.03
2183.49
2092.59
2844.64
2632.91
2423.38
2085.45
1721.11
1398.61
2168.93
2186.12
1957.98
2766.93
2456.85
2011.66
2581.83
2233.27
2384.65
2378.79
