5.027
105.222
209.576
989.85
1195.25
1108.43
1619.03
1708.34
1395.28
389.025
29.687
541.107
1332.97
1266.87
1679.99
1558.49
284.636
743.111
1354.3
1195.26
228.153
181.783
1254.02
1024.49
1251.01
1001.14
591.337
646.9
1194.47
1411.78
1282.42
1278.96
1335.25
1280.27
1315.19
1335.49
1146.98
1231.01
1390.83
1178.41
1389.91
808.514
223.67
1299.69
1281.58
990.387
813.077
716.104
927.105
958.432
309.84
623.746
198.013
171.654
306.9
221.358
97.741
1040.65
1133.15
718.317
1360.29
1152.58
1243.88
1013.59
564.219
1137.94
735.647
970.781
478.165
758.915
813.841
1292.93
1387.68
987.711
1378.62
1289.23
1241.2
1441.77
1309.28
1222.46
1238.05
509.069
860.934
735.107
1234.56
872.523
896.174
960.807
973.356
1207.75
691.087
52.159
400.307
874.299
925.511
1096.5
1243.17
557.351
1497.12
1460.31
1112.31
1510.47
1530.55
1523.97
1445.36
1556.48
1364.59
1023.68
993.057
1323.92
972.78
1279.93
1405.54
1471.08
1266.99
594.537
804.255
667.66
1026.61
1418.43
1295.79
1404.05
1449.76
1339.14
475.372
559.159
740.449
1172.2
1275.89
1358.17
1398.36
1240.57
1249.91
1347.44
1399.74
1216.15
1315.34
1154.06
1360.66
1206.13
1239.51
1384.11
1174.77
705.463
842.377
1164.35
572.496
396.379
1031.3
810.338
920.957
547.526
367.27
589.093
775.879
512.039
267.831
854.136
256.649
40.07
18.223
7.052
8.204
8.621
4.949
14.436
5.296
7.097
6.5
35.421
124.362
67.714
6.558
10.664
10.479
31.322
53.384
22.727
21.219
124.253
357.645
728.967
1248.61
1090.83
318.55
104.811
581.634
1075.1
863.954
1113.26
932.379
955.053
482.671
427.93
735.515
989.373
1000.09
649.974
1182.75
835.434
974.082
6.927
121.496
282.055
1218.81
1384.41
1231.71
1871.97
1839.02
1340.57
307.593
23.569
823.562
1552.81
1603.87
1831.36
1615.07
416.002
984.787
1720.67
1249.8
170.957
347.686
1442.81
1232.38
1338.2
1387.94
781.623
810.581
1557.44
1682
1577.19
1693.78
1644.2
1583.96
1666.99
1590.8
1232.55
1394.49
1644.88
1489.86
1553.38
844.383
331.859
1540.37
1622.79
1223.28
988.363
813.758
1217.22
1170.28
324.707
842.3
208.742
307.143
297.272
233.404
205.55
1333.44
1304.93
933.659
1657.37
1477.14
1629.83
1278.81
630.078
1435.5
957.312
1196.43
478.89
1137.26
974.02
1503.14
1589.04
1226.94
1716.4
1621.18
1619.8
1821.68
1571.84
1492.92
1414.35
562.238
1049.66
951.518
1449.37
1015.95
909.447
1198.28
1084.8
1458.66
682.026
52.764
578.45
1017.14
955.331
1331.77
1326.19
730.526
1540.31
1791.67
1361.19
1696.25
1734.9
1741.12
1644.23
1802.23
1503.59
1115.88
1181.7
1657.62
1246.41
1442.6
1777.14
1792.06
1453.03
761.324
940.994
701.635
1163.65
1626.82
1476.68
1580.4
1487.68
1357.63
460.861
667.573
854.397
1306
1467.51
1453.26
1494.72
1239.62
1251.22
1335.84
1367.68
1345.75
1327.55
1129.62
1351.33
1331.8
1314.5
1403.98
1253.13
719.887
920.589
1209.3
580.651
443.28
1215.68
937.412
1110.98
594.797
557.822
642.645
835.658
620.16
351.438
836.389
243.929
40.377
3.851
5.503
6.227
4.791
4.803
6.691
7.161
7.965
3.044
56.926
138.155
69.504
8.136
20.827
11.79
34.665
72.534
17.719
27.614
264.159
391.079
947.434
1298.96
1224.14
335.199
141.635
871.894
1253.53
992.994
1184.31
1013.11
1134.1
454.854
576.117
951.274
1231.83
998.814
875.243
1378.81
871.554
1072.91
5.138
128.452
230.391
1012.88
1198.5
995.259
1539.53
1596.38
1197.91
306.088
38.168
614.371
1363.95
1315.62
1572.11
1499.38
366.465
777.803
1390.79
1166
178.478
404.415
1315.73
1094.4
1255.12
1071.51
673.778
711.903
1487.23
1527.06
1468.99
1438.21
1461.95
1349.4
1447.22
1316.58
1120.75
1288.11
1607.8
1273.3
1350.9
850.508
260.31
1263.69
1478.04
1142.56
917.58
755.757
1036.49
1121.14
313.37
675.48
193.987
231.851
312.823
215.787
152.677
1091.31
1076.48
794.986
1487.61
1228.82
1365.85
1106.71
590.819
1324.02
780.101
1114.34
462.323
847.93
857.65
1291.09
1399.31
1026.61
1539.05
1479.31
1374.13
1523.76
1328.37
1245.13
1243.64
498.537
966.24
794.816
1281.44
913.284
880.918
980.383
1021.53
1237.98
533.651
48.23
617.664
890.851
876.16
1150.29
1149.38
638.307
1473.8
1687.34
1209.07
1553.89
1578.3
1620.61
1597.84
1581.07
1397.76
1017.29
1046.24
1503.45
1030.67
1220.99
1489.52
1606.02
1322.9
625.662
810.636
592.972
1023.53
1419.83
1282.53
1309.97
1343.33
1354.75
469.33
556.453
778.424
1200.37
1319.13
1299.83
1259.07
1195.91
1111.12
1246.98
1266.93
1198.82
1192.78
1068.13
1304.91
1216.76
1289.66
1422.46
1231.11
685.763
843.446
1173.95
606.373
434.936
1074.44
904.983
1015.57
576.248
505.579
591.24
775.811
568.632
312.904
810.646
240.202
30.285
3.729
5.274
5.673
7.29
4.126
6.51
4.216
7.095
5.665
48.536
161.881
62.427
7.52
10.692
8.175
30.62
57.227
11.923
21.935
209.93
355.141
855.06
1369.47
1156.98
279.387
117.767
719.365
1131.75
910.924
1197.89
1014.35
998.76
454.992
504.131
853.634
1153.35
999.906
725.942
1337.62
825.126
1032.34
6.138
66.914
169.731
924.428
1228.71
1132.37
1413.76
1643.46
1379.9
423.825
24.4
347.72
1366.43
1303.85
1610.28
1645.38
305.739
796.863
1564.24
1495.14
285.122
30.251
1245.01
1044.19
1288.92
1295.54
739.751
636.939
1327.43
1588.21
1508.73
1415.27
1607.65
1413.53
1481.96
1468.06
1128.8
1348.61
1376.95
1398.35
1584.63
944.047
243.566
1243.55
1434.86
1187.57
886.293
868.897
1028.19
1072.28
464.04
610.986
290.51
190.834
402.082
235.109
45.917
1080.01
1192.39
782.813
1411.54
1338.92
1396.08
1271.19
700.924
1205.31
925.457
1048.67
564.268
844.569
1102.19
1160.98
1481.16
1072.41
1503.1
1533.86
1422.51
1607.66
1212.07
1158.63
1157.05
492.327
726.719
659.52
1153.8
838.199
806.535
803.866
950.155
1214.02
801.022
107.5
216.927
903.15
1006.4
1058.42
1363.18
553.026
1363.39
1497.09
1128.92
1506.4
1656.52
1534.46
1418.54
1575.86
1393.2
1023.02
1165
1434.06
935.135
1385.34
1336.1
1589.54
1372.78
569.354
875.007
681.924
910.214
1457.24
1416.81
1498.57
1622.34
1469.91
601.269
516.265
756.997
1213.93
1380.2
1465.95
1384.22
1257.27
1292.46
1399.82
1349.48
1402.43
1419.29
1255.45
1415.97
1267.02
1236.96
1288.41
1273.18
823.292
745.978
1247.89
690.009
398.937
1023.1
896.17
1043.09
674.343
385.812
664.898
766.5
481.591
221.466
844.247
346.015
42.524
6.892
5.785
5.616
8.657
5.647
5.079
5.208
3.566
3.833
22.407
170.595
73.167
9.559
19.36
9.823
26.353
49.436
27.079
17.893
44.375
478.24
675.873
1216.81
1231.41
381.379
148.474
565.087
1056.96
888.861
1101.49
927.329
891.251
643.034
459.636
744.134
1070.84
1136.29
687.277
1232.65
927.651
969.031
4.575
17.3
103.189
700.499
1163.2
1112.04
1145.72
1525.62
1525.57
648.265
96.47
30.394
1313.18
1140.38
1449.74
1500.9
529.927
585.998
1236.48
1384.22
507.053
37.747
854.437
1157.45
1305.85
1178.32
884.512
712.758
854.203
1434.26
1317.13
1200.11
1549.17
1351.88
1397.95
1290.35
1149.81
1280.43
1216.37
1283.55
1496.39
900.527
307.697
1091.28
1108.5
1117.28
835.63
883.16
852.282
1090.34
540.288
395.83
517.018
195.163
408.691
242.515
82.681
826.744
1211.94
912.694
1338.21
1302.81
1153.48
1191.82
785.068
912.077
977.148
889.621
699.669
696.567
1260.45
832.011
1326.68
1101.78
1189.3
1330.51
1231.12
1549.06
1427.24
1282.86
1223.77
876.206
680.491
577.443
1245.96
1249.53
934.647
923.796
1232.57
1147.96
1028.07
202.894
6.168
772.713
1098.59
941.369
1553.35
771.421
1174.11
1653.98
1165.37
1394.14
1598.34
1623.47
1480.23
1700.13
1554.99
1140.57
1257.05
1274.28
1079.57
1546.21
1237.83
1664.3
1600.75
749.501
787.978
899.678
786.007
1648.91
1591.84
1515.07
1559.34
1555.78
837.643
429.77
862.998
1146.81
1514.65
1410.83
1549.49
1468.12
1368.78
1379.9
1497.29
1451.23
1472.83
1350.17
1408.29
1279.33
1477.83
1352.62
1413.55
985.44
748.985
1344.15
1000.52
399.746
979.862
1133.56
1131.48
659.829
501.967
876.122
746.598
489.403
399.024
773.276
614.171
66.895
14.863
14.577
2.664
3.996
2.779
5.399
3.131
2.573
2.064
2.848
83.283
63.199
19.312
3.161
7.483
12.572
28.113
71.384
74.733
13.208
426.534
547.092
960.483
909.395
630.236
206.027
258.987
1127.33
1198.11
1270.01
1033.47
1054.21
952.351
287.375
705.991
1201.64
1266.65
724.379
1431.5
1050.59
1018.07
