2005.35
1541.3
1628.73
1910.8
1357.71
1854.1
1271.88
1057.93
1436.74
2157.91
2126.17
2032.37
1853.15
2025.19
1359.93
1543.48
1927.68
1305.8
1302.73
1610.88
1685.94
1773.19
1765.52
1226.35
1709.97
2527.41
1627.57
1514.8
1472.75
1996.52
1206.27
813.635
1341.47
1618.36
1652.09
2163.29
1713.02
1969.01
1491.38
1330.48
1633.63
1610.02
1310.78
1799.19
1694.54
1947.55
2187.98
1282.61
1432.77
1398.61
1237.35
1503.21
1310.39
1344.89
2017.18
1859.68
1986.8
1888.67
1973.86
1269.6
1362.16
1709.42
1518.29
1899.44
2040.71
1239.43
2078.41
1322.53
1737.87
1866.22
1831.79
964.704
929.175
1265.72
2093.8
2208.67
1750.01
1772.81
2060.38
1933.11
1759.12
1690.59
1447.56
1572.89
1525.25
1902.99
1116.64
2216.65
1445.39
974.17
1915.61
1932.46
1586.87
1697.81
1652.95
1793.55
1243.44
1589.24
1787.48
1668.17
1527.61
1732.56
2145.38
1870.8
1906.76
1429.52
1271.35
1403.88
1312.52
1400.48
1615.09
1229.62
1741.72
1886.33
1645.22
1690.78
1735.99
1369.92
1697.75
1625.55
1088.11
1238.43
1869.09
1964.04
1723.49
1656.95
1219.37
1873.63
881.342
1556.63
1778.87
2290.17
1216.48
1114.88
1382.38
1889.97
1985.54
1936.27
1631.18
1592.3
1942.76
1945.28
2193.31
1593.97
1435.15
1017.73
1280.8
1803.49
1945
1475.57
1739.95
1841.64
1785.38
2018.57
1762.02
1620.28
1331.25
1443.21
1176.44
2045.86
1384.38
1859.53
2206.81
2216.15
1491.01
1564.45
1545.83
1368.46
1133.68
1489.48
1426.58
1513.71
1429.27
1646.7
1819.41
1679.5
1762.95
1881.64
1405.55
1183.08
1765.16
1503.2
1467.88
1920.61
2080.81
1447.4
1344.05
1606.68
1969.86
1814.86
1637.1
1440.12
1640.42
1437.39
1455.62
1764.75
1106.13
1390.52
1317.86
1471.23
1553.2
1686.73
1290.83
1601.96
1876.84
1319.11
1295.64
1081.97
1211.04
1730.61
1817
1982.33
1683.65
1875.1
1469.74
1115.35
1851.85
1209.41
981.88
1626.38
1575.8
1505.59
1630.46
1783.44
1099.86
2089.07
2168.15
1236.36
1235.92
1556.43
1717.88
949.029
933.624
1625.27
1199.33
1677.28
1777.03
1731.15
1715.37
1032.29
1337.73
1682.68
1389.75
1318.75
1756.72
1430.87
2228.29
1929.72
1132.32
1252.47
953.316
1154
1495.63
994.933
1472.33
1981.77
1805.06
1707.62
2002.31
1501.59
1205.33
1421.82
1344.43
1388.15
1933.56
1560.53
1573.82
1580.71
1190.27
1623.7
1705.1
1252.8
741.131
974.796
1328.98
2258.66
1915.56
1750.47
1951.86
1892.65
1991.58
1437.17
1439.4
1491.43
1289.1
1755.01
1327.25
1358.44
2011.69
833.017
1329.84
1883.86
1608.96
1648.65
1514.07
1454.4
1559.01
977.402
1859.45
1507.39
1425.32
1452.5
1893.16
1973.33
1799.57
1584.11
1421.79
1082.68
1114.86
1202.94
1401.23
1114.6
1674.79
1655.44
1611.92
1665.04
1688
1340.86
1094.78
1850.35
1120.51
1178.45
1423.9
2030.97
1289.65
1739.6
1240.63
1570.64
1440.44
886.532
1284.52
2031.88
1867.9
957.176
1147.5
1507.37
1638.47
2062.22
1582.34
1577.58
1489.97
2054.14
1831.46
1820.55
1368.9
1077.88
989.905
1372.9
1853.86
1486.38
1391.24
1909.3
1780.6
1608.81
2154.89
1345.56
1202.67
1407.41
1120.99
1613.8
1592.32
1219.85
2223.46
2195.04
1729.09
1337.21
1324.71
1479.71
1024.71
1184.22
1221.01
1396.19
1576.04
1414.47
1817.97
1533.01
1467.69
1781.56
1674.26
970.413
1424.43
1371.2
1362.24
1628.84
1866.46
1756.74
1438.76
1005.6
1750.54
1908.68
1519.75
1549.05
1392.15
1326.91
1337.15
1251.33
1021.38
1664.72
1028.25
1333.94
1563.68
1597.04
1783.45
1524.19
1944.38
1868.34
1881.62
1406.8
1187.85
1292.28
2182.47
2018.65
2188.74
2019.62
2086.58
1556.04
1439.11
2091.5
1442.24
1134.75
1974.03
1765.91
1773.53
1901.69
1772.46
1266.18
2522.58
2237.57
1530.86
1439.45
1938.06
1599.94
1010.99
1212.35
1806.4
1578.31
2090.46
1964.2
2001.03
1754.83
1197.42
1630.1
1949.16
1524.64
1617.27
1848.78
1839.52
2448.93
1917.62
1268.01
1565.83
1167.11
1436.51
1607.22
1145.91
1865.8
2129.02
2140.81
2009.71
2183.99
1586.39
1405.64
1678.48
1616.64
1812.76
2200.27
1533.39
1978.2
1662.93
1372.62
1929.91
1950.79
1169.62
922.657
1242.87
1741.5
2529.47
2040.89
2016.34
2098.79
2053.46
2045.82
1539.14
1586.3
1621.76
1447.68
2195.9
1306.98
1838.43
2021.77
953.398
1613.62
2135.76
1914.68
1961.57
1790.66
1652.46
1826.56
1214.48
1927.69
1562.11
1629.72
1647.83
2073.58
2215.2
2068.17
1705.09
1489.15
1339.52
1345.45
1414.52
1591
1119.86
2062.51
2023.72
1866.28
1756.93
1906.01
1532.4
1483.51
1889.69
1269.41
1343.36
1643.32
2404.39
1320.04
2005.18
1399.72
1959.67
1230.99
1084.58
1542.97
2358.15
1818.4
1110.01
1214.42
1886.55
1997.19
2216.26
1794.07
1635.35
1768.97
2193.51
2172.95
1823.92
1605.5
1289.23
1210.79
1713.12
2111.29
1542.48
1633.89
1952.94
1977.56
1803.55
2307.07
1582.45
1257.93
1655.55
1082.06
2092.73
1617.04
1556.45
2492.56
2558.4
1766.59
1506.58
1531.62
1692.44
1147.75
1481.53
1514.04
1620.53
1721.62
1635.83
2088.45
1731.47
1892.56
2033.11
1856.48
909.972
1782.23
1580.46
1543.24
1845.47
2072.87
1767.06
1701.12
1211.63
1974.37
2081.27
1633.56
1655.71
1634.71
1560.56
1583.78
1564.86
1098.18
1752.63
1156.58
1639.32
1666.7
1847.5
1374.5
1087.27
1175.24
1392.29
938.789
1225.39
839.096
765.453
1060.94
1416.25
1355.14
1379.04
1322.98
1289.89
889.249
1141.77
1319.1
861.561
952.923
1091.26
1221.23
1239.7
1124.96
815.425
1221.1
1752.28
1091.51
1007.48
1005.63
1367.57
849.182
613.826
964.104
1119.43
1105.39
1524.08
1180.73
1319.33
984.202
933.11
1148.16
997.632
910.933
1278.78
1057.26
1349.16
1463.03
844.557
1016.24
970.53
876.754
1022.17
837.292
982.399
1379.3
1308.81
1330.54
1230.73
1275.65
903.425
1014.38
1178.32
1085.58
1285.68
1305.23
864.711
1387.59
878.751
1285.91
1291.84
1167.75
651.192
648.36
923.71
1418.67
1468.65
1154.28
1231.73
1336.95
1294.62
1148.01
1201.26
1053.71
1056.43
1090.88
1280.43
817.417
1589.12
862.918
724.539
1363.08
1274.45
1086.81
1142.97
1039.24
1249.38
790.99
1159.63
1173.65
1102.59
1030.89
1228.77
1526.99
1258.65
1306.53
1017.22
914.175
939.299
907.72
980.568
1140.46
854.469
1121.22
1204.99
1124.35
1169.4
1181.1
902.529
1200.19
1041.77
798.941
916.767
1262.09
1206.15
1298.07
1114.33
887.497
1187.87
603.761
1089.83
1245.72
1556.41
768.548
773.647
964.915
1299.61
1367.59
1371.03
1116.06
1095
1272.43
1265.42
1546.96
1093.14
932.23
785.588
922.325
1301.16
1278.2
1018.75
1219.17
1203.2
1196.45
1313.34
1133.76
1119.93
982.794
980.928
844.63
1310.36
905.616
1393.12
1447.04
1643.75
1018.61
1097.97
1049.24
941.384
808.276
1041.06
981.666
965.694
970.339
1174.58
1240.16
1152.75
1220.94
1310.51
899.021
872.338
1161.24
1054.94
1030.98
1344.66
1391.94
1095.52
897.063
1153.69
1322.75
1210.42
1162.53
929.933
1048.44
1030.78
953.086
1207.44
809.65
916.291
974.633
1014.18
1130.43
2738.17
2186.11
2528.5
2985.46
2016.93
2073.07
1709.84
1898.43
2556.67
3065.77
3028.64
2733.86
3020.33
2560.56
1765.12
2705.32
2260.58
1723.04
2327.67
2482.91
2589.78
2801.04
2545.9
1641.23
2836.73
3763.84
2139.58
2067.97
2188.99
2859.89
1654.29
1466.04
2436.23
2158.17
2540.6
3053.9
2885.41
2800.99
1919.59
2099.67
2682.73
2179.44
1931.57
2626.92
2362.55
3275.13
3158.85
1852.31
2149.65
1721.93
1794.6
2342.28
1716.15
2234.84
2988.91
3031.54
2727.24
3078.18
2630.42
2039.3
2017.62
2161.36
2267.94
3007.72
2806.64
2124.94
2915.46
1790.13
2738.6
2677.87
2266.64
1289.85
1332.61
2057.97
3303.11
3201.2
2679.43
2836.53
2780.5
2630.06
2402.72
2376.22
2332.43
2172.51
2650.44
2416.75
1920.19
3550.91
1443.28
1730.33
3021.72
2812.18
2522.48
2546.08
2326.19
2601.7
1476.34
2727.9
2158.01
2479.4
2232.68
2775.27
3358.2
2795.49
2570.76
2282.08
1904.24
1877.91
1768.6
2048.25
2349.01
2127.3
2589.96
2556.81
2687.59
2752.53
2493.65
1920.75
2583.23
1961
1800.86
2066.58
2932.44
2204.68
3010.12
2343.66
2027.47
2264.58
1610.02
2184.76
2435.16
3420.94
1581.21
1775.3
2177.82
2706.92
3073.96
2864.84
2376.88
2358.05
2915.8
2682.11
3175.71
2510.21
1769.65
1563.7
1976.46
2908.01
2897.93
2129.12
2357.74
2621.32
2653.78
3151.75
2349.48
2345.18
2132.59
2030.28
1895.64
2579.83
2029.65
3109.12
3193.3
3242.35
2127.3
2217.46
2330.06
1949.12
1913.68
2069.74
2036.5
2288.44
2218.33
2666.47
2656.4
2440.63
2760.03
2709.37
1876.68
2098.41
2238.18
2352.94
2218.94
2859.81
2954.24
2221.65
1828.65
2554.83
2817.12
2612.63
2646.44
2111.68
2164.99
2299.56
1905.18
2231.51
1978.03
1958.15
2151.83
2126.96
2631.35
