896.763
958.914
921.666
914.292
544.819
946.083
919.999
958.753
920.248
934.251
920.704
967.175
934.022
873.832
883.785
913.052
920.768
900.22
908.419
957.858
839.847
869.001
953.433
904.044
920.434
911.092
981.859
964.925
623.08
849.586
846.631
907.916
979.991
962.872
957.807
921.485
903.616
803.834
835.674
539.363
879.941
730.139
732.057
864.406
915.125
940.775
929.66
951.291
927.512
878.522
926.742
893.407
894.106
921.369
918.331
924.691
923.076
957.44
919.813
927.196
925.661
628.944
857.599
915.591
891.368
897.435
866.584
937.232
969.984
891.66
903.659
930.288
901.65
867.131
936.141
918.793
949.867
939.043
464.337
907.96
908.848
907.876
844.662
911.726
946.062
896.851
932.188
939.001
937.853
926.28
876.186
931.738
930.164
884.836
905.196
899.649
881.48
876.332
913.787
960.916
925.89
865.884
928.737
951.248
905.206
948.292
942.713
942.815
908.018
953.355
929.17
530.107
870.976
628.499
886.407
911.359
936.39
892.621
914.022
940.159
883.113
573.722
973.439
936.081
943.624
900.084
949.293
613.444
873.305
943.555
904.441
597.723
902.416
948.456
885.754
824.349
897.605
912.576
919.611
703.356
723.375
959.82
884.137
903.644
903.053
941.934
946.577
920.96
903.256
905.607
977.159
932.835
916.334
925.54
871.727
614.904
922.659
944.778
952.359
872.993
912.351
930.672
937.68
935.776
919.389
936.797
918.46
918.525
912.88
889.702
980.487
957.05
907.161
906.419
961.882
933.209
899.387
904.039
921.496
865.788
876.75
908.999
972.442
915.66
941.329
936.555
880.091
919.962
935.142
937.912
891.996
960.82
935.834
905.706
951.232
954.271
892.475
912.869
935.373
931.906
958.007
990.442
958.801
1000.08
952.174
583.243
975.78
981.977
950.464
964.646
927.305
1014
987.937
924.142
928.777
989.653
962.353
985.821
948.872
1021.71
950.885
881.172
960.32
941.28
993.573
967.325
958.285
953.89
973.534
624.239
916.761
949.294
993.518
1026.9
985.261
1013.85
1041.57
1010.65
904.066
972.129
633.852
1020.56
952.084
600.42
954.626
904.985
972.884
930.309
965.853
993.178
1003.61
979.264
992.667
998.266
954.887
906.316
963.122
920.365
963.016
976.226
999.034
935.465
745.313
951.655
969.1
984.812
905.898
951.419
977.908
948.599
903.752
909.286
886.078
972.992
963.93
1026
966.653
959.146
931.41
537.747
983.946
984.284
1001.91
879.266
907.214
934.2
997.304
989.003
939.918
937.539
1001.05
945.237
976.318
934.11
997.753
929.737
981.184
947.284
965.911
919.507
874.495
968.458
905.199
979.278
977.817
993.541
992.126
1010.82
949.878
988.637
1019.23
986.82
574.962
977.909
633.851
1020.02
1020.37
968.38
977.776
986.633
993.137
963.511
702.078
830.145
964.291
957.837
908.62
936.554
858.538
784.353
992.271
1006.37
645.052
964.924
962.616
944.443
974.309
955.78
967.716
1040.18
973.938
634.494
943.679
920.438
947.822
983.421
983.641
1002.75
980.131
980.197
986.875
978.906
1052.62
984.735
1022.44
935.698
588.22
989.283
994.106
985.307
990.377
986.216
962.357
982.664
1014.85
1000.99
980.29
988.958
994.825
1055.16
972.003
1008.57
967.949
1013.45
987.768
1002.15
1007.2
998.498
1001.22
1030.19
922.104
1035.26
1046.95
911.476
972.395
988.571
1005.44
973.798
942.748
969.817
961.07
951.784
991.64
894.405
952.67
980.024
965.362
967.47
924.372
973.862
942.242
975.872
947.312
948.193
931.64
929.309
534.113
916.732
946.751
950.148
918.712
989.973
965.043
938.073
934.824
952.31
974.415
887.236
942.139
952.883
959.355
903.254
867.117
912.79
936.651
915.694
920.571
913.741
931.911
955.098
653.772
932.859
846.007
903.279
922.704
918.831
951.526
932.063
950.419
846.504
958.195
621.3
920.107
962.386
546.662
882.103
896.862
937.953
959.868
912.779
963.086
917.144
952.65
995.052
935.697
941.88
940.088
955.068
939.963
916.852
917.664
909.592
920.028
743.954
856.982
878.723
902.908
855.647
959.006
974.238
911.262
956.832
938.044
930.387
949.577
909.611
958.414
968.148
969.171
932.256
492.684
902.816
940.191
949.859
920.487
907.648
939.717
967.64
903.353
977.832
949.558
980.931
1001.64
941.446
950.511
960.545
944.472
939.795
897.783
937.846
962.941
913.488
883.321
867.749
884.598
923.112
950.112
919.659
940.879
903.958
930.975
936.532
920.951
579.185
946.724
578.136
925.569
957.333
993.093
945.246
916.098
917.953
924.295
739.742
797.893
950.469
917.378
906.749
938.727
802.757
693.079
921.207
935.837
589.757
926.302
926.742
855.95
954.667
918.197
919.915
922.393
925.712
589.862
978.261
931.055
950.991
926.785
953.657
937.767
935.1
973.696
921.107
962.537
997.24
939.855
975.187
929.23
544.973
900.762
923.01
948.566
981.255
970.988
981.939
946.343
923.185
937.586
987.354
940.743
917.908
928.227
955.551
922.812
932.216
957.495
940.526
924.983
942.553
944.475
952.044
910.885
895.385
985.494
880.941
948.134
944.614
917.946
948.137
919.914
935.554
952.625
944.601
925.173
933.462
921.554
958.439
948.291
936.475
916.018
965.52
976.051
943.689
938.62
930.502
907.506
932.489
759.895
618.919
958.171
946.391
872.143
890.189
882.808
952.654
940.275
938.995
944.309
980.624
963.177
951.172
976.591
927.021
947.511
896.923
931.491
892.206
930.991
953.273
898.832
973.867
974.777
631.002
897.791
935.486
1019.36
994.63
932.003
957.681
985.092
957.382
828.776
990.161
619.485
955.023
619.445
880.498
875.482
878.084
922.146
934.025
902.994
954.043
994.367
934.085
952.727
983.333
979.954
1036.38
948.308
914.416
972.329
987.68
937.667
948.854
699.894
939.76
990.062
919.644
939.149
940.534
976.283
975.443
933.987
1021.53
957.695
957.841
928.69
982.989
936.531
910.149
865.519
589.165
1015.75
938.457
943.355
918.897
994.76
952.957
957.87
972.733
959.657
914.927
1004.82
948.006
978.535
1008.23
945.229
995.394
940.12
949.661
962.785
981.32
1013.89
944.861
894.095
947.591
963.898
943.162
933.314
965.964
929.593
988.231
971.005
760.708
635.649
844.185
752.294
967.046
945.625
945.789
921.498
975.447
946.227
979.331
634.354
985.638
928.865
976.895
942.24
951.72
626.583
956.623
969.923
984.481
657.066
947.459
909.566
882.928
874.941
957.522
953.398
974.778
692.5
847.975
957.798
905.872
985.001
918.503
963.521
951.855
962.697
911.497
951.755
971.476
930.001
990.34
940.775
828.385
737.908
926.679
945.022
943.755
969.568
969.007
951.978
978.986
1026.86
967.988
1001.69
1015.2
957.882
991.325
942.684
976.186
951.162
929.745
952.575
992.169
953.137
950.092
941.222
986.432
939.231
992.097
969.206
983.277
943.796
963.966
935.938
939.194
994.822
962.382
948.044
938.844
967.177
970.737
954.09
958.531
978.481
945.81
967.4
962.861
971.608
936.186
941.6
919.483
966.452
775.398
696.267
944.875
934.052
924.918
953.36
950.625
907.283
944.773
926.574
917.313
938.648
929.015
923.389
936.672
956.71
918.184
889.751
955.82
962.476
933.334
957.611
911.853
915.97
964.144
619.349
830.934
846.336
871.021
955.296
995.404
1033.63
1007.09
1021.18
918.403
1012.26
609.275
1018.23
608.816
902.408
942.05
905.998
974.661
966.69
938.085
957.016
927.432
995.11
953.798
961.615
978.65
1027.5
942.219
977.947
963.158
1037.87
942.419
951.699
695.665
947.428
948.777
925.046
915.521
898.033
964.212
962.414
931.027
964.057
960.13
949.549
894.447
952.544
936.525
970.427
835.17
617.845
916.996
957.596
928.025
914.724
990.901
943.499
958.717
930.897
1001.35
905.309
955.658
970.502
892.976
915.235
937.997
996.831
978.932
1005.96
943.115
999.75
955.226
999.997
892.016
934.986
948.796
952.168
954.085
933.855
906.871
930.442
916.239
790.546
744.142
838.705
791.447
949.393
904.565
939.551
982.331
910.304
912.932
947.772
585.85
942.985
908.417
906.991
912.425
920.638
534.464
909.373
895.024
933.228
652.01
927.268
917.799
849.726
910.332
884.682
911.326
930.5
636.405
933.12
959.458
880.328
923.688
895.405
952.951
971.251
904.95
950.236
957.577
883.428
955.493
916.963
915.756
725.409
740.232
905.273
932.057
952.336
972.817
900.855
976.845
891.976
924.161
904.781
974.605
935.713
910.095
904.268
936.34
949.978
918.787
919.558
964.342
936.575
923.346
909.501
918.342
914.336
883.871
900.987
964.229
934.371
943.126
907.968
919.156
916.249
983.817
932.449
963.172
959.611
965.812
927.69
951.711
926.751
896.255
945.556
954.131
958.583
948.657
865.827
