538.223
581.413
539.104
567.012
563.176
560.466
564.768
586.841
558.761
592.147
572.202
584.571
534.122
562.231
555.351
546.536
526.399
491.13
329.322
531.155
540.165
524.683
553.904
565.524
574.665
585.254
599.568
572.765
566.883
569.396
520.55
528.032
575.342
558.747
551.838
615.518
557.941
580.85
593.714
577.417
588.702
600.935
570.383
335.106
594.423
555.666
545.731
603.427
616.852
599.583
621.53
589.795
611.471
342.86
631.907
566.93
616.082
470.762
573.076
575.444
563.46
609.236
597.065
549.659
585.261
574.178
595.274
599.345
596.341
411.404
545.715
620.547
617.608
635.043
605.229
591.326
594.903
628.651
594.732
575.001
622.746
621.469
582.424
605.817
590.676
480.03
603.95
629.219
583.966
587.091
593.301
582.632
594.339
592.74
570.561
510.52
449.067
584.202
625.91
613.819
593.959
573.194
506.881
598.491
511.024
615.969
621.764
619.756
606.688
587.239
594.991
588.826
600.188
611.051
613.489
607.118
585.332
653.596
639.674
520.368
606.462
582.403
598.951
602.144
599.831
623.058
576.467
576.334
607.667
588.479
586.314
598.126
606.505
597.773
640.536
575.67
616.833
368.21
590.504
546.184
543.64
579.704
513.216
606.738
628.352
627.543
531.383
601.265
429.388
610.885
597.04
574.714
592.95
589.886
615.915
592.818
588.728
349.034
611.952
623.092
575.691
619.636
587.001
547.179
609.167
624.026
614.269
588.205
600.38
572.946
369.18
624.455
641.046
619.318
627.867
507.784
612.451
586.351
623.948
605.164
612.597
611.376
610.991
597.37
594.64
528.297
568.965
540.302
615.796
571.603
630.87
419.713
561.453
618.857
616.454
610.75
580.493
540.745
625.155
593.03
634.191
619.643
619.076
595.419
601.488
638.878
561.035
598.215
556.265
587.908
589.782
593.55
580.257
570.416
618.561
607.019
568.309
626.022
582.392
355.805
578.225
575.842
617.05
644.622
627.79
638.098
611.369
636.89
630.931
684.387
621.867
611.708
632.744
645.183
639.234
638.458
616.81
630.837
650.4
638.229
614.213
627.192
613.971
522.916
429.394
638.23
567.364
639.53
643.422
660.409
668.51
646.337
646.416
617.033
372.543
656.346
653.076
667.926
551.75
674.934
664.716
659.458
683.75
634.169
640.605
651.916
621.059
635.759
647.315
656.947
369.46
604.925
625.949
669.71
631.915
603.766
678.813
652.85
662.502
614.374
623.841
606.786
633.679
651.841
616.846
649.601
494.702
625.011
654.202
668.679
653.767
611.256
643.307
681.766
661.699
654.064
389.624
660.346
666.185
650.876
656.988
680.537
682.226
568.86
566.701
634.132
640.838
668.318
663.824
661.516
626.899
646.605
668.414
689.46
648.842
677.472
695.975
647.296
706.178
597.647
592.713
658.73
641.221
659.592
616.819
672.313
652.702
652.28
670.385
641.076
649.368
638.079
637.584
669.853
672.022
658.388
651.867
652.556
411.92
675.349
553.186
657.638
638.751
555.589
668.641
630.874
658.518
569.83
639.691
506.95
673.438
653.489
670.848
611.77
644.073
642.86
681.221
482.917
562.451
670.154
642.588
632.371
636.634
645.642
654.522
689.262
677.084
685.287
641.064
642.519
644.041
419.685
641.654
661.7
654.634
655.272
558.132
613.911
657.294
654.566
656.104
644.332
664.206
638.213
647.62
627.166
565.999
657.858
564.427
551.071
693.776
682.68
381.264
642.912
670.454
663.487
646.995
578.383
644.451
641.006
636.767
637.366
517.247
583.436
544.803
540.487
568.361
574.829
610.832
542.925
589.124
612.506
563.203
578.978
572.777
560.737
560.823
575.07
569.77
545.397
313.62
555.519
545.621
571.971
559.359
616.314
597.673
580.345
636.388
568.954
585.722
557.363
539.673
600.533
571.418
601.988
546.547
615.991
615.554
605.894
658.147
576.039
596.19
613.668
598.191
344.037
613.321
497.663
614.443
611.957
600.201
600.363
607.226
608.465
582.984
344.431
575.444
598.887
607.862
473.83
565.23
644.854
602.59
597.352
594.262
607.99
628.342
593.852
607.879
607.904
609.359
375.409
601.432
584.907
602.773
627.582
603.725
604.34
597.697
585.968
645.507
627.252
595.261
607.91
618.849
618.7
624.295
483.312
594.349
592.121
594.605
614.769
594.71
604.96
633.068
604.416
616.385
417.444
565.948
603.225
612.924
620.051
601.924
622.901
539.095
607.499
547.463
620.246
608.275
612.747
631.089
620.196
661.427
605.632
624.779
620.459
626.861
653.369
644.673
636.464
596.437
522.211
623.133
611.631
620.319
644.489
632.084
598.438
623.361
627.764
634.767
602.561
602.515
612.886
633.687
639.452
640.302
635.002
634.515
390.174
644.823
549.667
645.528
646.057
544.009
582.612
585.164
633.163
545.454
617.581
485.096
597.881
599.469
596.394
611.062
633.616
624.533
613.273
569.141
418.836
601.211
578.405
642.373
602.989
611.44
601.487
599.867
615.09
592.777
612.531
637.412
525.401
342.746
585.092
603.027
633.293
633.254
548.962
630.257
598.647
594.169
607.209
602.777
574.53
607.393
578.541
636.061
518.003
614.289
513.537
581.993
582.856
627.495
381.025
628.383
625.792
612.913
665.13
541.284
612.685
616.551
649.232
620.103
577.478
589.962
537.697
553.144
590.224
590.111
567.354
595.304
592.608
580.163
596.514
554.794
595.929
573.754
581.538
594.679
567.05
356.379
579.823
526.119
498.338
569.993
611.473
588.12
590.564
597.956
579.122
599.74
563.022
551.134
590.097
624.976
642.36
662.402
631.563
586.071
592.674
611.683
590.65
589.487
660.087
612.236
357.254
622.151
575.77
566.799
619.18
606.953
622.113
594.2
631.861
642.531
366.787
633.495
625.978
579.396
525.825
586.99
611.482
620.316
599.062
603.318
593.609
615.185
629.31
607.749
603.486
621.622
376.97
630.842
615.472
597.88
643.455
621.79
622.496
683.623
618.026
638.649
607.724
624.214
649.07
618.627
623.969
636.97
482.239
607.363
626.542
634.984
609.546
652.494
626.808
625.1
621.911
621.69
519.495
495.472
603.372
616.414
652.053
638.287
641.49
514.094
668.645
548.657
653.522
632.695
643.197
628.717
636.223
652.113
658.855
654.631
618.911
639.557
652.293
615.09
640.342
627.219
524.405
655.336
650.721
646.129
633.096
667.277
638.692
634.912
654.424
600.165
630.188
640.302
697.429
660.252
624.081
640.998
628.827
629.103
381.483
638.258
574.88
608.684
660.526
542.94
646.457
647.869
625.694
529.005
574.734
483.664
623.65
600.261
619.359
610.236
633.235
629.176
614.387
636.755
414.029
620.649
642.881
594.08
637.761
634.882
631.345
646.215
626.977
662.043
607.674
608.692
580.121
384.605
607.842
648.409
636.456
610.245
528.393
612.008
622.954
622.612
628.3
627.345
595.76
648.408
641.121
649.566
535.72
638.054
542.124
654.991
557.274
600.36
472.605
532.055
665.447
642.934
629.007
599.132
573.907
600.708
610.931
617.54
618.606
545.252
580.638
541.79
564.957
568.358
585.884
596.9
516.928
548.148
567.269
573.475
590.262
527.092
491.762
568.508
546.458
565.483
451.01
420.364
572.116
544.99
581.316
559.586
528.25
551.161
543.627
550.294
577.493
584.071
559.249
614.069
599.157
668.486
588.126
589.363
594.56
623.501
600.419
591.643
620.486
603.776
613.587
432.341
509.356
600.124
458.041
593.571
595.858
592.463
627.946
627.868
614.307
516.225
381.184
598.005
578.043
607.103
505.829
591.722
620.999
628.785
598.162
588.75
611.198
608.865
594.015
629.187
614.427
591.718
369.316
626.567
560.907
570.953
615.919
587.235
611.789
593.68
611.296
637.647
617.048
572.099
603.706
609.373
612.328
606.077
490.247
605.016
623.167
608.878
636.994
581.518
632.657
609.831
582.46
639.073
385.868
601.066
608.736
591.731
601.666
633.736
640.818
527.727
535.202
626.763
580.58
610.772
579.263
607.47
589.743
623.725
604.462
604.993
607.926
651.981
584.423
592.432
599.212
518.902
596.268
639.207
599.256
599.053
588.049
627.456
602.321
613.869
585.714
616.063
605.158
658.519
623.22
629.169
597.395
609.464
599.178
578.197
425.327
615.721
528.614
618.032
602.42
531.99
629.735
586.416
556.834
618.453
554.967
549.417
626.583
612.845
644.998
611.747
630.313
605.011
648.808
372.241
653.213
603.634
584.511
661.977
624.23
649.462
631.356
645.606
627.982
647.054
623.261
622.417
474.553
485.543
605.141
593.187
625.264
624.901
594.645
643.864
628.56
596.071
638.173
632.849
608.7
607.204
608.89
588.566
543.053
637.269
551.27
536.981
604.301
637.546
360.038
579.591
580.635
630.873
614.566
547.534
635.094
646.384
604.565
602.796
