669.433
689.914
684.795
710.818
719.737
677.826
655.198
682.249
653.538
670.245
673.437
695.565
675.103
656.537
649.413
672.913
686.229
393.894
716.24
634.585
695.719
652.971
686.736
641.839
418.06
419.542
677.652
689.992
677.083
654.457
668.575
648.962
665.492
674.808
675.113
659.036
639.191
669.773
702.52
679.279
728.297
623.66
697.239
674.406
671.84
692.678
647.379
638.783
673.769
654.687
659.857
593.724
552.765
670.076
722.925
376.781
681.106
653.105
641.098
673.312
625.838
653.437
660.181
665.406
695.264
690.707
632.673
700.815
660.414
659.604
671.527
693.509
678.785
681.114
670.245
682.639
636.847
670.639
694.366
653.462
668.638
685.652
625.277
684.778
683.732
707.47
666.628
708.173
667.507
656.698
668.475
405.976
412.1
676.112
651.691
679.951
626.581
699.564
657.063
630.136
698.703
682.294
674.708
669.533
676.035
697.03
688.934
663.284
658.48
390.176
685.707
689.205
610.038
674.041
677.788
643.613
657.121
683.968
690.053
670.317
672.602
643.036
635.075
681.74
687.144
686.897
674.268
671.746
686.037
414.901
647.49
651.535
704.364
666.491
648.868
680.057
657.612
690.979
650.274
662.802
420.809
708.566
674.903
678.1
629.348
672.958
648.651
618.938
640.436
695.943
622.033
666.292
661.207
690.185
654.386
703.218
667.964
650.614
676.445
647.921
652.685
660.989
689.585
680.371
668.538
723.675
566.697
677.765
705.923
670.086
688.505
707.138
654.515
685.665
652.945
651.995
690.884
674.612
674.227
648.847
695.007
661.925
665.055
678.236
699.817
680.385
676.579
592.492
678.386
570.756
534.158
412.7
661.08
636.714
671.094
688.967
650.688
639.929
480.887
314.303
557.707
787.73
763.65
705.974
757.365
726.857
682.804
700.913
726.404
748.658
715.843
768.709
728.246
713.446
743.501
738.579
721.378
782.595
704.394
558.029
736.061
751.859
739.517
734.539
750.542
488.398
560.993
665.077
720.583
746.615
732.599
726.178
738.537
735.072
754.597
742.788
756.886
723.416
772.407
717.042
723.493
712.799
734.867
748.131
731.334
716.683
716.36
725.912
746.979
751.775
723.505
726.885
724.211
472.715
756.722
696.272
427.408
667.783
773.269
755.952
746.715
733.291
764.581
768.814
730.986
736.997
760.028
735.16
750.669
763.353
748.621
753.299
737.646
734.262
701.496
742.334
738.963
736.571
723.022
781.927
776.069
720.784
738.349
733.261
718.278
780.43
727.627
756.144
721.71
710.895
696.715
719.3
585.72
596.949
506.424
725.013
751.179
714.266
743.53
728.911
736.545
739.335
726.498
705.303
764.559
717.153
735.164
748.103
757.863
745.072
726.467
430.387
730.008
722.245
726.524
734.285
755.986
702.723
713.731
722.803
732.353
742.035
751.22
714.399
772.798
700.302
742.15
731.862
705.29
736.539
442.94
701.426
715.317
771.798
743.333
720.843
752.37
718.183
741.62
679.026
730.749
704.564
462.115
725.964
730.283
728.755
722.003
701.485
744.511
722.967
707.258
746.905
677.661
671.531
725.131
781.155
697.213
766.215
678.433
727.011
722.897
733.229
709.228
737.839
793.752
736.373
743.117
625.924
743.289
744.302
703.312
746.122
681.754
744
730.126
737.713
752.937
774.575
760.716
749.286
777.741
737.511
742.631
724.235
772.619
762.047
709.54
715.443
686.088
674.411
718.586
450.423
731.087
450.565
765.704
765.531
701.734
735.319
730.777
748.098
411.635
500.185
712.338
653.931
675.093
680.51
669.782
680.964
671.422
637.157
654.976
696.056
676.565
709.407
673.564
686.189
695.525
703.262
730.814
431.26
667.114
661.385
714.861
658.504
674.769
671.53
433.732
410.149
687.418
685.757
691.095
701.455
686.226
678.994
694.227
717.464
696.79
683.969
703.867
675.282
671.223
705.198
700.413
667.001
685.715
719.178
689.479
686.272
647.035
683.973
710.366
651.567
686.278
591.365
547.2
661.132
683.034
382.004
681.721
695.796
656.536
704.4
670.052
661.369
646.434
696.221
695.371
665.056
714.143
738.926
670.06
704.265
722.883
700.621
679.143
716.241
694.216
624.864
629.117
709.712
700.312
692.819
713.051
693.502
680.616
667.676
679.561
693.623
655.933
691.323
661.841
698.236
716.53
404.798
466.463
702.405
666.668
680.485
679.512
677.061
707.714
690.391
694.149
726.497
706.391
677.584
702.764
686.769
690.349
688.469
710.435
443.306
637.469
692.097
689.611
706.8
711.949
658.939
730.474
704.598
716.617
703.25
708.356
681.026
697.251
726.835
747.025
692.813
681.455
707.347
639.6
409.809
656.636
729.362
670.368
697.237
696.642
695.543
689.095
667.254
669.551
713.418
415.215
703.237
723.325
700.831
635.316
720.727
699.327
668.523
709.492
697.266
634.124
687.616
681.612
725.77
738.415
674.189
696.785
647.849
677.608
737.496
681.313
702.921
672.327
692.799
665.72
698.535
570.855
717.061
684.242
696.261
644.73
693.407
664.65
678.324
687.792
660.448
646.299
706.037
665.982
687.849
699.879
730.315
693.291
680.497
665.014
685.912
692.294
596.836
689
630.569
514.046
425.624
647.964
692.198
664.759
687.28
672.163
710.789
497.194
286.006
607.484
669.967
677.03
716.268
690.745
712.142
721.813
692.74
705.897
729.918
687.811
709.411
722.5
641.26
713.965
712.958
701.622
692.095
446.624
727.151
687.329
658.785
691.056
722.854
698.49
445.713
456.94
714.202
722.776
667.119
696.635
702.525
743.367
718.354
686.426
696.788
714.967
714.455
673.961
709.291
660.871
640.143
686.042
698.9
684.252
695.592
698.587
701.041
703.368
718.278
684.365
702.834
563.431
571.386
694.682
710.602
378.146
699.227
660.031
699.53
676.611
689.121
686.869
727.107
679.601
662.71
697.796
678.932
675.584
668.093
680.486
713.702
689.33
719.342
678.353
640.562
715.24
674.146
718.145
686.374
673.953
675.098
683.55
665.971
676.819
686.738
699.612
714.592
685.686
712.661
706.44
679.962
413.388
450.476
723.209
702.991
672.381
667.591
707.598
673.677
712.746
715.384
661.622
713.971
695.262
669.422
694.29
690.785
678.104
686.915
397.434
698.794
699.49
671.952
705.299
690.537
692.859
695.042
711.81
720.924
711.451
680.295
714.342
690.268
670.316
674.411
700.647
730.203
724.075
692.871
419.349
691.594
684.213
680.424
692.982
690.529
741.62
717.733
676.234
703.952
692.18
408.897
693.937
716.551
707.868
673.691
720.219
699.503
715.069
691.239
732.222
683.46
592.04
645.188
705.487
661.054
650.3
636.406
670.133
712.502
707.38
682.712
712.847
683.193
707.524
689.373
674.936
615.664
703.432
712.551
697.457
658.873
701.614
669.372
726.198
705.367
699.537
688.883
664.605
720.29
700.264
690.68
728.075
708.17
699.065
673.718
680.692
664.797
674.886
712.756
473.57
628.368
436.459
729.161
682.97
702.765
730.517
707.267
757.269
440.844
438.064
534.528
718.397
733.04
687.031
726.297
719.812
737.884
715.901
688.729
717.425
715.961
693.281
702.358
726.506
695.194
732.999
689.292
667.404
476.794
619.09
742.996
680.917
698.027
736.13
684.509
460.685
485.284
693.84
684.807
717.279
661.88
730.205
683.282
731.309
684.905
691.93
691.538
693.28
712.8
726.97
658.213
675.525
635.301
696.174
679.056
696.786
690.065
696.288
692.971
678.955
695.146
692.774
698.318
469.04
688.377
696.125
379.73
694.639
688.007
663.57
683.216
700.586
674.756
700.089
660.88
693.311
684.102
683.085
695.722
681.472
671.009
673.133
691.904
682.224
690.61
697.368
650.299
685.908
671.168
707.447
687.692
671.327
698.723
737.479
646.517
651.789
687.798
722.889
719.133
709.757
673.214
699.054
427.44
573.769
555.854
731.751
702.646
677.714
672.069
712.288
712.44
696.554
675.142
662.419
689.882
702.941
663.022
699.321
678.898
669.334
573.772
517.711
702.812
670.085
677.296
694.157
669.863
662.919
692.349
680.502
691.129
689.376
680.927
682.574
679.953
677.785
673.499
684.556
652.86
679.648
431.426
641.999
708.499
666.359
690.886
721.557
685.724
683.045
668.072
663.643
680.009
562.994
521.37
705.577
668.938
679.508
653.036
693.22
718.797
693.178
681.756
631.123
692.836
664.066
651.863
657.508
645.998
643.841
645.249
677.231
703.54
637.897
678.804
708.578
669.393
670.641
640.541
564.329
659.972
711.495
674.372
632.709
657.88
688.828
717.725
684.46
675.426
670.32
674.281
694.76
699.131
729.59
675.796
696.208
675.547
701.096
662.221
702.862
644.3
643.904
658.806
399.533
595.155
520.86
710.795
705.126
682.541
691.808
655.079
657.446
315.142
614.469
