1315.47
1020.75
1215.59
1228.31
1081.88
1104.26
1755.57
1462.97
1391.26
1623.57
1510.57
1465.2
1486.72
1553.61
1549.38
1710.48
1741.9
1454.2
1566.79
1437.21
1108.71
1187.4
1264.19
1121.58
741.817
1512.63
1571.55
1668.59
1635.28
1551.36
1561.31
1559.19
1616.79
1645.76
1426.16
1753.74
1748.12
1315.39
1348.56
1493.88
1405.4
1236.01
1283.43
1265.68
1391.6
1492.32
1407.74
1133.56
1307.5
1221.34
1255.26
1545.91
1612.6
1468.81
1521.89
1770.05
1639.16
1696.62
1476.05
1604.78
1595.77
1532.07
1591.82
1482.28
1618.78
1605.05
881.223
1075.46
950.824
1090.55
767.771
854.42
1178.58
1219.83
1448.37
1918.47
1645.16
1520.5
1462.75
1043.86
1462.34
1622.04
1651.42
1455.88
1534.31
1777.22
1631.21
1494.8
1212.3
1251.59
1021.34
1320.85
1357.59
1177.38
1453.4
1771.82
1610.34
1559.77
1626.48
1560.13
1367.44
1485.61
1325.54
1468.52
1375.36
1614
1354.09
1372.21
1669.96
1741.9
1501.05
1545.48
1485.63
1365.58
1388.11
1040.64
1304.82
1143.83
1298.4
1486.11
1637.71
1588.65
1580.9
1610.84
1569.23
1759.85
1769.79
1448.94
1527.85
1567.63
1140.14
1223.25
1180.14
621.462
921.965
1374.21
1670.13
1585.09
1506.69
1598.77
1602.89
1543.34
1465.71
1485.59
1616.5
1765.08
1645.94
1641.02
1599.57
1498.68
1494.51
1616.22
1565.3
1571.84
1553.24
1757.94
1623.39
1421.59
1227.74
1238.56
1165.17
1193.17
1178.82
1153.08
1105.54
1566.89
1461.5
1260.62
1361.9
1383.32
1529.73
1671.48
1654.7
1394.21
1241.29
1565.85
1299.48
1223.85
1066.98
1575.04
1547.89
1459.88
1624.3
1592.36
1523.4
1890.8
1686.17
1600.15
1414.49
1583.38
1608.53
1526.48
1338.59
1449.13
1482.13
1709.7
1656.97
1492.84
1564.14
1457.8
1554.65
561.68
1056.98
567.928
600.819
1252.83
1085.81
704.577
592.509
808.488
764.24
720.19
682.011
728.429
756.388
956.433
1013.35
640.532
825.249
730.424
524.398
665.199
526.102
623.681
409.76
879.643
896.659
845.799
770.727
748.255
647.936
751.004
840.644
686.364
720.152
1004.53
1039.24
646.89
673.718
714.337
660.362
718.181
633.208
655.384
706.964
827.221
1050.93
507.945
574.6
727.59
489.821
749.553
792.582
691.131
740.406
980.673
997.051
755.348
694.04
793.083
769.629
703.662
725.118
763.778
807.141
804.314
769.429
513.926
617.592
1513.49
454.603
894.135
605.8
647.05
1276.09
1070.35
919.359
802.073
696.211
528.107
703.887
781.822
762.967
797.499
688.984
973.39
1001.39
699.629
612.379
621.256
489.651
710.728
661.231
594.243
623.14
1063.53
991.107
741.2
739.196
778.027
732.653
689.962
715.288
627.749
688.346
1033.91
928.183
559.488
829.147
796.003
701.777
783.226
667.401
775.216
567.839
730.145
753.915
687.065
627.797
680.965
751.625
756.21
763.337
773.24
788.692
927.566
1040.38
778.168
730.326
753.697
629.473
573.595
654.059
372.485
469.729
814.19
958.888
764.124
667.78
832.068
745.213
794.658
637.427
718.952
819.949
1025.62
943.742
792.512
741.925
752.658
731.831
769.185
708.105
746.085
776.259
930.705
1049.53
599.09
717.767
561.028
632.909
508.686
617.082
676.344
475.482
983.492
864.219
708.988
659.295
641.485
746.099
791.657
664.059
803.255
606.852
779.792
955.653
623.175
535.625
747.08
732.155
767.173
712.284
815.093
747.228
977.076
973.78
780.519
757.438
765.762
729.697
775.578
669.147
691.555
808.359
934.493
1042.63
717.386
739.553
679.87
772.971
722.462
567.106
536.773
590.934
571.291
729.376
969.563
631.99
701.793
780.92
732.584
699.161
730.607
761.254
782.597
814.426
983.5
711.205
671.197
740.082
544.8
556.49
657.33
545.735
346.77
888.721
924.852
780.917
678.79
753.967
750.272
769.308
719.734
744.518
712.647
927.376
926.637
689.807
659.834
635.56
695.308
749.771
536.244
685.973
690.453
830.146
868.008
492.65
589.686
674.615
540.866
736.5
783.112
656.169
820.127
972.797
766.305
779.895
789.013
786.107
644.724
763.114
738.879
779.302
742.514
828.19
617.022
600.498
492.591
576.13
332.082
505.176
564.382
682.147
650.183
1031.82
934.769
829.941
636.17
494.283
697.813
731.039
764.285
753.472
769.212
874.313
938.78
725.045
543.475
639.499
535.478
625.381
664.46
606.679
711.755
930.138
899.321
744.621
813.827
740.297
669.343
706.732
636.119
685.841
726.769
878.983
821.875
661.307
826.821
755.196
772.844
725.783
726.053
675.346
612.858
691.137
720.905
631.519
534.381
833.94
757.777
672.244
721.865
789.931
805.519
951.819
832.524
794.86
835.858
708.032
522.705
718.043
473.955
450.981
361.216
920.243
873.693
723.07
721.032
776.625
767.106
629.564
776.475
780.134
797.08
863.616
932.06
808.519
742.185
706.327
795.265
808.144
657.955
760.866
721.805
1046.65
790.083
687.31
685.701
570.305
619.231
449.493
719.564
532.841
574.106
845.068
824.637
674.282
690.83
633.279
648.667
889.803
757.392
631.053
604.828
873.034
764.79
577.668
559.984
708.545
763.707
691.103
786.056
740.833
704.216
1009.63
996.936
684.005
700.871
785.502
837.852
714.124
604.505
728.385
788.148
897.728
949.53
719.148
785.72
743.944
699.318
701.822
1967.46
1581.85
1757.37
1823.79
1675.52
1536.85
2347.11
2333.67
2119.7
2434.91
2336.85
2208.47
2226.62
2394.89
2399.24
2373.47
2400.15
2233.7
2423.91
2133.01
1707.11
1775.43
1676.53
1634.72
1186.41
2127.53
2449.54
2495.28
2555.88
2211.03
2438.95
2337.59
2437.1
2504.61
2275.84
2542.71
2428.66
2070.53
2159.18
2033.46
2189.25
1844.63
1906.68
1978.53
2080.22
2103.32
1950.76
1668.87
1941.94
1594.87
2316.08
2360.09
2422.05
2399.9
2355.51
2467.09
2507.95
2392.41
2418.49
2285.05
2456.22
2334.64
2339.82
2384.68
2439.33
2056.37
1135.5
1557.91
1381.87
1559.67
994.824
1559.35
1663.94
1846.39
2428.96
2509.23
2415.06
2347.28
2350.9
1320.88
2328.87
2400.36
2396.94
2328.13
2446.64
2598.26
2264.43
2079.58
1972.31
1744.76
1701.56
1875.68
2032.87
1744.3
2309.37
2584.24
2529.4
2276.89
2493.22
2315.11
2257.96
2189.54
1981.58
2092.47
2106.39
2181.57
1988.59
2231.95
2511.08
2489.03
2288.5
2424.12
2192.14
1982.49
2076.8
1316.37
1790.36
1759.67
1867.89
2401.31
2332.09
2403.22
2471.2
2426.2
2387.27
2502.48
2525.65
2277.04
2344.45
2328.23
1635.3
1797.57
1720.59
914.478
1594.46
2017.78
2368.39
2388.28
2331.89
2457.12
2471.59
2332.65
2241.4
2275.72
2565.72
2567.68
2371.9
2429.53
2314.74
2311.28
2439.16
2360.26
2296.3
2427.86
2324.4
2522.43
2233.66
2188.49
1689.27
1942.37
1749.04
1709.67
1902.64
1489.72
1958.85
2067.74
1920.06
1859.29
2200.07
2120.75
2252.57
2479.84
2453.21
2147.54
1842.73
1984.15
1764.1
1796.81
1819.92
2336.4
2322.48
2292.05
2532.19
2360.13
2534.68
2576.78
2435.46
2362.75
2339.17
2341.24
2345.53
2450.19
2070.05
2170.98
2272.22
2571.49
2450.09
2338.72
2349.75
2292.63
2347.43
1558.26
1178.49
1426.49
1398.5
1426.26
1279.83
1875.6
1800.4
1810.97
1899.3
1929.48
1858.4
1908.58
1865.07
1925.66
1801.29
1838.1
1857.42
2021.14
1634.68
1398.06
1436.61
1378.19
1325.55
965.14
1609.03
1966.51
1975.67
1965.75
1930.38
1905.38
1960.15
1906.34
1954.28
1850.6
1952.46
1974.35
1737.01
1721.3
1647.72
1699.84
1476.2
1598.74
1614.76
1657.22
1603.04
1562.36
1395.1
1499.27
1220.19
2036.06
1891.98
1925.08
1921.02
1890.3
1919.29
1925.2
1951.93
2004.98
1874.74
1938.71
1905.05
1924.6
2010.81
1951.34
1556.06
876.798
1207.4
1112.53
1273.19
856.623
1266.74
1354.22
1529.88
2145.68
1919.35
1859.3
1914.82
1989.36
1026.31
1948.33
1907.71
1941.22
1909.1
1911.5
1930.28
1770.94
1666.91
1570.22
1393.57
1416.41
1517.69
1610.63
1467.12
1841.81
1946.45
1941.66
1904.82
2017.97
1804.8
1852.09
1763.17
1606.55
1758.53
1727.91
1638.08
1596.91
1764.04
1987.32
1993.27
1837.4
1898.14
1778.07
1627.87
1606.3
1035.76
1411.68
1416.96
1514.3
1971.45
1912.59
1871.27
1931.27
1995.71
1904.4
1936.86
2000.79
1829.24
1895.51
1893.33
1337.54
1530.15
1354.03
856.986
1272.34
1503.47
1927.62
1928.37
1895.13
2013.9
1956.75
1869.74
1832.07
1914.18
2060.85
1943.01
1953.35
1951.22
1881.9
1978.71
1922.96
1991.14
1867.43
1935.22
1940.94
1951.11
1750.86
1656.88
1401.17
1514.93
1462.49
1321.52
1509.81
1239.8
1638.51
1567.91
1573.1
1461.02
1749.42
1800.18
1888.73
1950.15
1970.83
1730.47
1461.12
1562.98
1413.39
1529.49
1448.14
1929.2
1961.03
2017.64
1962.77
1839.46
2078.51
1927.15
1901.85
1976.2
1877.11
1915.89
1975.33
1884.9
1638.89
1695.51
1915.23
1977.01
1890
1819.23
1862.32
1854.1
1861.33
