1979.2
1718.77
2065.26
1472.63
1043.7
1154.01
1972.52
2347.4
1787.12
1306.31
1406.37
1531.21
2027.82
1373.19
1451.23
1337.99
1831.74
2111.14
1513.3
1876.88
1584.37
1903.47
1568.31
1526.09
1705.77
1600.44
1643.58
1105.32
1874.56
1579.55
1845.65
1736.2
1568.13
1707.16
1646.98
1069.92
987.288
1649.35
2041.08
2290.13
2212.07
2055.52
1524.42
1226.83
1727.36
882.038
1913.14
1804.12
2542.81
2284.29
2071.78
1061.36
911.552
997.257
1712.63
2068.78
1898.16
1493.13
1985.57
1702.19
1332.31
1542.59
2090.57
1590.16
1696.44
1869.61
1874.77
1517.09
1003.13
1059.62
1128.22
1694.8
2266.88
2051.84
2093.06
1883.68
1660.94
1410.72
1099.08
992.073
1548.56
1723.22
1967.91
2217.92
1907.18
1677.33
1422.18
1222.93
1334.77
2278.77
1667.62
1645.37
1478.92
2134.8
1692.03
1187.87
1448.47
2314.52
1932
1963.38
1648.22
1791.53
1570.35
1487.08
1235.4
1213.44
1907.01
2140.87
2116.88
2090.22
1905.58
1227.98
1073.9
1150.19
1846.92
1641.7
2129.79
2219.58
2113.11
2123.17
1711.69
1066.94
1149.44
1197.83
1548.88
1574.04
1583.78
1745.69
1949.67
1654.66
1601.91
1320.65
1888.25
2318.53
1121.63
1556.4
1617.69
1933.15
1746.03
1684.43
1494.47
1054.7
990.962
2131.95
2323.87
2069.89
1363.07
1481.94
1244.56
1151.6
1077.23
1554.86
1675.61
1927.95
2314.88
2320.61
2194.02
1579.4
1700.1
1493.88
902.226
994.093
1975.75
1538.76
1880.75
1711.87
2220.27
1275.18
1280.1
1227.16
1734.01
2205.56
2568.91
1980.54
1762.86
1389.77
1471.58
1880.4
1539.75
1053.7
966.869
1493.71
1207.66
1755.06
2242.55
2166.27
1701.7
1102.92
1043.36
1412.46
1534.86
1871.19
1877.96
1798.34
1737.84
2255.66
2091.21
1693.17
1150.91
1090.33
1905.73
1916.59
1776.99
2091.1
1551.96
967.337
961.298
1930.42
2280.65
1741.97
1326.11
1315.54
1438.62
2040.7
1518.79
1361.44
1089.01
1608.8
2014.32
1524.21
1968.38
1423.61
1652.37
1566.92
1647.01
1647.27
1508.27
1521.19
1089.49
1757.98
1609.84
1781.13
1545.17
1548.79
1764.02
1502.98
1148.37
1128.81
1655.6
1921.77
2083.1
2226.11
1942.4
1430.54
1144.56
1490.88
855.662
1837.66
1791.55
2382.33
2134.75
2000.74
1118.54
1035.97
1043.02
1647.66
1851.08
1639.72
1395.03
1904.55
1699.9
1193.83
1418.86
2078.39
1572.17
1579.73
1706.66
1808.77
1431.03
1017.3
1113.01
1307.97
1876.23
2162.34
1910.53
2078.69
1724.02
1490.71
1296.03
939.994
956.723
1600.38
1779
1963.59
2232.88
1904.36
1638.94
1443.16
1222.99
1359.94
2193.98
1644.03
1519.91
1478.62
1945.96
1663.04
1128.58
1408.86
2196.62
1830.05
1728.74
1535.87
1769.65
1537.47
1364.64
1238.54
1287.87
1968.76
2122.74
2048.24
1910.43
1718.93
1220.74
908.3
1082.93
1787.35
1527.68
2015.66
2190.59
2002.93
2074.48
1677.57
1125.18
1161.26
1208.12
1548.3
1521.64
1484.39
1634.77
1866.31
1617.85
1438.71
1161.32
1745.7
2291.7
1148.9
1613.17
1573.17
1737.97
1577.81
1529.69
1530.57
1178.52
1127.71
2141.74
2218.95
1963.21
1433.06
1576.64
1199.31
1013.96
928.854
1487.56
1545.14
1726.35
2219.8
2105.74
2090.05
1588.72
1756.95
1561.62
1039.6
1099.52
1795.96
1383.77
1665.22
1625.61
2126.44
1166.17
1096.75
1233.96
1787.32
2164.62
2482.42
1852.85
1686.73
1244.54
1341.54
1756.03
1619.51
1178.69
1086.22
1576.9
1304.75
1683.56
2123.03
2135.69
1685.46
923.186
951.609
1276.38
1382.3
1667.45
1866.94
1823.16
1758.13
2074.98
1884.45
1720.48
1246.74
1225.56
1909.38
2188.25
1804.63
2113.87
1756.1
1135.5
1215.31
1898.87
2610.2
2096.03
1434.83
1541.28
1773.02
2070.65
1676.55
1589.19
1528.19
1958.95
2153.83
1669.08
1958.78
1813.62
2026.96
1733.62
1567.13
1862.42
1742.18
1802.57
1353.74
1907.13
2143.99
1543.62
2078.31
1662.76
1891.07
1660.58
1298.8
1025.62
1674.27
2201.86
2448.63
2345.24
2399.63
1669.93
1462.1
1663.76
1219.24
1866.89
1990.9
2517.75
2557.51
2272.64
1344.53
922.165
976.084
1594.39
2361.09
2159.42
1761.55
2047.83
2088.53
1584.48
1601.49
2063.23
1860.83
1684.24
2098.66
2062.93
1809.38
946.804
1091.64
1284.29
1603.86
2436.74
2343.82
2157.26
2185.03
1895.48
1621.43
1224.91
1031.42
1606.2
1819.56
2140.86
2434.68
2135.53
1943.1
1444.67
1305.34
1208.57
2298.79
1996.38
1741.15
1621.25
2218.27
2124.26
1443.15
1469.36
2440.38
2155.25
2118.99
1851.51
2081.32
1669.16
1660.26
1283.54
1126.96
1982.52
2296.25
2197.34
2373.05
2139.62
1628.36
1121.89
1336.06
1947.15
1808.91
2295.06
2294.98
2386.85
2299.04
2089.61
1155.58
1160.7
1235.66
1606.65
1761.58
1633.42
2026.53
2043.22
1744.73
1985.87
1492.23
1911.75
2422.16
1463.88
1684.44
1604.09
2160.29
2024.67
1818.85
1681.85
1195.65
969.653
2061.63
2546.6
2466.76
1274.39
1736.1
1539.15
1212.37
1247.21
1511.16
1925.09
2037.18
2538.89
2512.78
2561.57
1793.44
1818.49
1592.66
986.782
943.709
2089.13
1790.83
1967.11
1898.54
2396.91
1727.05
1446.7
1347.83
1746.14
2302.77
2797.77
2524.55
1752.08
1559.2
1666.24
1990.2
1828.42
1216.49
974.454
1466.68
1290.41
1545.99
2270.51
2342.53
2008.98
1377.81
1245.4
1507.37
1704.72
2177.54
2105.48
1938.29
1682.74
2455.94
2229.43
1918.74
1406.87
1087.52
1865.42
1967.73
1791.86
2173.13
1189.49
1157.6
1331.65
2308.79
2301.06
1476.3
1366.95
1425.81
1647.83
2087.79
1440.69
1460.66
1329.61
2112.65
1737.58
1726.48
1940.79
1775.85
2140.93
1552.46
1594.11
1816.44
1696.99
1456.23
1265.03
2106.33
1311.19
2100.21
1754.11
1884.02
1720.49
1409.29
1231.28
1317.49
1815.8
2251.1
2284.38
2420.93
1738.15
1410.99
1291.63
1616.52
1224.68
2030.92
1922.36
2478.57
2340.37
1798.85
1033.48
1020.03
1131.76
2176.75
1952.12
1862.06
1674.32
1926.71
1758.01
1138.92
1863.87
2073.47
1554.72
1785.3
1957.9
1968.73
1139.23
1039.82
1262.89
1415.06
2177.37
2289.07
2014.39
2272.28
1747.42
1610.52
1194.64
871.665
1503.32
1800.47
1763.89
2113.49
2290.98
1919.96
1501
1531.55
1192.45
1707.63
2388.31
1576.07
1580.1
1797.28
2142.91
1390.37
1264.78
1847.91
2339.53
1880.99
1959.49
1853.79
1631.56
1721.33
1359.39
1310.59
1533.79
2054.32
2069.44
2293.49
1993.73
1793.93
1129.67
1016.03
1431.65
1887.03
1841.21
2314.97
2246.14
2110.92
2091.31
1561.91
1171.51
1189.11
1410.39
1719.21
1542.67
1612.01
1991.37
1850.81
1691.96
1277.62
1345.99
2161.11
2320.78
865.714
1828.65
1849.15
1846.3
1829.86
1629.56
1620.85
1012.01
1523.71
2334.87
2283.51
1393.49
2015.4
1583.83
1176.94
1035.43
1080.79
1764.29
1765.01
2047.51
2341.66
2586.64
1952.74
1650.19
1742.93
1296.79
1108.56
1479.62
1910.33
1555.96
1920.68
1858.68
2117.86
1282.81
1186.21
1432.19
1957.6
2571.68
2707.12
1760.76
1622.01
1558.89
1577.39
1844.24
1454.62
1289.52
1038.18
1709.84
1386.66
1957.45
2239.16
2232.87
1396.27
1010.88
1234.98
1509.73
1690.48
1979.95
1864.31
1927.73
2126.11
1943.9
2152.76
1685.68
1105.51
1265.38
2179.96
1839.64
1649.42
2124.9
1155.43
1032.54
1105.32
2043.42
2240.69
1632.38
1269.81
1498.6
1460.55
2077.22
1292.22
1328.72
1215.28
1814.15
1876.98
1481.75
1796.99
1526.47
1887.92
1407.55
1460.44
1705.83
1568.62
1512.96
1091.41
1978.21
1109.62
2070.99
1606.72
1501.66
1496.91
1527.86
962.628
1045.89
1702.9
2004.97
2221.25
2290.01
1833.13
1347.34
1221.53
1469.71
1047.17
1863.87
1826.06
2519.23
2196.14
2028.56
888.879
821.611
891.197
1941.02
1974.21
1815.96
1497.55
2028.58
1712.11
1119.04
1578.47
1870.53
1450.9
1672.73
1817.55
1795.19
1201.21
867.072
994.593
1142.71
1829.38
2165.84
1965.55
2153.91
1705.4
1581.06
1267.86
914.102
1066.6
1548.09
1571.65
1985.84
2158.73
1680.09
1440.55
1418.18
1087.17
1357.86
2202.7
1372.08
1487.47
1637.57
1963.99
1481.16
1280.24
1588.28
2181.39
1766.03
1822.16
1584.04
1572.16
1525.16
1266.99
1150.12
1232.73
1830.32
2149.9
2171.02
1975.46
1794.37
1060.03
958.316
1211.47
1844.03
1668.01
2064.97
2045.39
1921.98
2104.37
1555.34
962.07
1055.74
1181.7
1476.57
1389.23
1513.77
1677.3
1824.89
1706.29
1337.06
1355.19
2007.7
2253.27
899.557
1530.31
1552.05
1856.93
1756.85
1528.28
1423.04
888.273
1128.77
2222.07
2204.73
1733.55
1561.33
1529.43
1231.74
1021.66
1026.3
1577.1
1565.6
1828.65
2147.56
2276.56
1901.44
1467.97
1503.66
1352.81
863.891
1158.84
1904.85
1413.29
1746.17
1623.72
2141.35
1292.56
1214.88
1232.57
1747.49
2187.36
2546.5
1819.48
1750.9
1301.89
1463.68
1782.03
1467.02
982.828
865.205
1374.03
1176.18
1759.66
2108.19
2077.97
1404.36
1135.7
1168.26
1408.61
1485.21
1789.83
1663.37
1720.77
1784.87
1968.16
2127.23
1563.83
944.081
1029.9
1931.04
