1057.21
1922.04
2703.84
2040.5
1974.6
2120.22
1535.51
1912.09
2082.39
1340.51
1186.49
1541.23
2099.7
2045.22
2138.24
1714.06
2109.48
1831.29
1845.26
2049.56
1679.51
1368.3
1310.2
953.343
1982.95
1546.05
1356.38
1716.95
1754.55
2715.11
1842.67
1814.18
1456.04
872.681
1883.12
1769.2
2135.94
2728.9
2216.28
1901.12
1857.03
1862.77
2378.82
1827.16
1429.08
1318.45
1369.3
1345.05
1621.19
2314.76
2517.29
1740.14
1348.24
2217.62
2135.07
1836.06
1927.35
1777.61
1413.91
1674.54
1900.96
2420.55
2391.68
2525.94
1309.94
1229.7
1927.67
1641.91
1410.15
1468.97
1085.38
1451.05
2037.65
2391.34
2053.29
2164.23
1859.6
2284.49
2488.93
2373.93
2351.5
1484.94
1692.69
1368.66
1343.55
2039.29
1928.9
1644.55
946.043
1648.49
1929.87
2108.1
2160.92
2363.55
1095.16
910.499
1952.29
2186.07
1877.32
1883.65
1196.69
1483.52
1520.76
2131.97
1878.35
2048.6
1975.93
1982.71
1057.79
1330.38
1868.68
1910.05
1836.48
1867.71
1634.87
1708.97
2139.68
2755.82
2260.02
1754.68
1651.29
1987.9
1931.96
1652.77
1736.67
1947.18
1913.14
1359.02
1145.09
1725.06
1933.82
2241.83
1541.39
2069.07
1463.18
1264.42
1508.64
2495.21
2729.25
1870.72
1693.09
1592.87
1745.1
2103.74
2285.64
2033.93
878.903
1198.18
1905.83
2670.03
2863.82
2780.81
1915.72
1475.15
1215.51
1536.2
2122.89
2730.15
1819.78
1091.17
1609.97
1799.57
2360.09
2224.73
1505.69
1537.03
1847.97
1510.49
1632.89
1820.11
2087.42
2461.85
2346.47
1792.67
1040.17
868.824
1072.87
2024.19
2410.49
2422.84
1480.82
1639.88
1990.18
1722.11
1843.71
1354.29
1612.58
1898.65
1469.34
1384.27
1578.59
1491.34
1646.42
1823.27
1979.39
2218.63
2188.45
2290.3
1711.46
1763.88
1534.06
907.506
1510.72
2718.97
2115.87
1920.4
1934.28
1450.59
1562.96
1937.05
1557.6
1051.28
1193.22
2038.74
1880.17
2002.9
1480.91
1835.78
1765.3
1719.15
2173.13
1665.9
1346.92
1266.23
835.426
1538.62
1437.92
1424.92
1500.98
1418.15
2531.63
1936.8
1693.3
1494.47
711.837
1784.48
1625.23
2039.58
2479.43
2183.47
1909.78
1779.58
1677.78
1987.57
2117.83
1261.42
1204.87
1315.09
1193.8
1443.62
2247.58
2095.74
1853.16
1076.83
2197.01
2264.62
1929.64
1913.54
1829.22
1216.55
1543.79
1460.32
2447.35
2075.89
2616.07
1484.04
1188.6
1659.23
1581.32
1555.88
1053.57
1052.54
1296.17
1688.34
2219.9
2145.41
2203.29
1642.36
2194.26
2124.03
2364.01
2334.28
1234.44
1579.37
1366.42
1188.91
1843.39
1774.42
1740.48
762.815
1333.09
1728.64
1976.63
1952.88
2236.01
1331.78
835.892
1497.76
2103.47
2130.83
1781.2
1164.52
1295.23
1210.2
1763.2
1938.62
1887.48
1862.3
1937.72
851.684
1302.8
1497.97
1873.29
1808.23
1853.79
1617.52
1420.12
1886.23
2536.41
2326.01
1693.59
1592.34
1839.26
1825.7
1561.09
1621.04
1501.16
1882.57
1472.16
811.464
1602.8
1807.17
2177.41
1504.62
2175.09
1410.97
1126.18
1353.12
2353.75
2547.98
1987.25
1539.3
1449.76
1756.38
2112.02
2495.09
2108.53
800.596
997.339
1602.36
2779.89
2752.23
2856.27
1961.99
1427.5
1169.73
1153.45
2017.13
2601.63
1943.57
1093.42
1441.63
1716.19
2059.16
2553.3
1551.94
1399.13
1522.51
1401.57
1657.26
1660.9
1936.13
2273.16
2370.2
1736.3
982.293
957.879
1092.46
1743.3
2495.97
2301.8
1365.42
1566.59
1703.06
1547.91
1714.3
1130.05
1372.63
1783.04
1254.97
1176.58
1396.2
1273.89
1362.68
1791.77
1679.6
2188.27
2136.82
2289.38
1653.53
1773.66
1277.8
1052.39
1560.92
2991.55
2417.05
2089.16
2081.28
1845.55
1755.65
2103.36
1817.51
1119.39
1238.49
2198.03
2045.44
2270.91
1833.18
1969.49
1911.28
1959.03
2244.45
1757.01
1505.04
1446.31
891.518
1633.89
1639.78
1631.42
1584.27
1776
2501.59
2325.65
1806.98
1869.91
946.699
1567.12
1671.75
2193.38
2595.93
2466.47
2228.62
2027.82
1945.27
2189.5
2325.91
1446.52
1338.56
1442.19
1172.94
1594.43
2333.24
2442.53
2179.53
1277.01
2081.23
2202.44
1924.73
1970.59
2095.86
1421.91
1680.58
1645.18
2608.76
2270.12
2770.99
1864.75
1369.84
1548.83
1911.89
1946.96
1225.59
1093.98
1543.35
1703.84
2563.96
2172.05
2248.57
1889.7
2337.15
2366.07
2513.39
2610.71
1666.08
1729.25
1622.18
1321.85
1779.92
2028.34
2176.67
908.105
1383.68
1696.18
2232.05
2197.35
2660.61
1687.16
846.867
1461.87
2164.28
2130.94
1858.11
1610.66
1559.64
1380.41
1843.06
2174.59
2153.47
1932.37
2236.45
1112.13
1430.03
1566.71
1994.19
1952.68
2186.24
1938.69
1651.45
1988.72
2679.77
2631.57
1929.5
1728.13
1968.06
1970.87
1830.19
1881.57
1571.41
2191.51
1847.14
798.444
1745.41
2047.85
2173.54
1819.41
2120.35
1637.91
1323.32
1439.7
2412.86
2576.75
2331.92
1858.77
1277.86
1987.01
2001.99
2332.44
2409.32
1085.83
1029.87
1548.12
2735.71
2995.24
2923.86
2427.94
1671.53
1307.79
1382.94
2084.49
2503.71
2485.58
1082.09
1415.41
1815.98
2126.29
2637.31
1833.21
1489.65
1666.7
1497.61
2053.56
1722.29
2120.59
2401.84
2788.56
1909.6
1227.1
945.565
1259.99
1504.45
2690.87
2488.01
1686.46
1771.84
2064.76
1729.82
1961.68
1582.79
1462.6
1983.99
1364.88
1456.77
1404.35
1594.62
1458.05
2114.35
1966.71
2148.16
2124.64
2648.4
1935.25
1879.76
1577.18
786.202
1416.8
1733.2
1403.2
1339.22
1456.64
1051.88
1222.56
1489.11
807.369
878.774
1052.47
1412.94
1365.91
1351.98
1190.37
1398.85
1216.53
1340.75
1333.05
1123.82
935.237
864.785
696.267
1194.27
1145.78
988.97
1231.44
1149.09
1780.7
1264.46
1243.19
953.028
582.401
1230.4
1308.75
1435.01
1909.61
1422.17
1204.15
1312.93
1235.18
1680.63
1156.5
995.601
965.372
957.785
954.952
1191.73
1643.25
1662.01
1061.51
971.507
1514.37
1440.16
1127.32
1325.18
1126.62
1088.91
1118.68
1321.49
1618.29
1754.24
1558.13
921.131
776.832
1304.25
1233.7
933.88
1067.74
715.937
1006.07
1379.63
1556.95
1347.34
1473.65
1207.02
1450.99
1602.06
1523.89
1484.07
955.276
1094.86
968.246
939.813
1426.57
1323.19
1011.59
803.507
1111.88
1145.22
1461.49
1489.27
1590.62
744.468
662.023
1281.66
1527.7
1225.85
1289.86
834.708
1030.7
1096.54
1382.9
1276.49
1388.09
1421.07
1223.28
743.707
1009.26
1171.86
1274.56
1303.49
1197.83
1090.15
1216.88
1504.17
1819.71
1412.58
1132.77
1137.97
1473.21
1291.66
1127.14
1208.43
1248.17
1298.85
833.045
859.168
1261.83
1372.87
1370.65
1017.1
1294.65
1009.05
866.869
1147.64
1702.24
1801.2
1257.81
996.921
1197.58
1119.51
1455.42
1509.2
1221.36
654.569
873.847
1224.94
1940.73
1830.25
1910.51
1213.16
948.172
835.149
1159.54
1441.26
1865.82
1133.96
820.925
1019.9
1304.28
1574.37
1315.75
1034.6
1116.14
1409.82
857.968
1123.97
1305.6
1413.7
1734.17
1529.41
1248.11
669.588
648.24
843.799
1414.76
1644.61
1561.42
1048.28
1154.45
1274.4
1155.78
1360.57
871.845
1047.09
1223.89
1049.6
962.4
1102.76
1047.95
1163.82
1164.98
1293.37
1558.99
1485.42
1476.57
1182.42
1216.5
987.069
1795.72
3596.01
3392.73
2751.45
2819.4
2852.6
2141.69
2734.32
2696.23
1983.26
1718.52
2859.18
2568.43
3020.2
2710.53
2577.25
2861.43
2310.98
3142.02
2460.13
2144.31
2135.08
1533.72
1762.09
2306.42
2384.29
2104.01
2691.37
2920.14
3261.02
2449.4
2813
1635.64
1529.21
2220.49
2931.49
3314.47
3473.38
3131.77
2767.86
2875.24
2450.29
3416.38
1787.58
1895.35
1984.85
1828.58
2346.18
2974.86
3220.58
3253.12
1795.75
2572.7
2843.32
2555.39
2398.02
2860.2
2042.6
2267.07
2609.79
3155.75
3060.8
3395.89
2892.03
1888.17
1876.91
2700.8
2799.94
1612.34
1651.48
2059.73
2441.16
3277.21
3095.6
2817.03
2662.06
2788.14
3114.4
3274.74
3599.82
2656.96
2312.61
2122.5
1879.49
2276.55
2738.82
2901.88
1572.32
2106.59
2376.01
2837.94
3011.35
3637.39
2786.05
1429.36
1581.06
2964.86
2631.93
2480.13
2379.5
1919.72
1987.54
2639.14
2967.01
2894.89
2645.42
3241.17
1918.49
1776.78
2200.52
2712.82
2688.59
2972.91
2638.07
2127.42
2660.9
3393.82
3633.94
2865.56
2253.81
2403.74
2880.01
2718.21
2753.08
2387.37
3066.45
2273.39
1374.95
2117.46
2764.7
2660.72
2836.34
2654.72
2544.98
2164.26
2094.84
2935.2
3518.3
3369.88
2528.13
1713.12
2636.34
2353.55
3024.9
3246.16
1939.47
1548.87
2019.43
3338.87
3991.69
3742.47
3400.72
2547.36
1855.77
1958.84
2652.59
3268.31
3570.87
1792.72
1937.63
2493.4
3033.86
3215.95
2522.47
2055.57
2304.78
2363.08
2474.49
2170.81
2882.77
3096.24
3594.87
2845.26
2012.92
1503.27
1695.37
1828.05
3638.24
3469.87
2480.07
2357.42
2712.91
2365.6
2601.46
2418.05
1852.21
2533.85
1950.65
2146.85
1954.68
2247.05
2208.5
2801.41
2277.14
2987.54
3092.01
3676.04
2804.68
2367.27
2167.18
1825.39
