1010.46
874.251
898.266
569.11
851.414
825.977
975.548
1076.97
981.174
927.687
1279.17
743.452
1282.21
879.65
837.671
882.949
964.522
903.763
1146.34
1230.93
726.49
518.405
1360.75
1033.81
1066.67
992.228
1120.09
1025.4
868.517
813.064
983.541
998.127
1285.16
922.692
1051.17
1243.97
1251.46
1047.8
596.437
764.105
1022.81
910.006
732.24
927.993
767.403
649.714
866.224
1352.83
1056.1
1068.36
1053.42
1094.8
621.634
998.691
823.546
1062.08
896.167
1182.45
809.011
1071.17
967.976
650.403
503.917
828.937
892.652
1168.47
955.24
888.442
870.713
1224.64
1223.23
1074.28
814.404
546.552
1264.66
937.82
1087.33
886.101
779.56
1070.92
977.044
1124.96
945.986
657.607
1248.4
567.308
842.137
1110.51
879.148
1030.59
749.925
1223.86
997.617
1380.14
975.446
1028.31
902.373
1260.16
907.479
607.224
1245.23
990.942
986.46
941.149
834.397
1045.05
1121.58
710.359
911.814
869.358
758.236
1339.13
646.199
1077.36
939.144
700.05
651.014
1138.82
1102.54
872.256
948.229
1266.58
752.493
914.231
748.796
1051.06
765.978
733.705
1143.29
1244.9
820.484
775.61
1015.01
794.534
1019.43
1193.61
685.595
822.8
1056.09
964.745
719.124
971.985
685.157
705.149
840.954
757.954
994.401
1140.79
858.398
781.868
866.734
1179.68
1050.51
920.184
723.588
1080.11
1100.71
1157.38
965.872
800.054
978.94
894.265
816.573
1058.07
880.163
956.024
891.196
854.898
852.564
883.842
743.828
829.448
1072.34
1297.93
675.107
1139.12
1059.93
1051.57
554.795
908.486
761.454
841.986
839.613
850.62
856.458
630.055
991.213
1091.45
1049.4
1299.65
786.857
949.649
1127.45
652.315
1134.68
1255.78
1082.82
1122.42
1053.32
1436.81
1325.12
1192.76
1011.67
1102.44
688.389
865.067
1135.46
981.718
1231.15
1108.47
1053.42
1458.95
816.38
1491.19
1026.51
1068.91
889.167
1105.44
1022.52
1422.76
1373.38
1018.28
603.597
1346.78
1398.91
1301.96
1223.18
1322.24
1183.31
1231.13
836.465
1031.98
1146.69
1438.92
1283.33
1212.84
1356.6
1609.04
1139.59
751.25
927.867
1108.97
862.665
1147.65
812.212
1098.88
765.599
941.218
1601.82
1443.86
1136.07
1364.69
1066.6
912.092
1052.42
1075.49
1333.67
972.234
1401.92
982.73
1365.38
1256.33
720.407
594.783
849.366
1167
1383.92
1057.65
1092.2
1233.74
1150.08
1415.12
1216.26
1075.73
814.619
1279.14
1222.03
1077.38
1163.5
1065.62
1236.12
1208.24
1158.81
1157.09
718.398
1466.76
884.329
878.515
1329.43
1089.56
1342.13
924.309
1295.08
1053.21
1503.73
1237.67
1176.6
1165.46
1503.06
1229.58
543.271
1333.67
1318.28
970.149
1190.42
930.016
1273.36
1312.92
819.286
1113.64
1244.36
708.653
1523.68
1034.46
1000.69
1109.19
908.023
758.727
1138.54
1453.39
1091.26
1172.7
1262.98
990.441
1128.23
921.111
1175.08
1051.21
958.012
1116.26
1488.43
955.63
1062.41
1101.31
961.384
1208.6
1307.77
785.57
1005.95
1236.95
1215.15
963.045
993.586
969.453
894.62
840.662
823.277
1176.26
1282.53
942.508
943.485
1180.09
1250.89
1202.41
1058.26
931.265
1370.62
1169.77
1518.68
1110.55
1006.18
1015.1
1205.5
897.81
1239.62
1094.76
1165.14
968.054
1134.94
1007.07
1024.1
1011.86
891.501
1139.63
1470.95
879.728
1353.45
1311.3
1286.36
840.235
891.426
969.264
881.923
1135.4
949.225
924.577
723.301
1080.99
1334.97
1195.24
1474.35
1102.63
1073.65
1298.43
822.647
1181.71
1525.74
1264.75
1347.56
1285.89
1557.63
1432.37
1894.12
1595.31
1676.31
1117.08
1421.27
1656.62
1680.34
1982.96
1757.15
1665.8
2359
1258.43
2418.58
1630.17
1639.87
1545.26
1761.75
1633.52
2226
2197.05
1515.61
903.107
2398.09
1993.22
1988.14
1859.78
2044.72
1886.49
1754.54
1400.24
1626.75
1964.16
2368.99
1806.73
1925.01
2189.48
2534.14
1850.91
1076.13
1309.57
1907.63
1541.88
1555.35
1485.2
1605.47
1148.91
1564.57
2514.16
2049.48
1945.9
2020.79
1958.8
1373.95
1728.53
1540.99
2147.9
1442.32
2190.33
1497.66
2154.75
1843.19
1269.26
832.689
1494.52
1709.3
2182.15
1667.23
1731.39
1751.03
2079.41
2242.16
1969.2
1693.56
1096.63
2234.55
1745.78
1793.31
1681.01
1482.66
1994.18
1750.9
2017.22
1737.57
1149.87
2294.49
1239.37
1398.14
2014.82
1712.58
2050.18
1316.64
2306.5
1804.33
2484.94
1911.26
1919.93
1622.46
2385.31
1788.27
921.843
2283.32
1934.07
1713.16
1861.22
1481.44
2003.2
1961.87
1350.21
1693.07
1751.02
1306.19
2439.19
1367.14
1864.03
1785.42
1387.34
1078.44
2119.37
2090.23
1598.82
1799.32
2150.02
1508.44
1631.33
1438.43
1870.66
1587.36
1449.57
1866.76
2352.79
1508.22
1524.89
1777.15
1530.45
1949.77
2234.51
1202.77
1571.38
1948.95
1834.6
1388.81
1645.82
1407.56
1315.19
1539.78
1309.12
1872.27
2141.4
1438.48
1522.94
1770.5
2025.83
1905.5
1653.02
1459.69
2063.4
1898.99
2292.31
1748.66
1559.42
1754.36
1783.85
1465.7
2018.98
1604.58
1818.18
1552.61
1677.38
1548.21
1698.52
1507.23
1386.54
1999.31
2362.35
1236.7
2162.61
2030.17
1962.9
1144.9
1551.63
1502.34
1406.3
1736.04
1599.43
1543.74
1173.71
1842.86
2099.93
1876.12
2352.01
1558.5
1593.41
2090.64
1252.35
1907.67
2365.67
2011.67
2095.35
1979.59
2656.76
2339.53
994.792
1049.26
1016.83
402.898
1251.43
745.917
1266.94
1194.01
980.024
1162.52
1196.41
1050.74
1339.38
955.504
921.406
915.775
1154.98
1023.04
1321.13
1373.49
696.959
679.185
1647.02
1037.04
1240.21
1163.95
1240.93
1228
802.999
1111.56
1029.66
1242.05
1430.33
1089.94
1243.75
1422.8
1400.34
923.145
929.873
816.768
893.655
1104.67
539.363
1311.96
769.287
839.593
1161.21
1587.59
1087.28
1380.53
1032.47
1194.99
600.652
1345.25
831.308
1231.29
1222.62
1202.83
1081.09
1135.25
986.139
555.151
783.67
949.339
1109.92
1213.53
1146.33
1190.8
931.967
1436.51
1265.52
1066.69
836.903
908.007
1405.27
1011.94
1146.01
1123.98
836.427
1344.65
1060.35
1098.09
1182.28
745.423
1491.58
535.442
1064.92
1221.66
1096.02
1183.38
955.714
1151.6
1214.36
1469.34
1123.35
1157.98
1136.27
1347.54
791.387
899.349
1410.84
946.744
1244.35
908.237
1008.64
1241.09
1185.51
1000.12
1077.62
870.648
1041.1
1587.89
729.114
1117.15
1091.59
647.699
890.295
1337.67
1117.88
1075.41
1154.76
1309.22
814.849
1090.73
882.904
1218.79
810.335
959.316
1315.06
1294.98
920.551
905.851
1240.36
880.363
1225.22
1205.41
881.397
1008.51
1203.65
986.813
882.469
1094.5
784.535
882.812
614.412
1149.38
1245.89
1085.28
966.308
879.825
990.862
1388.13
1245.59
1025.39
839.756
1214.92
1431.43
1270.35
1064.09
949.122
1185.74
845.525
1040.14
1077.2
1128.32
1134.38
968.222
1011.19
986.221
917.647
891.735
962.293
1317.73
1260.73
976.876
1215.59
1324.26
1000.78
777.57
969.445
793.078
978.905
837.89
1174.95
871.444
708.576
1419.78
1099.9
1293.6
1424.37
829.24
1184.84
1167.35
727.387
1307.75
1374.37
1203.52
1368.5
1240.57
1567.75
1511.82
1319.9
1399.13
1300.93
510.45
1612
1002.22
1725.1
1569.79
1273.32
1614.68
1628.75
1387.68
1859.86
1313.67
1258.14
1237.72
1564.9
1344.01
1798.89
1796.73
898.698
970.685
2065.06
1391.26
1688.83
1470.09
1617.49
1660.41
1034.98
1461.67
1396.05
1668.37
1837.09
1406.97
1720.19
1868.29
1856.25
1233.82
1260.64
1066.9
1145.11
1585.24
750.35
1713.98
1072.92
1111.04
1494.35
2067.69
1430.88
1816.45
1417.34
1644.81
839.05
1809.72
1110.19
1618.43
1603.22
1554.66
1479.8
1348.58
1332.36
766.596
1149.5
1188.94
1502.02
1621.09
1459.05
1592.18
1231.56
1948.29
1662.78
1455.17
1113.58
1249.66
1907.46
1335.21
1507.54
1456.79
1083.64
1735.12
1355.24
1463.07
1588.5
990.621
1944.69
696.085
1435.06
1664.55
1441.44
1539.81
1212.59
1570.49
1690.12
1928.73
1475.39
1538.05
1440.86
1740.38
975.84
1284.1
1830.84
1220.81
1655.63
1262.37
1336.42
1638.9
1472.92
1338.47
1423.72
1091.32
1384.2
2179.65
913.712
1520.76
1495.78
886.277
1233.93
1732.02
1403.92
1424.16
1512.09
1755.91
1085.49
1432.77
1203.36
1596.61
1041.68
1321.95
1782.37
1708.8
1235.61
1194.23
1660.68
1138.08
1705.28
1606.71
1180.69
1342.37
1565.44
1355.44
1032.21
1453.26
1029.39
1195.23
893.682
1481.34
1655.44
1519.45
1283.12
1149.36
1319.97
1820.57
1657.86
1339.66
1106.27
1562.93
1920.05
1676.72
1396.54
1337.2
1601.41
1154.24
1379.92
1441.21
1420.76
1490.3
1241.84
1300.15
1353.9
1257.46
1171.36
1288.46
1823.32
1654.17
1345.82
1612.52
1748.61
1262.06
978.805
1244.84
1077.19
1368.18
1123.1
1553.86
1180.62
999.369
1882.81
1451.71
1608.46
1851.75
1023.32
1515.47
1583.7
985.694
1780.49
1801.53
1598.13
1786.38
1669.06
2084.27
2069.54
