868.772
764.756
1106.15
842.23
1052.21
1027.14
974.162
974.586
893.276
998.409
1008.01
1038.17
770.525
1025.35
795.135
1027.66
959.326
1194.8
1044.01
950.147
1102.47
1257.05
773.547
1098.72
997.795
976.442
1099.51
1168.34
932.012
1123.89
979.568
1033.94
753.61
894.17
1144.19
1102.36
881.975
979.782
1024.43
1069.67
1177.32
1003.39
855.496
1117.41
1141.52
1179.47
755.085
1027.71
1019.81
1017.71
1030.76
952.376
1021.45
1186.79
1211.61
994.989
805.296
872.629
736.593
1101.51
1173.46
847.235
803.548
593.12
1074.14
1145.85
953.157
1047.88
896.735
940.944
936.937
844.252
1164.11
517.004
928.085
616.205
1071.88
987.304
971.206
1035.25
1191.17
903.918
1287.59
887.317
1092.87
1068.88
901.004
1077.06
883.027
1012.27
882.633
998.542
1137.92
873.98
907.304
1000.09
814.886
1213.72
1098.38
1017.55
927.459
939.133
1120.45
1279.73
1092.74
1020.82
977.609
1225.03
1136.55
828.136
910.15
958.266
1090.26
1116.48
1026.47
981.186
983.114
1174.94
1188.69
907.032
1073.37
575.994
1139.01
945.924
1174.14
793.675
958.355
1203.59
1195.77
901.125
885.135
917.995
909.123
912.9
1024.12
1046.09
972.596
1133.08
1130.49
1147.44
919.95
864.908
922.291
1007.64
1102.54
949.759
1026.89
1087.15
1189.72
1062.2
942.03
853.751
927.609
1066.19
1068.46
1051.93
946.968
1189.59
1219.54
715.208
1119.27
911.518
1121.69
989.249
813.71
1109.85
780.861
1105.53
1030.94
1175.15
1117.86
750.909
1077.98
943.068
1063.31
1052.6
836.388
982.465
793.881
1172.58
1136.52
732.099
963.195
1071.84
949.149
873.247
1030.9
840.889
906.884
1204.44
1265.47
985.881
926.24
787.163
1209.5
1099.76
848.771
935.409
1033.94
984.379
936.758
880.374
853.932
1037.49
854.134
1086.64
1080.02
1116.67
877.052
920.162
1062.12
992.644
1031.28
910.831
1044.69
828.761
956.651
999.754
1215.88
1042.24
972.572
1040.75
1308.39
942.139
1064.2
982.925
956.992
1127.22
1215.51
959.713
1240.28
942.521
1079.31
788.294
845.942
1181.13
1181.06
781.741
1034.25
1019.88
1110.62
1216.46
987.418
947.421
1095.16
1197.9
1256.14
854.258
1000.26
1075.11
1123.92
950.891
1030.9
982.367
1161.48
1280.36
1025.07
811.709
1030.58
562.38
1164.93
1197.99
887.359
851.917
578.486
1082.1
1132.15
959.312
1073.8
927.639
923.279
982.105
999.805
1155.42
565.776
880.612
707.499
1154.75
1014.64
1120.42
978.174
1266.7
942.298
1276.15
1009.11
1068.06
1172.97
950.997
1067.15
844.287
1095.95
980.789
956.298
1220.89
985.837
880.44
1088.84
815.433
1157.46
1189.26
1040.02
950.09
935.139
1180.35
1261.86
1100.19
1103.83
969.409
1265.35
1131.5
851.507
968.291
902.21
1129.31
1232.05
998.414
1113.11
947.017
1217.05
1278.71
993.755
1052.31
606.556
1122.41
993.991
1207.79
800.14
920.012
1201.01
1247.77
891.096
997.317
871.933
972.156
911.526
1103.07
1018.4
942.227
1229.75
1167.48
1169.21
1037.37
794.92
996.405
997.945
1154.64
959.236
944.398
1155.67
1192.77
1209.7
883.206
882.807
917.078
1104.5
1133.17
1021.34
965.117
1216.53
1289.02
787.651
1119.4
946.529
1127.61
1060.82
851.883
1031.16
850.27
1088.89
1128.72
1109.36
1207.29
808.756
963.796
984.09
1097.59
1134.28
833.66
932.515
792.801
1233.18
1234.45
783.02
954.659
1156.1
955.04
893.671
1104.03
923.047
867.202
1222.52
1360.3
995.681
873.872
752.383
1201.67
1146.22
966.8
977.164
990.448
1109.26
938.918
984.115
874.784
1103.08
919.15
1148.15
1112.92
1109.34
967.281
992.408
1089.15
1093.74
1087.97
859.272
1083.69
885.74
1085.59
998.996
1251.11
1117.08
1099.62
1130.22
1302.62
882.319
1186.77
1036.99
1129.65
1113.8
1242.79
1003.2
1258.49
1044.57
1181.54
811.27
913.617
1269.88
1189.65
848.092
1131.31
1090.34
1142.23
1269.85
1074.22
935.182
1181.73
1230.95
1295.64
875.033
1017.56
1102.66
1168.96
1046.34
1071.8
1046.13
1252.2
1367.14
1128.91
863.253
1048.8
644.84
1198.24
1282.74
928.212
865.76
618.218
1141.57
1230.63
1037.44
1162.74
964.436
1014.5
1035.5
967.071
1221.52
587.213
952.604
696.312
1217.89
1020.77
1072.93
1052.31
1320.43
982.482
1337.58
1061.32
1088.07
1244.93
1039.05
1122.05
929.393
1147.85
975.834
1042.5
1197.43
1025.06
928.874
1142.65
804.977
1251.55
1244.71
1112.04
943.444
1032.63
1206.53
1350.51
1191.34
1167.78
1017.01
1372.81
1216.02
952.955
941.246
970.438
1198.2
1241.48
1071.15
1137.06
985.614
1261.2
1348.51
1009.06
1068.34
589.744
1263.68
1056.48
1234.46
921.682
968.774
1282.33
1345.39
966.863
1006.6
933.367
982.681
1018.22
1148.42
1087.12
1026.79
1265.77
1254.5
1214.43
1093.18
871.358
1056.12
1099.72
1219
1078.25
1024.35
1224.25
1297.3
1232.64
903.101
935.395
1004.94
1205.17
1202.4
1088.67
1048.62
1283.87
1347.56
814.248
1200.4
1019.76
1192.8
1169.64
902.714
1121.96
873.723
1165.46
1155.22
1201.37
1147.42
826.361
1136.52
1053.9
1156
1195.32
882.562
1010.54
836.68
1251.36
1230.65
797.997
999.169
1201.7
1034.09
894.082
1132.66
931.467
860.186
1296.71
1416.72
1072.77
1043.48
803.431
1265.89
1239.81
961.469
1017.36
1058.23
1152.97
991.981
909.597
816.755
1114.43
870.83
1078.27
1125.1
1056.57
973.618
932.179
1019.41
1042.09
1082.27
849.196
1100.67
834.942
1067.77
993.557
1226.46
1097.01
952.698
1156.47
1316.75
860.101
1123.34
999.587
977.719
1151.33
1214.26
988.091
1212.69
994.499
1081.39
793.547
918.447
1201.74
1145.85
904.915
1028.03
1027.96
1129.54
1239.31
1044.1
898.826
1138.31
1197.15
1270.36
816.003
1080.77
1066.1
1081.56
1088.6
977.787
1080.36
1217.73
1291.15
1030.36
840.194
946.744
745.675
1166.31
1212.21
897.476
813.99
625.527
1131.43
1192.11
993.198
1090.66
936.27
963.881
1023.91
886.317
1249.93
531.684
975.187
662.715
1136.64
1068.68
1040.92
1070.16
1244.11
931.185
1330.56
938.794
1150.7
1144.61
919.694
1112.36
932.84
1080.23
936.799
1041.75
1232.79
949.176
919.988
1034.13
875.975
1294.45
1198.6
1079.41
994.894
927.805
1162.57
1316.48
1104.97
1080.19
1013.85
1267.77
1144.72
879.046
928.518
1000.77
1124.9
1143.12
1123.03
1021.96
1003.2
1257.08
1234.85
957.923
1128.41
604.593
1172.62
971.262
1240.78
831.806
1010.27
1251.74
1244.81
925.512
931.949
956.026
934.831
933.135
1114.3
1081.64
1000.13
1211.44
1224.47
1195.37
962.669
908.793
919.251
1030.08
1148.56
978.214
1072.09
1165.12
1218.03
1185.72
950.364
864.603
923.769
1082.42
1115.6
1062.98
999.788
1195.31
1300.48
747.802
1173.6
919.705
1133.49
1035.47
867.042
1114.18
797.094
1155.81
1088.89
1205.94
1229.97
767.906
1065.85
967.625
1122.64
1116.27
874.728
1019.69
809.787
1253.82
1225.78
777.315
1004.27
1091.63
930.927
917.969
1066.67
894.29
945.22
1268.02
1329.69
1012.22
949.546
791.321
1285.83
1135.75
918.453
954.07
1062.27
1040.57
1007.09
992.421
729.08
784.336
974.389
843.342
926.854
930.491
758.215
959.881
852.148
897.484
903.078
1029.28
659.636
954.812
676.085
978.556
950.603
967.491
1020.35
851.33
1055.79
1085.49
692.197
981.472
948.614
868.863
1083.19
919.287
948.733
1014.27
983.159
878.106
738.954
873.857
967.382
824.63
1010.59
854.041
956.006
1068.11
962.03
950.802
812.173
1091.09
1080.63
1060.62
671.267
1042.69
910.181
904.187
1048.59
752.618
1019.61
1114.55
1097.91
808.304
761.713
611.121
953.959
1036.71
1038.97
739.84
824.556
486.76
968.853
1054.19
959.396
858.111
844.875
913.239
965.019
806.028
772.323
698.469
954.701
612.537
904.315
935.28
800.777
1132.36
1065.9
801.182
1178.61
805.196
1032.82
952.163
859.836
869.585
943.058
977.946
802.84
1002.38
1012.34
770.396
879.093
746.432
949.625
1085.24
1028.03
907.121
779.931
1022.63
986.162
1147.72
1003.77
932.983
982.459
1020.61
1017.09
743.752
781.431
998.876
1033.05
884.705
1103.07
817.087
960.423
1087.22
1023.32
819.401
854.706
716.172
999.444
900.366
1058.75
759.865
925.258
1069.99
1032.94
929
744.52
813.989
847.526
909.396
854.091
986.632
1005.37
996.553
1072.61
1038.32
773.841
947.693
765.727
986.772
1019.51
832.688
999.715
1009
1120.49
911.442
925.693
718.145
914.221
957.238
978.167
949.425
921.059
1081.28
1031.91
743.706
1066.16
794.43
1052.9
872.64
785.025
1013.45
686.915
1095.15
888.905
1088.16
914.429
737.263
1086.29
774.691
1043.77
813.324
863.015
890.682
790.3
1096.25
943.142
710.821
889.371
951.61
871.155
881.883
875.156
703.005
965.017
1203.63
1023.98
895.189
859.453
767.145
1100.68
1029.82
748.253
814.8
1094.84
790.182
