1128.82
1162.26
1150.7
1144.27
1153.94
1055.42
1183.32
1113.47
1003.36
1170.52
1199.08
1179.16
1140.86
1168.75
1111.41
543.157
1105.53
1178.92
1148.4
1156.42
1025.66
1135.94
909.13
868.464
1147.55
1137.21
1147.49
1164.22
1070.51
1011.58
1138.08
1168.78
1116.38
1103.12
1142.73
1136.44
1185.19
1142.08
1175.88
1153.15
1139.35
1098.77
1186.07
1116.26
1150.64
1201.23
1124.34
1140.65
1128.35
1178.1
1121.37
758.814
1115.8
1052.46
983.156
845.599
1169.74
1150.32
1148.09
1136.38
1026.13
1035.63
1166.99
1117.25
1150.61
1152.06
1154.56
1121.25
1049.92
883.79
934.837
1159.36
739.74
1114.02
1103.84
1102.87
1011.56
1174.99
1192.33
1101.69
1156.15
1129.9
1102.34
1146.45
1162.72
1158.16
1102.44
1110.88
1149.54
1105.62
1196.83
1143.43
1172.33
1149.46
1073.9
1115.13
1157.04
1149.01
1164.44
1118.72
656.571
1133.55
1136.15
1092.79
1094.8
1112.87
1125.46
1113.73
1068.3
1109.78
1155.42
1153.9
1143.92
1151.04
1172.61
1149.95
1135.31
1115.5
1069.98
1136.57
1004.86
1146.17
1156.36
1184.37
1121.4
1141.76
1137.14
1174.52
1114.66
1172.93
1101.9
1149.23
1145.31
1106.78
1139.59
1132.44
1119.13
1106.51
1149.22
1140.62
1146.94
1125.13
1121.03
1157.86
1159.34
1128.95
1122.97
1155.24
1102.71
771.052
1127.67
1125.58
1100.53
1177.78
1118.52
1060.63
1118.22
1016.97
1136.31
1129.99
1152.93
1147.24
1142.2
1095.39
1135.23
1144.82
1148.22
1150.27
1048.97
1127.62
1121.58
746.825
1116.6
1159.64
1144.78
1162.83
1122.52
1122.76
1152.18
1162.61
1029.68
1091.38
1125.82
1154.98
1156.22
1143.41
1130.65
1055.35
1105.17
1124.52
1120.13
1074.74
1162.89
1133.66
1165.46
1110.33
1155.38
1134.23
1148.2
1162.32
1145.35
1106.67
1118.4
1094.49
1106.67
1036.72
1062.67
1105.11
1084.61
1006.32
1039.27
1122.5
1075.01
1131.6
1043.53
596.256
962.396
1035.55
1068.41
1102.68
978.603
1057.73
1074.06
598.228
1066.97
1043.7
1040.24
1057.99
960.058
969.764
1088.61
1098.92
1050.15
1030.75
1049.88
1077.34
1080.69
1064
1085.06
1071.44
1099.51
1084.05
994.835
1114.27
1073.63
1081.87
1082.71
1066.44
1051.3
1071.06
1112.95
749.113
1014.81
1075.58
1011.66
613.81
1072.89
1109.66
1112
1057.38
1003.81
1063.83
978.212
1050.15
1092.05
1079.48
1114.8
1133.71
1063.38
1012.94
650.683
1061.93
687.312
1097.55
1080.04
1051.85
979.856
1098.67
1148.36
1131.72
1099.42
1114.39
1109.89
1078.23
1067.81
1080.41
1081.92
1091.2
1089.15
1109.2
1123.95
1084.89
1094.94
1094.17
1087.77
988.159
1087.74
1058.4
1082.68
1092.16
939.86
675.054
1059.45
1122.83
994.397
1076.84
1079.21
1069.14
1154.38
1007.57
1103.61
1133.06
1085.33
1064.82
1062.39
1091.66
1094.44
1101.43
1076.83
1044.55
1123.68
977.872
1096.29
1127.7
1068.71
1082.78
1097.06
1079.73
1087.76
1110.02
1124.95
1066.57
1054.52
1102.73
1090.15
1090.12
1110.06
1091.27
1072.81
1097.55
1076.02
1083.67
1085.39
1062.37
1118.48
1095.52
1082.02
1064.5
1066.07
697.029
1058.47
1104.51
1031.84
1077.5
1121.65
1050.3
1101.74
1051.16
1073.17
1156.46
1106.42
1033.23
1124.54
1097.29
1118.74
1109.66
1119.26
1091.8
1085.17
1049.44
1109.2
719.671
1072.05
1128.26
1156.99
1129.62
1132.4
1111.04
1084.86
1102.55
1003.39
1027.8
1113.52
1085.95
1066.03
1084.37
1094.24
989.486
1091.32
1112.01
1071.26
1072.04
1081.75
1072.76
1059.57
1084.57
1114.46
1088.06
1041.53
1096.89
1092.2
1099.25
1083.58
1085.07
1112.99
1063.15
1015.07
1059.62
1121.76
1087.12
985.821
1096.46
1080.75
1092.66
1097.18
1030.62
572.445
922.764
1085.59
1025.77
1095.2
961.043
994.411
1049.74
583.732
1037.3
1073.29
1045.32
1046.9
985.9
996.393
1027.69
1072.94
1010.67
1043.57
1105
1092.05
1030.96
1063.9
1057.05
1120.01
1085.84
1075.25
1026.6
1086.6
1058.14
1046.29
1042.92
1068.91
1030.68
1112.8
1087.22
768.876
972.39
1096.67
1020.75
619.524
1063.79
1089.42
1059.66
1049.36
1014
1114.32
975.123
1076.45
1047.01
1102.68
1087.08
1055.81
1041.65
1025.7
608.533
1112.88
683.287
1101.48
1019.15
1076.87
975.21
1087.97
1064.26
1076.1
1063.88
1113.09
1070.92
1115.64
1101.82
1084.81
1036.77
1044.93
1072.56
1076.1
1054.87
1087.37
1125.8
1069
1084.03
1037.12
1110.97
1063.31
1051.36
1072.21
965.991
652.932
1074.26
1074.56
1030.13
1069.79
1080.97
1061.33
1092.85
946.82
1070.09
1031.87
1054.91
1094.34
1077.24
1154.76
1136.4
1110
1074.2
994.479
1084.52
970.479
1122.87
1117.06
1102.22
1072.59
1085.09
1101.48
1099.93
1123.94
1074.44
1111.72
1099.02
1098.39
1069.24
1133.41
1140.95
1076.54
1071.16
1051.54
1087.37
1066.43
1112.6
1118.95
1070.27
1122.36
1114.63
1096.08
1083.64
690.828
1076.87
1105.93
1004
1087.21
1039.68
1068.45
1037.6
957.238
1000.15
1053.94
1111.3
1033.74
1062.42
1106.56
1118.56
1065.66
1046.54
1038.07
1026.66
987.034
1042.8
686.278
1066.93
1089.17
1073.97
1066.9
1085.43
1113.19
1103.32
1091.28
952.036
1057.96
1092.5
1076.93
1033.37
1056.62
1083.56
1002.5
1076.71
1086.19
1047.42
1073.54
1081.02
1090.94
1052.62
1098.35
1047.63
1072.36
1034.93
1062.57
1087.27
1021.11
1085.6
1056.12
1120.15
1071.56
1003.86
1089.12
1084.5
1063.52
960.443
1097.33
1052.97
1101.87
1094.14
1115.41
502.182
1033.19
1106.12
1063.06
1159.64
1037.75
1108.64
1083.4
615.37
1098.52
1068.59
1141.91
1106.26
957.219
1017.26
1050.7
1084.62
1092.31
1054.22
1110.76
1110.18
1115.74
1110.62
1070
1125.5
1065.48
1078.37
1014.79
1100.08
1081.06
1063.33
1100.27
1119.26
1099.23
1080.86
1123.37
662.522
1087.76
1049.8
1079.46
628.759
1086.37
1055.71
1108.57
1111.93
991.9
1071.12
1061.87
1146.22
1170.94
1134.94
1127.13
1115.43
1052.66
1133.96
648.133
1081.29
666.918
1082.17
1075.1
1089.27
992.362
1085.86
1134.56
1067.21
1084.22
1111.98
1128.71
1094.11
1068.55
1082.15
1103.77
1079.35
1092.98
1089.77
1110.61
1081.3
1098.17
1096.96
1047.8
1080.04
1076.03
1128.58
1085.49
1128.64
852.025
893.771
1095.63
1113.22
1049.37
1160.6
1129.36
1110.74
1112.55
1016.7
1134.1
1128.72
1094.17
1106.37
1085.63
1086.75
1070.2
1109.68
1094.73
987.814
1067.72
1101.91
1089.82
1134.5
1104.65
1041.59
1126.2
1120.77
1101.68
1054.63
1087.16
1099.71
1093.86
1085.48
1061.53
1067.28
1100.17
1056.99
1054.65
1089.97
1073.21
1106.99
1073.25
1078.77
1073.97
1076.92
1129.88
1049.28
1111.19
697.383
1035.34
1135.09
1106.54
1101.73
1150.12
1037.75
1114.55
1031.6
1053.86
1059.93
1093.48
1101.35
1095.21
1084.87
1106.16
1121.57
1119.75
1081.3
957.582
1091.76
1116.81
753.571
1085.8
1131.89
1103.84
1087.1
1119.88
1053.13
1099.77
1082
969.358
1040.03
1089.91
1083.24
1085.83
1097.1
1040.04
1045.5
1099.19
1077.41
1039.64
1080.19
1084.69
1110.98
1096.33
1082.58
1140.76
1090.62
1054.82
1102.2
1079.87
1085.53
1108.87
1109.36
1140.19
1122.08
1035.83
1109.25
1143.95
1051.38
1058.23
1121.6
1132.57
1136.73
1143.55
1127.91
508.421
1128.78
1134.07
1123.6
1144.64
1022.43
1149.54
981.186
755.826
1188.23
1103.23
1131.31
1148.34
1059.34
1047.84
1130.84
1127.74
1132.61
1129.19
1164.65
1195.74
1121.31
1161.04
1202.82
1139.5
1168.83
1095.54
1138.05
1139.42
1087.65
1159.01
1135.34
1139.46
1150.93
1161.33
1196.19
727.27
1188.93
1078.87
1085.4
700.066
1195.74
1159.24
1158.44
1111.67
1092.41
1061.44
1121.46
1144.81
1141.17
1149.04
1212.79
1170.63
1042.76
1049.03
767.158
1165.82
709.687
1147.58
1135.45
1144.89
1032.91
1128.51
1101.09
1129.74
1137.8
1135.45
1113.42
1131.7
1146.19
1169.53
1102.34
1141.73
1093.59
1081.05
1145.52
1118.55
1094.74
1104.18
1015.91
1082.87
1086.42
1116.86
1095.56
1074.24
767.483
989.948
1076.59
1107.31
1047.62
1089.35
1137.18
1100.96
1155.07
1064.68
1125.11
1128.98
1146.75
1113.53
1139.58
1128.43
1118.48
1112.05
1109.39
994.523
1055.44
1090.18
1169.29
1118.83
1124.13
1124.49
1118.14
1173.15
1103.2
1081.96
1179.16
1106.55
1116.35
1104.3
1129.8
1126.09
1112.23
1125.86
1098.57
1124.57
1133.29
1119.81
1086.17
1143.63
1191.34
1112.88
1151.53
1132.37
1093.36
707.014
1104.27
1131.23
1111.77
1123.11
1121.73
1147.57
1090.63
1047.84
1095.89
1146.93
1137.76
1088.03
1181.54
1123.93
1129.47
1107.74
1116.19
1064.55
1001.83
1125.6
1111.06
727.63
1118.07
1113.37
1130.65
1118.99
1104.88
1079.31
1149.7
1120.71
1035.55
1126.85
1098.32
1152.76
1137.92
1139.07
1123.07
1018.79
1163.73
1134.07
1100.61
1140.77
1125.01
1177.94
1164.27
1122.08
1118.45
1130.51
1157.64
1135.81
1096.39
1132.84
