2183.45
2250.56
2245.23
2108.9
2193.68
2388.59
2273.29
2142.2
2184.69
1609.28
2249.45
2179.94
2227.79
2271.27
2197.32
2463.67
2091.79
2321.07
2173.79
2234.56
2250.89
2176.17
2258.88
2080.46
2274.9
2297.46
2274.61
2129.79
2170.79
2200.34
2172.18
2251.83
2103.46
2233.25
2252.39
2393.14
2214.94
2198.55
2202.63
2196.84
2185.57
1631.92
1691.41
2199.38
2246.79
2409.34
2164.07
2234.03
1918.16
1855.96
2248.45
2198.3
2124.84
2255.93
2196.94
2381.98
2140.62
2172.55
2158.01
2229
2167.15
2237.47
2125.71
2254.68
2335.59
2265.49
2207
2088.65
2360.39
2121.46
2274.09
2224.09
2135.24
2345.68
2081.96
2438.74
2107.52
2301.37
2106.78
2222.51
2265.89
2014.03
2269.17
2101.09
2329.23
2174.08
2212.48
1939.3
2304.82
2016.7
2296.47
2218.47
2148.08
2303.39
2127.82
2556.25
2112.94
2244.65
2089.01
2190.3
2122.4
2177.83
2116.15
2146.23
2275.68
2393.32
2265.42
2130.23
2222.82
2122.88
2125.88
2151.25
2196.81
2154.88
2337.14
2343.11
2207.41
2173.51
2161.93
2143.51
2142.22
2206.04
2214.85
2247.37
2145.25
2366.27
2259.07
2185.19
2189.88
2154.85
2163.49
2152.69
2177.44
2107.5
2230.78
2365.94
2180.14
2144.45
2111.39
2226.22
2112.04
2182.16
2202.5
2148.74
2208
2349.34
2196.48
2195.77
2240.78
2146.73
2187.91
2191.9
2230.55
2140.14
2238.91
2387.23
2138.87
2125.21
2120.88
2206.07
2179.28
2177.49
2226.93
2187.88
2265.49
2455.3
2276.22
2193.33
2253.93
2105.16
2169.05
2172.94
2224.9
2208
2247.41
2441.26
2173.39
2152.8
2135.05
2071.18
2236.04
2289.93
2145.38
2188.78
2150.4
2381.93
2239.06
2138.08
2219.14
2146.68
2115
2199.18
2157.63
2172.06
2167.34
2438.41
2159.54
2216.02
2164.38
2138.81
2301.57
2155.48
2320.7
2213
2241.37
2165.09
2471.14
2249.25
2231.37
2149.8
1708.93
2206.85
2239.43
2216.97
2295.02
2248.83
2588.5
2139.69
2252.61
2229.84
2246.73
2215.2
2173.64
2243.96
2244.35
2255.37
2433.44
2238.61
2256.14
2130.75
2289.36
2192.69
2258.36
2179.61
2242.51
2349.35
2352.85
2315.31
2235
2276.95
2082.78
2244.76
1570.86
1872.47
2224.88
2203.22
2537.43
2263.33
2262.66
1766.92
2031.43
2239.58
2268.85
2165.61
2216.8
2263.11
2492.51
2136.25
2188.31
2219.57
2280.79
2192.56
2185.68
2158.87
2271.87
2361.68
2380.05
2139.73
2160.51
2280.96
2219.05
2262.58
2231
2181.11
2210.74
2248.97
2446.71
2206.09
2355.02
2065.64
2338.67
2132.46
2206.56
2277.06
2156.42
2359.87
2264.33
2138.2
2121.11
2203.08
2179.26
2200.71
2291.49
2141.78
2249.77
2284.36
2501.72
2235.31
2239.09
2155.17
2178.36
2218.34
2197.59
2114.11
2238.67
2287.05
2553.74
2236.6
2134.64
2277.63
2188.44
2258.23
2134.46
2189.1
2247.95
2234.89
2539.1
2115.2
2298.67
2181.69
2211.14
2182.82
2304.47
2200.12
2251.74
2159.91
2457.23
2234.6
2291.74
2186.8
2188.8
2130.5
2333.88
2168.52
2212.49
2210.49
2441.68
2212.88
2151.28
2145.8
2215.69
2148.68
2207.16
2264.25
2198.17
2206.65
2569.73
2097.45
2223.62
2203.7
2240.16
2257.03
2166.8
2255.78
2129.98
2334.63
2316.05
2261.41
2085.18
2242.22
2217.96
2231.18
2187.88
2193.78
2284.84
2270.01
2558.21
2217.11
2181.23
2291.32
2117.21
2241.87
2085.39
2379.2
2064.23
2340.34
2441.52
2304.09
2100.74
2180.05
2129.37
2231.46
2318.27
2094.72
2272.18
2156.52
2496.79
2169
2246.82
2149.48
2192.41
2203.91
2194.57
2261.52
2149.36
2192.86
2478.03
2207.36
2214.34
2163.99
2264.79
2137.2
2182.46
2231.13
2259.35
2203.64
2170.22
2408.36
2194.79
2194.86
2194.25
1725.25
2157.94
2227.11
2162.11
2238.94
2377.27
2312.46
2210.07
2198.01
2278.91
2201.04
2185.92
2251.33
2148.88
2212.06
2254.88
2394.21
2116.79
2263.29
2145.7
2216.68
2293.66
2126.12
2250.99
2144.18
2335.15
2269.9
2280.32
2261.08
2215.48
2179.63
2129.9
1906.65
1527.4
2174.17
2244.73
2450.7
2237.04
2217.1
1938.5
1991.17
2036.14
2297.16
2212.09
2072.73
2439.51
2184.52
2298.94
2048.09
2310.83
2144.61
2253.22
2225.15
2107.33
2300.09
2217.33
2450.4
1981.03
2264.15
2199.19
2288.3
2173.82
2219.54
2219.65
2123.86
2357.71
2232.02
2278.64
2121.14
2240.12
2243.77
2213.49
2144.38
2240
2147.78
2277.86
2237.49
2105.79
2139.61
2112.67
2227.69
2189.23
2182.51
2263.03
2090.41
2362.67
2276.17
2312.05
2087.56
2292.89
2051.82
2236.59
2283.32
2031.24
2310.76
2100.62
2550.18
2140
2190.99
2236.96
2209.92
2159.85
2221.88
2138.32
2195.62
2295.06
2314.53
2189.46
2233.14
2149.82
2243.46
2201.34
2228.43
2232.94
2296.61
2132.5
2340.06
2242.33
2249.93
2122.88
2174.62
2122.96
2230.78
2285.5
2143.72
2283.79
2248.99
2211.4
2121.41
2150.61
2146.07
2287.17
2060.36
2286.28
2100.12
2302.85
2306.16
2239.07
2143.66
2230.9
2170.18
2211.45
2253.93
2137.22
2234.78
2130.85
2479.51
2089.77
2144.91
2120.09
2222.97
2267.92
2217.45
2202.74
2159.86
2313.07
2409.24
2271.12
2111.54
2307.43
2056.92
2272.39
2102.35
2241.76
2217.99
2273.59
2394.37
2170.05
2240.53
1973.59
2258.93
2098.67
2389.59
2100.54
2266.19
2205.21
2311.78
2257.99
2059.91
2202.94
2154.75
2219.57
2155.13
2204.01
2182.24
2156.61
2461.9
2104.76
2274.62
2094.75
2268.29
2135.61
2260.24
2360.77
2308.22
2233.43
2223.74
2472.26
2361.22
2189.43
2174.75
1755.46
2269.29
2200.51
2287.46
2218.27
2307.19
2483.64
2258.91
2316.1
2192.26
2327.6
2279.89
2204.31
2215.52
2262.13
2311.49
2380.5
2265.47
2189.74
2245.88
2198.02
2264.48
2193.68
2305.45
2233.87
2274.84
2445.1
2183.09
2289.53
2270.78
2216.32
2229.38
2202.7
1284.1
2233.72
2271.79
2448.62
2348.25
2290.77
2183.93
1666.47
2178.34
2241.27
2208.56
2172.86
2197.34
2520.34
2318
2195.26
2218.92
2304.5
2178.77
2265.5
2169.1
2239.78
2432.67
2383.4
2204.05
2190.95
2293.79
2313.08
2256.15
2205.59
2313.37
2292.02
2240.09
2432.2
2346.66
2260.71
2259.89
2328.52
2148.25
2167.11
2273.48
2232.27
2231.65
2375.42
2206.68
2113.19
2324.84
2148.7
2161.19
2257.39
2286.79
2250.19
2318.56
2422.47
2378.36
2242.69
2184
2221.54
2206.92
2294.81
2135.27
2277.85
2283.79
2526.38
2300.62
2160.16
2299.1
2196.4
2287.97
2144.62
2234.28
2213.75
2385.52
2465.43
2233.89
2259.55
2187.04
2268.82
2240.3
2215.8
2331.57
2204.13
2224.35
2467.13
2334.45
2255.05
2208.53
2240.78
2243.98
2241.47
2329.06
2176.45
2209.18
2457.54
2253.46
2228.33
2126.35
2150.32
2296.13
2151.16
2257.3
2228.92
2278.99
2387.74
2289.35
2205.2
2312.23
2238.28
2219.86
2164.68
2195.84
2270.28
2181.42
2474.35
2201.48
2221.8
2156.11
2261.9
2255.49
2233.29
2155.39
2234.03
2369.71
2438.26
2355.61
2231.5
2272.35
2291.75
2193.25
2139.97
2198.68
2218.13
2256.78
2425.11
2320.32
2165.57
2093.84
2190.36
2265.97
2248.36
2283.51
2238.74
2149.41
2421.36
2287.74
2300.19
2159.4
2298.09
2113.7
2273.39
2122.18
2283.88
2211.94
2520.58
2193.19
2271.2
2211.71
2239.55
2274.46
2271.93
2259.85
2243.94
2211.87
2262.05
2200.28
2269.48
2230.78
2276.32
1721.59
2182.25
2343.52
2271.39
2244.59
2294.05
2214.61
2234.83
2308.5
2206.07
2229.44
2316.9
2221.12
2283.12
2242.62
2193.77
2295.33
2180.97
2260.26
2187.36
2254.38
2293.78
2190.05
2312.26
2231.63
2335.48
2222.53
2282.63
2273.34
2278.36
2270.31
2222.37
2045.31
1423.45
2145.07
2284.4
2267.35
2311.95
2223.72
2125.22
1772.91
2272.74
2247.61
2239.87
2255.2
2154.26
2331.55
2124.32
2179.73
2263.19
2284.8
2179.46
2272.7
2209.78
2274.34
2390.28
2178.06
2094.25
2220.14
2256.71
2320.09
2153.11
2270.72
2161.68
2318.33
2219.7
2263.32
2244.33
2309.16
2267.41
2294.18
2272.75
2086.98
2285.56
2187.52
2256.06
2168.31
2088.65
2148.72
2324.45
2224.66
2276.26
2299.72
2265.53
2225.93
2241.9
2273.03
2254.84
2318.35
2225.16
2165.02
2247
2279.2
2110.08
2229.88
2229.75
2296.79
2198.48
2231.29
2261.1
2217.96
2229.5
2231.39
2233.8
2250.71
2313.9
2248.47
2202.6
2220.28
2275.2
2264.26
2219.73
2319.37
2229.01
2231.75
2213.73
2281.21
2222.77
2275.05
2194.35
2238.96
2203.57
2249.26
2219.59
2228
2186.81
2248.29
2143.76
2282.87
2141.92
2224.24
2308.11
2167.19
2304.05
2217.39
2277.46
2177.09
2134.6
2242.61
2288.52
2184.05
2325.64
2198.71
2301.35
2172.24
2252.46
2206.19
2206
2188.87
2215.54
2209.73
2312.2
2307.74
2205.92
2246.3
2256.33
2300.36
2298.11
2282.68
2298.85
2088.73
2349.74
2240.43
2205.89
2226.48
2246.89
2277.76
2215.99
2168.48
2120.42
2226.94
2279.59
2273.95
2211.4
2224.93
2181.99
2217.07
2219.62
2193.97
2232.87
2248.65
2166.26
2283.3
2193.51
2293.02
2152.11
2277.34
2130.97
2271.89
2122.92
2257.74
2253.47
