749.999
717.491
767.497
756.957
746.941
741.65
738.068
734.456
739.304
751.757
754.785
752.436
669.37
758.046
725.334
714.519
460.551
786.801
764.398
658.705
770.299
746.111
729.055
763.848
771.395
719.019
730.94
753.173
753.067
752.41
777.191
730.517
721.776
772.495
671.333
519.28
732.176
769.031
733.016
751.249
756.685
721.074
718.425
737.879
783.249
747.114
722.899
795.759
729.674
760.688
736.413
735.378
675.507
739.035
446.748
750.434
732.353
760.355
717.367
744.119
779.111
765.678
789.953
749.417
712.7
795.251
715.123
779.229
776.279
768.038
734.442
718.749
756.283
733.417
698.086
772.489
765.342
781.533
717.406
772.498
757.232
719.835
747.61
749.78
697.556
738.799
733.384
698.305
632.986
554.206
741.512
756.354
483.435
669.808
749.71
780.992
697.369
785.38
754.191
740.517
777.07
765.649
766.901
736.085
759.367
770.831
770.151
756.469
685.667
772.487
693.558
773.606
732.197
752.29
749.764
746.589
757.648
738.978
682.283
393.134
505.657
735.831
774.448
722.72
769.406
446.737
732.654
737.053
781.29
751.977
704.2
723.299
743.054
755.029
440.789
736.337
743.647
765.543
744.796
737.188
678.127
773.834
764.215
727.993
783.203
754.506
755.074
737.528
748.389
436.288
744.746
751.443
778.713
760.208
719.124
741.946
738.497
755.507
706.75
679.005
745.186
734.289
746.252
487.311
744.215
786.643
772.69
769.018
796.886
744.934
735.094
754.081
777.388
753.608
751.667
757.336
503.876
681.426
729.743
790.781
683.267
678.314
742.437
735.991
763.31
767.541
486.824
641.655
745.753
749.273
760.585
734.96
740.024
739.743
664.153
774.752
764.421
746.329
766.3
738.825
784.209
719.202
685.476
727.401
691.434
755.126
698.682
734.072
709.067
698.006
695.22
712.333
644.902
696.583
706.479
712.075
469.47
681.789
744.502
680.056
656.469
738.737
722.901
707.091
734.446
700.414
709.589
715.861
690.645
715.561
709.221
700.232
713.002
727.772
709.655
402.276
700.718
688.113
750.183
724.538
731.733
709.017
696.304
729.021
702.301
720.049
699.176
719.536
682.147
695.276
771.035
770.351
690.812
621.639
513.495
643.214
742.971
711.631
706.714
694.773
729.95
718.099
716.16
697.855
716.094
718.12
688.966
711.868
720.352
698.999
722.291
695.186
720.942
750.756
702.842
696.698
724.429
683.954
729.169
725.274
741.422
708.67
678.469
718.6
750.535
615.148
741.303
704.899
630.659
396.035
706.06
698.482
709.117
384.344
720.972
723.131
671.152
710.217
720.658
688.019
701.24
749.381
728.97
701.741
701.613
745.149
734.865
723.773
732.697
682.691
725.077
687.976
718.048
707.035
733.954
707.68
757.036
679.361
694.679
655.753
336.093
513.243
735.222
713.288
731.156
707.31
393.102
735.426
733.839
694.278
701.924
722.484
748.839
742.294
697.198
437.856
680.434
725.406
702.408
699.766
712.421
672.932
752.368
714.482
732.868
715.649
714.352
707.302
698.371
689.758
414.967
747.786
715.503
723.644
710.954
744.096
719.57
697.249
709.583
643.89
687.873
668.442
714.463
475.09
739.091
712.301
698.223
705.517
712.953
722.25
732.596
716.881
687.116
682.821
714.847
705.307
721.128
410.94
724.278
719.65
695.55
587.218
727.6
740.631
716.827
701.611
493.427
665.758
659.812
734.148
722.607
707.271
692.628
737.9
699.149
659.886
706.833
723.792
746.124
734.484
716.395
568.88
697.714
699.582
701.312
711.136
743.378
686.883
692.984
702.981
695.858
712.182
711.747
596.926
676.855
700.045
716.49
404.324
719.278
685.402
673.409
682.395
732.138
697.406
690.495
713.973
709.94
687.054
709.677
742.076
678.012
724.961
697.572
690.675
735.571
725.946
381.066
692.059
710.881
660.696
667.913
716.427
719.719
683.036
692.578
678.344
738.953
715.202
700.301
728.701
693.335
697.896
698.376
662.177
686.929
456.926
713.137
709.73
659.66
697.327
698.578
694.774
676.966
733.297
696.231
682.646
695.349
725.951
737.529
708.997
715.671
743.579
683.316
711.975
697.569
690.786
736.643
693.7
752.498
702.011
710.601
704.58
756.689
684.796
703.237
724.783
617.086
705.192
684.76
693.563
392.399
702.031
695.499
653.964
426.781
716.109
711.453
713.601
653.621
668.031
703.84
701.104
692.609
719.294
700.939
728.109
715.373
705.963
716.774
669.078
697.762
658.623
724.191
739.667
713.002
723.627
722.482
697.873
699.853
670.27
452.27
337.213
749.428
721.459
738.533
698.823
595.852
510.147
718.379
755.409
727.11
729.269
717.356
691.927
737.136
521.496
616.492
722.271
680.438
704.781
758.869
692.229
680.719
690.366
711.287
706.023
682.601
694.091
727.408
686.689
601.015
521.732
688.155
722.958
726.914
696.649
731.141
693.234
729.486
716.456
630.209
736.988
711.101
688.902
458.033
720.418
711.702
717.726
688.321
666.453
706.243
683.032
715.23
729.916
700.558
706.689
688.573
645.359
427.509
736.448
694.496
706.705
566.455
722.667
708.382
705.888
706.418
464.041
633.095
718.588
741.654
717.948
663.001
735.062
734.672
678.79
706.798
707.098
683.726
747.361
752.276
748.32
479.09
722.84
662.544
771.387
723.897
759.728
730.697
738.995
718.223
706.739
716.4
718.987
715.966
668.798
746.55
723.362
724.222
435.167
700.667
693.349
642.174
750.847
721.375
723.585
765.391
716.748
691.048
724.252
727.765
737.778
739.828
690.245
709.865
721.809
721.056
715.407
453.646
713.166
702.416
761.453
712.833
706.131
732.821
710.78
707.732
694.559
726.116
710.543
704.421
698.773
731.157
718.028
761.536
630.199
730.277
446.314
721.979
697.892
688.239
706.342
703.846
689.369
706.772
702.294
718.52
711.554
702.385
720.38
688.216
726.802
727.176
694.098
664.031
728.338
736.436
711.065
713.211
684.837
724.735
713.957
717.455
762.389
697.821
774.885
720.692
714.867
607
716.871
645.285
680.323
445.042
693.062
735.649
557.45
541.559
714.213
685.627
660.378
685.143
701.874
694.429
710.471
696.588
710.748
731.246
722.375
723.296
693.15
716.129
687.557
734.999
656.467
691.017
729.777
731.328
709.938
705.216
716.543
687.652
617.011
391.873
442.604
744.099
731.574
706.208
747.675
489.758
684.82
708.381
755.822
712.455
725.548
705.448
741.013
729.595
371.371
737.49
713.687
715.066
730.169
736.686
652.503
738.254
712.098
728.549
754.265
708.443
716.31
713.31
697.036
483.874
667.127
728.96
742.427
749.292
704.819
727.148
739.921
716.379
719.767
633.997
731.582
694.447
722.123
473.329
702.103
750.162
759.476
717.199
750.289
717.837
715.677
722.852
718.982
714.138
722.061
756.653
573.252
544.055
712.59
739.794
631.491
682.839
731.969
748.231
731.815
743.717
470.262
620.062
717.669
723.063
710.849
687.142
689.493
714.276
649.213
738.184
712.93
720.527
694.124
739.115
728.328
776.913
703.273
708.804
715.296
773.706
725.913
707.347
719.85
722.872
709.648
793.434
764
648.72
725.796
741.164
706.359
515.192
747.119
758.235
670.015
725.853
727.009
743.661
770.821
751.386
719.311
732.724
749.979
729.95
740.796
738.554
728.602
731.518
751.51
595.117
596.63
736.292
749.915
729.83
751.019
777.466
731.254
722.165
754.41
732.112
743.856
731.067
740.982
748.002
746.237
746.498
755.25
662.962
721.808
459.868
732.966
733.064
717.752
743.996
724.374
729.117
757.021
760.595
766.496
784.291
726.866
769.101
718.895
746.193
741.751
709.726
717.499
712.35
716.881
729.397
714.9
739.423
690.077
736.018
752.519
724.501
744.219
735.505
737.725
662.262
722.97
736.809
669.468
550.549
604.649
736.221
717.193
440.024
689.322
751.711
742.908
688.601
704.126
771.23
738.053
731.506
718.445
711.469
730.352
753.405
745.765
772.8
747.276
681.552
755.124
700.061
748.729
751.04
752.754
733.932
724.84
762.417
697.268
677.117
364.674
510.581
733.657
727.147
773.853
747.557
426.523
736.683
732.94
720.425
756.958
744.367
728.384
724.014
759.619
419.722
728.96
721.832
751.851
745.21
735.473
673.127
729.527
744.826
728.702
717.876
704.89
730.621
719.975
738.439
402.726
736.224
760.345
728.441
752.582
756.355
779.211
749.369
749.771
748.723
698.789
761.901
730.688
683.336
535.178
713.201
766.496
724.59
752.67
735.912
761.289
743.439
752.179
797.253
738.222
740.152
738.081
424.335
730.515
721.643
737.668
656.879
693.729
750.851
765.299
774.619
717.072
495.099
666.638
721.333
730.417
713.26
746.985
718.529
735.376
674.096
749.847
742.564
754.723
754.733
762.792
714.671
