1780.21
1890.29
1812.7
1842.17
1891.82
1907.26
1840.31
1901.26
1877.5
1860.29
1852.85
1943.58
1856.03
1826.35
1908.63
1767.1
1954.96
1831.24
1866.52
1673.56
1850.84
1835.92
1867.5
1379.46
1749.94
1937.07
1916.46
1933.02
1746.76
1872.48
1857.04
1944.79
1921.6
1838.88
1903.13
1772.29
1735.89
1907.32
1823.26
1922.1
1804.35
1859.71
1829.27
1925.95
1867.45
1754.29
1878.86
1940.15
1963.98
1904.25
1950.99
1969.35
1858.9
1764.85
1802.54
1030.11
1722.58
1921.24
1856.23
1762.62
1920.03
1897.04
1913.04
1843.58
1700.39
1908.32
1881.52
1942.38
1889.15
1895.43
1912.34
1805.5
1850.7
1896.3
1838.37
1808.58
1753.49
1945.18
1899.97
1858.59
1840.16
1813.22
1834.74
1805.42
1799.56
1907.7
1906.47
1866.94
1875.97
1836.27
1892.17
1909.59
1842.16
1173.05
1719.13
1857.32
1879.48
1853.2
1896.05
1675.64
1849.89
1887.92
1894.62
1716.89
1882.43
1775.09
1800.48
1797.96
1906.11
1847.88
1978.52
1929.08
1910.83
1705.44
1913.19
1946.4
1894.23
1853.32
1724.3
1248.8
1729.53
1811.11
1963.76
1791.39
1987.94
1964.25
1944.29
1774.11
1872.6
1829.71
1872.21
1887.22
1858.35
1795.68
2020.94
1891.39
1921.39
1939.83
1996.76
1926.09
1914.28
1941.54
1806.29
2010.3
1945.04
1962.64
1905.54
1899.21
1896.22
1883.02
1918.84
1919.21
1875.85
1752.65
1904.51
1888
1966.12
1851.84
1865.73
1808.79
1779.85
1833.69
1882.31
1827.53
1988.63
1337.98
1592.19
1901.49
1876.77
1784.46
1838.86
1894.28
1944.43
1908.8
1873.38
1946.58
1922.37
1769.72
1812.63
1931.56
2035.41
1761.28
1832.49
1857.12
1918.89
1545.94
1690.8
1785.67
1844.94
1783.64
1959.4
1871.82
1925.69
1896.6
1933.63
1792.44
1865.82
1989.04
1982.22
1951.59
1882.44
1913.7
1963.52
1877.68
1931.14
1914.38
1876.55
1928.47
1839.68
1847.56
1954.07
1875.54
1869.02
1899.38
2056.46
1913.96
1862.15
1933.26
1938.65
1944.22
1832.35
1846.77
1977.32
2017.61
1458.67
1553.19
1834.07
1873.95
1917.9
1765.16
1954.68
2032.42
1940.2
1915.03
1976.69
1978.27
1934.42
1981.97
1939.44
1844.23
1899.62
1869.87
1960.24
1878.96
1931.68
1902.79
2011.1
1870.85
1892.57
1980.15
1822.38
1845.59
1955.23
2059.96
2021.05
1952.01
1261
1991.34
1915.07
1874.18
1907.18
1986.97
1940
2035.42
2060.47
2021.83
2049.69
1851.1
1805.66
1927.07
1888.38
2078
2003.78
1968.85
2018.21
1820.04
1937.94
1814.11
1990.49
1822.78
2004.41
1929.56
1934.93
1926.59
1980.44
1994.83
1912.65
1899.07
1823.9
1996.94
1932.62
2022.74
1896.35
1955.44
1240.05
2017.28
1925.57
1905.5
2078.16
1836.34
1888.28
1998.86
2034.14
1887.99
1874.71
1904.32
1993.65
1951.06
1988.17
1940.47
1793.62
1996.06
1900.9
1973.92
1791.89
1896.42
1957.92
1950.61
1925.81
1918.1
1285.76
1941.64
1713.68
1834.16
1945.77
1879.88
1907.31
2032.14
1806.78
2027.67
1885.91
1823.44
1782.99
1920.93
1860.21
2017.29
1936.48
1939.47
2009.53
2012.69
1953.76
1962.78
1955.7
1799.36
2086.03
2025.65
1931.58
1893.33
1929.82
1812.43
1912.44
1963.26
1892.23
1902.34
1820.39
1922.97
1904.45
1951.7
1867.36
1897.47
1868.51
1855.71
1852.65
1851.52
1859.65
1867.35
1309.63
1556.17
1908.81
1871
1735.43
1648.26
1840.69
1931.68
1923.91
1871.82
1995.99
1920.08
1953.06
2028.53
1889
1864.38
1811.64
1884.37
1812.02
1828.69
1456.79
1576.57
1870.99
1847.32
1778.9
1807.33
1798.1
1804.59
1948.87
1869.78
1914.69
1843.82
1830.04
1776.45
1895.71
1837.09
1797.59
1683.52
1683.97
1771.77
1694.33
1867.83
1800.79
1750.89
1831.02
1803.48
1967.28
1797.63
1857.97
1880.52
1883.12
1882.3
1856.66
1928.18
1796.16
1822.06
1901.61
1828.53
1670.2
1531.44
1847.94
1799.38
1861.18
1792.03
1930.59
1913.31
1961.43
1908.7
1820.15
1941.74
1947.09
1861.1
1953.87
1921.88
1892.77
1921.71
1962.07
1779.36
1853.5
1868.42
1913.38
1917.85
1853.06
1959.18
1899.14
1939.4
1872.39
1833.72
1912.61
1854.1
1276.15
1974.56
1881.36
1916.39
1875.44
1909.61
1939.68
1835.19
1863.09
1940.05
1877.95
1860.16
1874.42
1834.01
1834.36
1911.22
1981.6
1835.74
1811.93
1824.71
1945.03
1855.59
1715.91
1832.13
1956.85
1795.5
1899.35
1880.32
1875.44
1922.67
1860.55
1994.62
1891.1
1881.93
1858.86
1898.32
1912.85
1919.15
1369.34
1757.72
1950.07
1955.17
1948.37
1813.16
1789.91
2021.92
2023.55
1815.56
1764.03
1914.76
1856.06
1698.51
1860.63
1972.66
1853.19
1851.92
1928.04
1892.53
1765.01
1896
1909.2
1855.5
1884.76
1917.08
1137.31
1881.28
1854.2
1880.64
1858.78
1957.97
1888.52
1839.49
1741.33
1802.36
1748.95
1799.09
1900.84
1792.84
1875.13
1906.15
1786.5
1687.32
1724.35
1752.1
1847.42
1766.23
1781.35
1796.95
1867.99
1807.01
1893.82
1891.02
1986.97
1928.34
1744.08
1751.26
1843.89
1858.76
1761.97
1834.54
1901.59
1835.65
1779.93
1896.74
1887.01
1758.32
1764.44
1842.39
1553.21
1794.98
1482.21
1261.06
1762.4
1841.97
1776.22
1736.52
1822.43
1660.17
1845.66
1845.46
1972.62
1917.05
1878.32
1847.76
1870.39
1902.51
1751.33
1845.19
1876.83
1907.15
1651.64
1285.93
1837.7
1859.61
1896.33
1747.27
1812.42
1852.97
1895.18
1844.52
1797.18
1836.58
1922.84
1897.85
1886.77
1817.75
1868.59
1889.47
1852.15
1873.02
1797.78
1833.22
1955.54
1921.1
1917.5
1763.1
1788.25
1863.24
1971.71
1936.2
1859.02
1808.4
1783.14
1862.41
1889.59
1883.34
1745.53
1765.43
1973.21
1996.59
1368.93
1976.44
1938.63
1935.88
1821.68
1769.86
1888.96
1962.66
2023.74
2014.33
1810.98
1934.66
1976.13
1921.15
1949.12
1765.21
1865.36
1796.57
2042.76
1865.05
1820.75
1807.12
1985.98
1980.35
1976.76
1906.55
1999.75
1997.18
2023.72
1869.48
2075.29
1919.83
1347.03
1932.82
1806.26
1803.23
1731.24
1958.97
1996.8
1918.39
1881.56
1860.3
1964.25
1931.76
1989.34
1968.79
1687.93
1954.38
1943.56
1932.54
1925.29
1888.78
1781
1815.74
1938.77
1930.08
1954.2
1897.89
1862.3
1850.12
1815.54
1914.37
1875.71
1897.7
1928.87
1923.31
2007.9
2007.83
1960.11
1978.89
1272.13
1933.66
1990.07
1758.91
1857.08
1881.61
1768.71
2049.91
1952.82
1875.39
1672.79
1857.12
1829.24
1836.61
1823.03
1798.58
1773.27
2019.06
1870.19
1927.36
1804.92
1914.67
1907.99
1925.5
1883.46
1510.92
1524.39
1893.11
1860.85
2014.6
2005.73
2006.67
1892.2
1917.48
1858.42
1842.27
1849.42
1893.02
1865.25
1960.38
1913.93
1815.25
1880.93
1928.03
1925.1
1910.32
1828.48
2009.88
2040.08
1896.16
1960.25
1923.63
1893.32
1866.76
1889.03
1824.63
1960.21
1967.34
1771.64
1934.79
1779.78
1831.78
1928.54
1949.86
1851.81
1980.72
1867.98
1819.06
1809.94
1937.49
1806.87
2028.29
1261.6
1899.28
2009.71
1995.14
1824.36
2059.09
1874.47
1990.8
1952.97
1953.78
1922.68
1923.84
1952.09
1925.41
1892.63
1956.84
1727.41
1938.67
1874.28
1944.28
1200.76
1957.03
1824.05
2009.59
1960.55
1846.37
1899.04
1987.05
1984.53
1939.91
1821.61
1745.08
1899.99
1916.66
1914.63
1991
1726.84
1926.81
1918.68
1942.04
1972.14
2001.78
1941.11
1933.9
1791.59
1731.45
1870.09
2073.8
1933.57
1832.06
1957.92
1825.89
2009.38
1912.26
1879.66
1954.88
1942.56
1871.16
1907.08
1504.28
1749.76
1912.94
1746.88
1869.52
1887.27
2011.99
1826.5
1844.15
1964.19
1953.71
1916.18
1961.14
1868.14
1991.69
1903.23
2011.68
1864.27
1952.46
1718.17
1873.11
1743.8
1893.84
1783.41
1858.43
1859.66
2001.87
1973.6
1953.4
1861.97
1870.85
1906.5
1241.74
1980.52
1939.74
1920.07
1871.88
1923.35
1899.75
1822.73
1850.3
1879.67
1859.45
1843.02
1880.26
1956.67
1901.12
1873.36
1848.29
1912.65
1849.3
1765.5
1863.42
1671.33
1966.95
1949.33
1981.7
1781.74
1897.26
1787.79
1805.97
1933.64
1876.7
1946.02
1875.82
1811.85
1954.31
2054.52
1858.65
1793.91
1273.72
1847.98
1760.98
1906.8
1994.78
1961.55
1695.27
1947.13
1922.18
1901.39
1810.86
1908.88
1915.05
1885.78
1853.92
2047.69
1878.83
1976.42
1898.22
1853.94
1838.93
1918.79
1953.45
1916.11
1919.91
1709.8
1281.89
1921.01
1951.78
1896.36
1849.69
2020.77
1881.37
1968.44
1801.73
1968.92
1994.83
1947.51
1887.21
1914.98
1942.76
1909.56
1883.1
1831.53
1941.03
1901.49
1986.48
2005.38
2026.43
1871.55
1910.16
1986.13
1882.56
1866.32
1933.64
1901.35
1900.11
1893.55
1873.27
1876.81
1902.84
1976.01
2003.16
1951.91
1931.08
1929.89
1922.88
1836.97
1912.65
1901.47
1911.79
1942.32
1337.87
1719.91
1750.59
1815.88
1805.51
1904.01
1904.2
1851.17
1944.52
1999.68
1998.31
1903.04
1966.03
1961.05
1956.25
1950.23
1850.77
1841.57
1948.18
2005.52
1491.12
1662.85
1846.72
1865.94
1899.06
1720.97
1903.02
1882.41
1967.71
1917.64
1876.01
1877.4
1967.05
1922.22
1928.98
1917.05
