162.914
783.514
906.906
254.348
445.144
1658.08
1958.02
1891.06
1651.11
1839.19
1767.07
785.552
606.711
212.356
1209.84
1591.32
2006.56
1970.31
2075.91
1945.48
1843.75
1957.96
2016.96
1993.6
2071.87
2106.04
1379.1
76.627
1327.49
1549.8
1921.44
1979.86
2083.19
1907.22
1899.1
2057.71
2117.59
1964.52
1343.44
1219.1
2038.35
2007.44
1982.52
2061.33
2026.48
997.44
1997.5
1033.55
1776.46
2095.77
1799.47
2084.91
1712.41
1965.36
1455.18
1904.36
2095.47
1215.15
1621.51
1112.21
1984.8
1379
2076.22
2111.24
1991.71
1947.86
2065.56
1213.11
1718.95
2009.93
1702.93
1962.79
1573.9
634.129
1676.16
1967.71
2113.47
2105.35
2121.07
2039.6
1363.77
167.752
997.43
2148.59
1458.72
2149.35
2066.76
2059.32
1543.98
695.515
2108.06
2055.2
2077.28
2072.26
2190.56
2168.42
1994.72
2093.09
2119.02
2115.48
2095.78
2150.7
2067.6
2021.13
2043.29
2143.51
2157.33
2133.92
1267.11
2027.59
2172.71
2157.1
2196.14
1653.69
1584.06
2198.93
2175.83
2187.89
2060.26
2050.45
2084.54
2133.38
1963.38
1992.74
1951.03
1980.33
1471.22
1841.32
2120.49
2129.3
2073.91
2132.47
2050.62
2039.24
2139.93
2203.19
2094.01
937.961
2071.7
1985.89
2116.41
1699.16
2153.95
2058.07
2054.97
2044.7
2113.05
2069.73
2113.78
1643.34
1826.11
1744.01
1908.57
1516.04
1250.66
2050.07
2016.62
2008.25
1841.04
1335.45
1666.16
2018.19
1627.28
203.813
1708.04
1074.17
2194.28
1312.7
1057.31
2172.51
1642.7
2180.21
2122.56
2143.33
2096.79
2080.21
2122.22
1561.43
2192.41
2132.22
2364.37
2080.76
2128.69
2175.87
2016.87
2168.77
2089.19
2007.55
2016.54
1904.15
2078.2
646.415
1510.4
2240.7
2222.49
2150.9
2055.84
2054.86
1575.17
1970.52
2198.51
5.377
679.271
848.729
335.101
254.471
1024.18
1600.59
1656.09
1583.63
1810.39
1701.79
1230.44
680.287
229.309
1061.04
1272.03
1836.93
1872.84
1942.59
1730.28
1541.2
1746.25
1972.65
1960.31
1850.9
1954.54
1869.98
216.393
807.873
1374.16
1777.85
1896.11
1987.31
1839.34
1837.27
1885.21
2053.75
1834.3
1733.14
739.535
1917.25
2025.23
1865.17
1923.01
1956.16
1329.19
1540.29
1605.88
1199.74
1981.83
1775.24
1948.99
1862.04
1687.22
1218.46
1833.98
1758.02
1776.01
1225.01
1019.8
1928.08
1378.27
2047.24
2041.08
2007.38
1901.68
2038.42
1618.51
1543.14
1679.97
1730.23
1858.46
1552.16
1145.97
971.043
1888.75
1950.92
2009.36
1923.26
1963.7
1815.37
353.061
338.752
1953.77
1551.86
1841.76
2011.61
1940.15
1791.54
700.874
1414.14
1956.22
1962.96
2013.55
1978.57
2187.57
1922
2091.94
2028.15
2022.61
2000.86
2061.23
1951.01
1875.64
2088.9
1996.8
2080.84
2147.11
1254.08
1970.86
2104.91
2080.91
2085.68
1560.05
1488.39
2066.72
2131.68
2087.68
2043.92
1967.43
1933.48
1988.93
2022.94
2005.88
1800.89
1982.38
1839.91
1329.69
2104.41
2107.98
2003.5
2113.8
2031.77
2008.75
1931.58
2106.9
2013.57
1464.41
1567
1964.22
1908.84
1919.14
1711.32
1964.75
2074.34
2068.64
2068.84
2087.56
2044.23
1583.79
2045.98
1343.83
1793
1810.85
1137.8
1787.83
2057.34
1871.91
1964.43
1205.21
1832.58
2005.92
1744.99
413.165
961.584
1393.67
1568.91
1628.23
542.07
1944.04
1626.62
2025.6
2135.73
2097.54
2114.37
2088.11
2064.49
1421.45
2003.17
2064.51
2156.29
2096.74
2072.38
2163.55
2067.87
2026.84
1961.3
2006.4
2029.56
1900.51
1859.1
1190.83
802.714
2086.86
2097.79
2126.26
2063.07
1968.24
1934.31
1500.37
2002.03
6.643
556.212
851.138
493.527
231.309
1003.28
1807.56
1844.82
1780.55
1864.22
1750.48
1343.13
602.27
253.049
924.209
1127.55
1752.13
1855.54
1910.56
1822.58
1724.51
1862.28
1913.45
1926.81
1834.62
1938.68
1911.85
358.07
597.559
1375.55
1781.81
1844.59
1934.48
1811.67
1788.18
1752.67
2011.09
1869.42
1780.59
633.151
1872
1963.96
1875.56
1922.7
2004.16
1361.69
1575.81
1620.5
1006.54
2012.49
1818.24
1739.01
1999.4
1453.55
1252.69
1658.87
1570.9
1660.18
954.056
1017.25
1719.58
1204.69
1883.36
1737.43
1854.68
1592.39
1837.03
1568.4
1250.44
1582.64
1687.35
1579.23
1386.04
1209.15
684.185
1750.09
1553.57
1710.03
1652.05
1708.78
1667.35
402.678
188.663
1731.56
1513.67
1519.36
1849.56
1670.26
1733.9
766.593
1324.03
1728.65
1776.98
1708.13
1691.92
1890.27
1842.61
1925.95
2000.39
1978.7
1775.62
1944.99
1903.33
1815.75
1845.1
1934.93
1957.95
2009.26
1275.32
1854.49
2075.32
2069.89
2022.75
1471.05
1179.3
1869.98
1961.42
1983.32
2010.81
1944.63
1900.28
2073.23
1837.03
1987.41
1765.99
1924.34
1762.59
1141.16
2016.56
1961.86
2024.54
1922.86
1918.28
1929.76
1904.83
1939.81
2001.41
1535.55
1282.6
1918.34
1926.78
2060.67
1568.23
1926.79
1992.83
2045.82
2059.04
2038.88
1941.29
1400.15
2010.62
1440.41
1975.65
1818
1163.04
1458.18
1935.59
1943.82
2003.3
1117.31
1879.19
1656.3
1653.24
567.496
694.684
1601.22
1430.96
1761.43
406.927
1821.89
1541.09
1940.13
2051.42
2102.45
1988.86
1931
1961.9
1498.15
1746.74
1970.26
2039.92
2002.83
1906.69
2011.78
1909.48
1973.61
1995.38
2003.4
1922.17
1938.23
1963.25
1347.79
533.901
1966.69
2030.57
2063.47
1960.84
1871.82
1886.26
1316.32
1859.12
201.587
732.428
867.696
230.894
441.346
1565.6
1760.68
1784.27
1605.64
1710.15
1445.68
780.631
560.846
240.96
1060.24
1410.02
1530.04
1584.88
1670.25
1528.1
1542.35
1670.59
1776.01
1684.39
1641.9
1796.03
1008.14
37.788
1494.31
1341.99
1730.06
1719.67
1815.94
1580.9
1702.29
1826.39
1776.17
1741.15
1036.13
1053.32
1766.38
1680.49
1656.18
1850.41
1742.34
939.562
1852.28
847.266
1772.93
1906.53
1691.86
1872.3
1469.38
1851.61
1310.77
1600.51
1865.87
975.237
1542.9
1085.13
1804.85
1210.63
1930.56
1813.33
1683.87
1705.33
1813.59
1088.89
1529.01
1869.93
1602.97
1791.84
1400.92
478.917
1598.63
1661.59
1846.64
1843.91
1895.54
1833.84
1060.81
112.413
1015.15
1905.86
1323.93
1999.59
1905.69
1877.79
1387.73
737.357
1992.08
1993.27
2014.91
1968.67
2017.49
2021.67
1806.73
2031.9
1975
1954.33
1865.44
1984.94
1968.44
2013.59
1917.31
2061.3
2054.9
1926.18
1195.26
1843.93
1894.9
1873.9
1976.4
1386.16
1505.91
2022
2016.49
2030.36
1997.42
2019.53
2016.11
2020.91
1918.82
1935.01
1875.92
1894.93
1294.21
1798.16
2020.66
2070.89
2100.86
2078.57
1924.57
1951.54
1919.22
2054.39
1909.2
977.739
1976.77
1875.28
1967.17
1694.46
1917.94
2027.77
2063.39
2071.32
1993.68
1975.71
1997.68
1483.92
1626.14
1730.19
1745
1551.07
1189.42
2063.04
1914.51
2014.4
1763.58
1393.32
1600.49
1850.7
1472.43
171.157
1693.74
1076.19
2080.88
1213.74
1119.12
2027.95
1516.82
2037
2008.29
2057.63
2096.33
2022.14
2013.77
1410.08
2109.77
2039.36
2192.64
2014.41
2013.14
2137.42
1947.56
2034.78
2093.26
2014.38
2038.37
1883.71
1989.3
427.961
1472.99
2068.34
2056.1
2108.54
2039.99
2030.45
1418.64
1978.01
2059.82
141.708
803.113
888.473
245.179
446.942
1627.94
1913.55
1922.42
1772.54
1944.63
1852.16
822.112
622.218
233.925
1201.31
1596.84
1892.37
1861.35
2034.96
1838.89
1790.44
2087.62
2036
1940.01
2037.12
2049.75
1304.23
70.254
1244.04
1494.34
1842.74
1959.04
2030.38
1801.11
1844.82
1982.73
2110.34
1999.14
1232.92
1118.79
1977.92
1919.98
1946.32
1917.34
1880.97
971.352
1887.78
1001.03
1768.59
2071.91
1820.48
2004.51
1620.39
1912.79
1394.02
1799.05
2130.88
1196.95
1587.56
1177.8
1987.74
1400.31
2008.21
2089.19
1975.6
1957.99
2015.37
1137.37
1634.58
2011.55
1656.6
1955.65
1467.44
642.709
1656.63
1848.23
2040.92
1962.76
2000.65
2054.55
1330.45
160.275
1027.29
2016.39
1346.01
2050.77
1946.73
1929.94
1515.34
686.638
2039.93
1965.03
2046.37
2096.49
2141
2083.48
1875.72
2007.95
1930.93
2020.05
2023.81
2063.23
1991.72
2019.01
1921.72
2098.2
2147.13
2009.21
1264.34
2047.22
2126.57
2180.31
1964.56
1450.8
1534.33
2074.68
2053.04
2053.64
2107.36
2138.57
2054.71
2120.34
1892.17
1934.09
1843.67
1849.94
1299.95
1703.22
2122.97
2118.66
2041.54
2055.97
1969.87
1894.1
1987.12
2108.61
1985.27
909.343
2096.08
1975.54
2066.93
1684.76
2075.84
2094.75
2139.43
2112.24
2086.39
2008.21
2070.91
1524.27
1781.82
1702.79
1848.07
1496.94
1188.16
2076.38
2037.39
1914.12
1751.2
1416.12
1747.62
2032.72
1582.64
171.075
1585.33
1007.68
2021.24
1258.29
1074.85
1983.67
1642.25
2090.51
2143.76
2127.82
2059.24
2044.21
2056.99
1459.43
2161.67
2026.39
2188.84
2096.45
2068.51
2040.97
2017.65
2070.98
2043.23
2027.2
2038.21
1921.17
2018.17
557.14
1381.77
2045.21
2097.57
2049.72
2033.43
2015.57
1486.34
2056.48
2102.44
