1817.47
2152.76
1630.31
1769.99
1889.62
2099.5
1657.88
1599.45
1481.81
1547.48
1665.71
1554.6
1563.24
1481.29
1745.93
1488.91
1180.46
2079.89
1654.45
1463.47
1243.25
1530.56
1033.08
1698.32
2128.56
2168.33
1463.42
1518.1
1638.68
1503.84
1890.37
2337.86
2179.61
2215.56
1905.46
1864.39
1723.99
2010.52
1134.4
1505.94
1843.73
1637.74
1619.31
1497.77
1374.02
1731.08
1473.92
1541.89
2219.06
1872.97
1539.62
1175.61
931.014
1553.35
1617.12
2230.89
2062.66
1808.58
1770.41
2031.39
2147.44
1593.58
1201.88
1143.41
1376.51
1439.16
1536.06
1581.04
1922.96
1367.12
1192.11
833.354
1660.71
1447.55
1573.86
1299.8
1229.06
1565.11
1753.75
2058.59
2321.21
1874.06
1605.15
1945.62
2317.07
2032.58
1397.65
1233.69
1734.82
1086.48
2088.14
2074.99
1433.35
1021.3
1937.67
2382.53
2135.8
2177.09
1738.6
1574.56
1398.6
1150.51
1267.4
1596.05
1467.64
2416.79
2173.29
2162.16
1867.75
2000.08
1917.98
1937.89
1872.34
1661.48
1463.39
1048.74
992.352
2143.78
2395.84
2479.95
2035.74
1849.94
1850.7
1613.1
1654.94
1246.4
1034.14
1833.63
2702.79
2087.29
2341.13
1995.07
1810.03
1219.59
1247.6
1425.61
1275.55
853.985
979.578
1449.31
1954.91
2051.56
1416.9
1791.83
2029.7
1720.79
1175.39
1416.97
1470.51
1978.56
1798.68
1557.97
1247.2
1389.91
1419.03
955.409
1411.44
2362.33
1782.1
1414.14
1785.61
1201.62
1119.3
1521.37
1989.69
2503.25
1996.26
1818.54
1377.6
953.224
1538.05
1925.42
1490.62
1815.46
1951.26
2119.61
1708.06
1618.13
1859.13
1374.24
1862.76
1645.69
1774.22
2406.12
2324.63
1966.67
1586.82
2216.39
2152.66
2207.04
2046.38
1992.5
1390.38
1558.47
1469.05
1629.48
1435.37
1155.07
954.326
878.916
997.814
441.67
2326.28
8010.19
8084.46
8079.59
8544.04
8725.06
7483.78
8196.9
8217.13
8279.85
8071.38
7685.67
7657.57
8441.75
7713.38
7712.35
7863.04
8231.02
7954.41
6932.31
7844.66
8108.66
7469.14
7998.85
8674
8034.81
7895.3
7734.53
8379.77
8297.76
8156.09
8050.32
8264.35
7516.19
1279.19
859.24
1044.29
808.589
387.403
783.144
804.665
489.475
659.97
531.458
810.124
695.04
559.316
988.84
1120.07
734.551
719.533
290.291
702.995
834.814
1086.07
1059.92
741.911
791.146
884.935
991.493
913.159
801.107
429.299
613.755
851.682
618.411
327.241
383.854
599.538
557.72
441.954
417.986
734.884
897.582
960.229
606.801
823.443
709.203
745.817
1010.3
943.385
684.985
721.382
721.519
1439.13
970.386
434.937
736.866
648.521
461.135
1187.92
1003.78
476.632
482.329
1402.52
1363.9
880.084
718.508
381.904
738.454
487.615
389.774
456.633
628.625
1096.11
1139.2
1044.69
1017.92
951.49
797.824
857.92
1050.45
1022.42
696.746
762.345
354.255
583.197
1178.53
1137
1023.01
761.187
998.429
658.066
721.262
826.263
480.992
674.975
812.045
1303.71
1063.93
1350.01
979.637
559.776
510.938
755.776
651.841
489.918
266.209
442.213
915.284
864.615
760.698
494.918
1013.1
1245.15
544.64
534.378
450.512
906.513
898.823
803.494
782.493
499.819
731.458
748.356
422.542
1089.82
1057.15
588.974
844.455
752.449
399.018
583.43
758.403
1334.5
1239.78
1010.52
757.68
653.586
432.611
825.373
927.013
749.58
812.894
1130.23
893.239
557.84
892.65
485.011
645.908
716.629
736.741
793.315
1179.13
1294.28
705.785
762.815
1084.38
1083.45
1115.85
917.18
906.664
606.959
845.48
800.623
593.151
695.501
362.798
522.172
271.066
564.258
855.317
658.629
677.312
462.979
1194.77
1226.78
701.138
797.357
675.201
772.669
633.989
659.56
759.647
813.45
1013.85
610.865
613.178
883.839
714.357
585.658
537.064
773.011
502.47
846.394
1253.85
896.068
542.799
903.234
751.685
608.326
949.791
1181.48
1140.94
921.914
1118.91
871.067
962.284
855.152
376.043
797.975
856.459
588.752
596.129
552.705
845.112
789.512
407.128
717.487
999.649
874.278
558.81
385.156
534.649
638.605
1068.87
1198.05
724.203
796.821
2480.33
8818.87
8754.88
8118.07
7620.11
8106.54
7450.47
7907.79
7872.19
7822.2
7629.67
7394.62
7333.62
7693.97
6705.4
7292.61
8083.55
7961.99
8018.79
7499.16
7316.98
9070.11
7907.06
7234.68
8186.11
8131.22
8978.09
8087.31
7939.08
8155.07
7964.16
7314.43
7794.53
8475.02
3323.27
461.818
1182.55
1215.78
884.326
790.871
553.54
546.073
546.018
497.721
478.757
544.343
1003.33
978.304
1066.44
958.677
842.97
867.916
961.407
871.079
816.28
776.987
806.302
486.534
514.828
1042.28
1134.03
1075.91
713.592
940.152
738.13
839.834
850.325
568.556
495.072
1068.03
1005.84
932.811
1180.76
1031.69
706.404
586.8
784.787
608.256
514.801
378.714
340.663
788.177
807.952
928.185
445.772
1015.73
1272.19
652.867
649.978
406.356
746.707
771.037
872.946
706.245
371.227
641.559
799.821
409.634
915.336
997.233
666.461
840.967
711.136
520.492
667.623
648.2
1343.99
1172.56
1070.48
790.777
593.091
455.94
673.309
975.62
752.83
715.057
1081.18
929.149
570.729
722.804
715.756
682.858
670.776
728.16
721.168
1168.02
1372.72
761.767
750.798
992.512
891.128
1152.91
840.763
821.764
693.113
740.444
771.998
505.715
586.441
467.207
456.57
387.715
2340.49
2615.76
2068.92
1867.52
2610.5
2625.09
2207.68
2253.04
2066.13
2141.7
2217.93
2289.83
2329.55
2307.06
2333.01
2063.21
1994.77
2579.07
2137.34
2188.55
1826.72
2092.41
1367.28
2205.26
2572.5
2527.73
1890.29
2228.43
2178.22
2159.6
2692.93
3006.5
2669.79
2730.21
2527.55
2314.06
2484.32
2816.66
2390.59
2628.29
2298.92
2097.16
2071.2
1762.51
1647.43
1940.49
1634.65
1979.59
2726.2
2392.21
2096.44
1509.44
1505.7
2219.57
2420.03
2936.77
2470.03
2289.9
2214.57
2332.56
2701.29
1986.54
1535.36
1494.09
1794.83
1721.6
1962.72
2100.74
2461.55
1902.35
1704.85
1341.11
2272.31
2045.04
2153.88
1873.74
2125.06
2235.25
2404.37
2635.41
2913.98
2303.99
2204.31
2544.98
2935.01
2595.69
2062.82
2030.99
2479.4
1873.42
2703.29
2653.18
1831.06
1589.84
2475.74
2979.53
2762.82
2590.43
1804.84
1706.88
1771.83
1554.23
1655.34
2013.31
2213.55
2843.31
2726.18
2572.84
2367.02
2310.91
2214.51
2585.78
2415.77
2169.66
1827.21
1361.62
1404.51
2774.07
3028.55
3039.66
2359.55
2361.56
2169.66
2163.3
2328.75
2271.77
2467.01
2580.44
3376.81
2728.76
3093.23
2611.4
2217.81
1673.52
1672.07
1731.49
1671.34
1251.73
1410.93
2059.06
2558.87
2458.71
1869.89
2537.86
2787.6
1966.62
1720.07
1744.85
1969.38
2290.01
2279.96
2055.74
1698.05
1753.33
1795.94
1414.83
2148.03
2837.68
2284.3
2031.3
2434.93
1834.59
1804.65
2239.6
2761.41
3240.16
2671.51
2301.2
1833.57
1429.08
2167.98
2493.16
1990.25
2286.3
2636.03
2369.29
1959.14
1955.24
2316.09
1907.2
2271.26
2371.08
2172.62
3128.97
2925.28
2876.84
2534.71
2537.01
2653.6
2842.43
2561.21
2457.81
1924.32
2100.19
1791.17
2047.4
1924.2
1628.11
1516.1
1320.19
1415.66
2092.91
2310.53
1990.29
1940.23
1680.25
2193.07
2239.12
2001.33
2026.01
1864.04
2080.03
2114.47
1833.2
2465.65
2198.63
1834.65
1688.27
2041.21
2026.54
1900.95
2006.09
1679.48
1814.16
1324.66
2347.8
2229.98
2181.72
1770.11
2060.92
2083.54
2112.76
2530.22
2477.42
2508.46
2247.17
2160.84
1963.49
2337.93
2354.13
2208.65
2379.55
1847.27
1515.38
1733.48
1284.02
1430.69
1473.94
1327.87
2145.53
2341.02
1976.65
1623.12
1103.03
1529.07
2067.36
2045
2370.99
2180.95
2120.16
1950.68
2250.74
2287.02
1738.87
1294.26
1224.98
1551.19
1338.24
1143.58
1177.42
1850.25
1705.88
1527.7
1523.06
1996.02
2058.49
1816.49
1688.99
1996.78
1885.61
2320.21
2627.48
2396.07
1817.29
2065.5
2038.21
2542.86
2112.68
1648.92
2199.79
2191.38
1841.07
2387.98
2239.16
1529
1608.28
2367.51
2507.19
2429.97
2191.65
1730.59
1718.9
1658.98
2058.12
2855.57
2008.36
2217.78
2196.94
3112.72
2636.68
2300.08
2047.48
2207.62
2187.92
2124.21
1687.21
1290.48
952.591
1650.54
2609.52
2692.93
2591.67
1981.42
2177.63
1786.56
2120.64
1753.73
2456.82
2176.85
2499.85
2732.98
2430.69
2632.67
2264.64
1685.13
1557.23
1388.37
1326.37
1392.09
1041.06
1380.49
2150.42
2085.84
2131.9
1363.43
2596.02
2254.69
1492.75
1795.78
1447.5
2037.7
2056.63
2001.82
1660.88
1443.28
1439.72
1355.83
1197.89
2335.51
2429
1710.89
2230.53
2129.75
1555.57
1984.15
2035.27
2647.99
2511.53
2228.05
1863.11
1557.7
1293.26
2028.9
2195.81
1992.68
2022.74
2216.52
1943.53
1701.94
2036.51
1607.15
1861.33
1821.07
2202.08
2068.33
2682.19
2590.09
2360.42
2081.03
2287.66
2494.86
2458.37
2051.87
2033.56
1542.41
1772.72
1286.33
1362.99
1741.51
1243.4
1366.29
1081.38
