2174.75
2061.7
2122.56
2061.06
2313.61
2159.77
1949.97
2199.5
2131.93
2308.35
2255.43
2224
1914.92
2134.1
2004.31
2295.63
1849.9
2197.37
1880.58
1985.69
2038.05
1917.15
2026.86
2305.13
2244.54
2232.28
2096.07
2154.34
2122.73
1760.95
2050.06
2109.74
2147.27
2211.14
1924.88
2203.24
2140.92
2052.72
2187.45
2287.38
2268.16
2041.29
2014.91
2317.51
2283.07
2048.62
2020
2311.24
2113.79
2194.94
2233.87
2045.38
2246.03
2162.68
2213.68
2105.51
2143.34
2111.3
2259.95
2239.17
1891.99
1955.95
2193.7
2110.01
2095.22
2183.62
2106.11
2120.33
2207.45
1827.46
1945.25
2152.65
2411.05
2091.75
2050.07
2128.13
2302.06
2178.2
2146.18
2184.71
2156.7
2261.71
2057.85
1987.5
1853.67
2059.88
2050.76
1824.56
2026.88
1997.54
2327.07
2266.92
1742.25
2204.93
2115.58
2298.27
2285.75
2344.59
2247.84
2369.39
2253.03
2271.28
2276.37
2253.92
2329.2
2294.57
2061.22
2172.3
2035.17
1963.08
1909.72
1997.05
1876.26
2007.12
2008.18
2100.02
2230.56
2227.88
2246.1
1988
1754.62
1645.55
1955.73
2210.14
2011.28
2091.81
1935.09
2147.91
2049.34
2186.39
2159.34
2221.48
2219.84
2074.75
1861.07
2079.28
2134.43
2000.78
2178.4
2074.32
1932.14
2201.81
2085.69
1726.8
1723.02
2036.81
2170.53
2463.07
2115.8
1978.98
2185.32
1639.38
2285.65
2017.91
2101.11
2319.58
2004.83
1805.92
1894.97
2014.07
2431.34
1938.9
2030.71
2193.53
1992.51
2287.82
2202.95
2056.53
1858.1
2165.83
2125.2
2231.66
2155.54
1925.31
2324.07
1718.68
2036.27
2068.07
2008.86
1891.94
2228.39
2240.01
2326.83
2165.62
1903.41
2292.23
2315.91
2099.99
2090.6
2187.46
2138.05
1917.44
2230.99
2190.11
2256.72
2064.07
1837.12
1998.6
2249.2
2250.59
2117.19
2199.81
2001.08
2168.96
2165.24
2140.87
2085.09
1783.19
2062.27
2231.04
1752.24
2144.72
2167.6
2262.31
2158.15
2154.65
1932.52
2351.37
2245.28
2150.55
2341.39
2179.51
2048.57
2063.98
2231.59
2130.76
2171.41
2203.2
2210.07
2378.39
1975.35
2037.56
1780.88
1873.81
2306.21
2358.01
1908.57
2043.6
2195.39
2220.83
1886.18
2068.37
1970.27
2196.73
2192
2393.02
2238.3
2321.06
2218.84
2191.84
2109.59
2223.38
2030.28
2265.39
2049.91
2252.98
1991.61
2269.91
2028.6
2122.2
2166.38
2402.06
2229.72
2137.2
2057.27
1962.78
2065.77
1869.69
1872.15
2007.29
2334.51
2226.47
2285.22
2110.68
2010.65
2194.61
2528.76
2371.45
1928.02
2047.93
2115.8
2105.9
2177.67
2377.18
2045.96
1868.81
2252.14
2104.39
2402.52
2106.29
2136.79
2331.93
2228.79
1969.21
2310.44
2176.35
2031.94
2227.66
2088.05
2197.28
2374.23
2175.09
1989.82
2309.7
2189.17
2301.8
2379.14
2255.93
2054.2
2095
2201.76
2133.45
2210.72
2154.14
2010.37
2222.01
2218.16
2170.83
2062.19
2097.73
2268.33
1735.18
2244.35
1941.61
1960.34
2058.73
2041.61
2313.66
2089.45
1871.79
2220.06
2409.91
2235.35
2121.48
2321.72
1862.14
1942.64
2144.94
2355.08
1985.2
2279.69
2256.8
1981.22
1967.6
1409.09
2222.72
2079.96
2247.21
1966.9
2137.26
2168.21
1482.6
2220.43
2401.92
2281.51
2215.68
2167.1
2272.13
2085.33
2036.45
2456.42
1919.3
2220.53
2055.9
2164.51
2198.48
2110.86
2250.67
2391.76
2163.01
2016.41
2192.03
2361.79
2322.82
2172.47
2030.89
2403.23
2007.89
2115.07
2393.28
2228.91
2187.59
1975.18
2161.89
2050.69
2209.75
2237.99
2278.88
2119.68
2133.68
2027.38
2418.18
2254
2148.81
2121.66
1967.72
2162.56
1906.98
1967.24
2255.43
2174.01
2082.93
2255.12
2131.68
2040.82
2168.62
2177.68
2053.47
2006.2
2089.82
2261.08
1979.22
2151.79
1990.68
1768.34
2369.35
2339.59
2188.27
1852.94
2028.02
2131.69
2145.24
2113.04
2183.09
2309.54
2214.95
2090.63
2337.32
2266.56
1997.76
2068.74
2305.46
1949.6
2120.41
2179.27
2258.01
2086.22
1979.85
2031.87
2249.29
2302.19
2347.57
2188.49
2315.93
2426.68
2138.06
2290.37
2139.26
2210.17
1918.33
1976.81
2098.41
2143.56
2061.69
1990.13
2078.01
1808.38
1993.51
2059.52
2128.54
2038.73
1876.24
2110.16
2243.34
1821.78
1980.02
1958.03
2032.52
1984.38
2045.17
2172.82
2325.66
2291.72
2105.3
2269.88
2309
1908.48
2086.15
2278.2
1976.61
2233.59
2135.65
2136.25
1954.27
2057.49
2180.03
1963.43
2143.22
2209.31
2106.53
2104.82
2222.93
2205.36
2149.58
2134.82
2165.4
2031.29
2293.21
2169.41
2131.77
2040.55
2228.72
2180.22
2123.47
1998.09
2256.59
2074.34
2329.43
2252.25
2178.11
2094.31
2061.82
2128.7
2327.23
2041.28
1994.01
1978.16
1899.64
2049.71
1898.28
2191.91
1785.57
1650.91
1878.83
2312.07
1897.95
2332.89
2197.78
1972.45
2019.26
2157.62
2179.49
2126.21
2222.86
2259.27
2049.6
2042.37
2150.91
2086.94
2233.92
2239.24
2334.14
2041.38
2341.43
1789.46
1839.1
1904.22
2148.1
2402.15
1884.48
2047.8
2407.35
1703.76
2339.13
2225.75
1883.78
1892.82
2032.45
2221.87
1820.04
1802.12
2141.32
2011.13
2052.5
2033.89
2317.88
1978.33
2140.93
1825.6
2077.96
2291.12
2358.67
2423.66
1711.23
2158.06
2085.32
2147.36
2144.75
2092.47
2055.13
2152.84
2192.07
1970.36
2110.51
2104.58
2145.43
2371.24
2077.31
2141.3
2065.66
2073.92
2051.18
2168.24
1980.22
2327.67
2091.3
1821.59
2081.55
1966.63
1814.09
2099.93
2467.7
2281.93
2032.03
2016.53
2029.28
2376.63
2067.22
1950.83
2114.83
2045.35
2023.71
1935.67
2049.3
2105.44
2155.03
2274.47
2306.24
1968.9
2183.15
1761.29
2074.03
2385.58
2108.33
2265.09
1777.85
2219.74
2321.93
2199.34
1983.94
2065.4
2079.12
2219.86
2198.75
2214.56
2192.84
2025.97
2266.94
2314.22
2226.96
1953.48
1932.93
2315.51
2006.77
2282.71
2282.22
2156.97
2140.26
2320.66
2194.36
2377.54
2348.34
1917.05
2191.3
2238
1951.48
2061.94
2197.06
2068.34
2182.66
2032.77
2169.85
2189.37
2256.82
2023.76
2203.72
2340.08
2188.29
2345.14
2022.62
2084.05
1813.58
2200.11
2166.21
2189.87
2321.95
2100.15
2124.05
2380.21
2273.26
2285.99
2395.01
2264.63
1939.33
1726.06
2070.49
2272.47
2179.67
2267.85
2100.34
2240.4
2124.64
2353.96
2272.51
2213.11
2015.41
1930.55
2091.87
2036.51
2280.12
1972.75
2353.91
2278.68
2058.38
1969.56
2026.94
1960.81
2036.39
2362.96
1998.79
2309.06
2010.88
2326.45
1830.08
2053.63
2158.7
2344.27
1989.36
2155.24
2300.05
2311.94
2412.75
2065.23
1811.41
2027.17
2352.19
1859.8
2188.07
2079.71
2265.21
2171.41
1946.82
2230.63
2297.59
2213.68
2102.47
1939.24
2073.96
2021.3
2030.56
2010.23
2036.26
2198.11
2286.66
2280.84
1997.01
1960.78
2284.4
1698.94
2162.7
2191.43
2000.39
2157.46
1634.24
2309.09
2320.97
1954.42
2356.87
2141.83
2159.43
2131.99
2179.67
2215.64
2037.74
2001.83
2305.25
2158.24
2132.53
2331.98
2285.47
2267.2
1912.22
2106.38
2169.34
2079.37
2043.57
2218.31
2140.94
2119.88
2106.35
2148.16
2063.43
1843.95
2045.32
2400.28
2309.18
1972.68
2317.86
2184.18
2174.7
2282.35
1815.81
1773.98
2128.14
2287.34
2273.35
1885.99
2013.67
2277.77
2380.06
2178.65
2259.74
2331.58
2231.67
1965.54
2260.72
2350.34
2421.87
2383.5
2112.53
2223.52
2104.51
1846.43
2028.8
2272.75
2201.42
2217.93
2072
2314.8
2189.35
2224.49
2075.28
1698.25
2290.16
2244.5
1999.1
2255.6
2304.16
1999.14
2169.57
1973.44
2135.32
2256.74
2204.32
2313.99
2388.71
2261.66
2281.69
2043.53
2202.28
2197.92
2110.67
2118.44
2186.87
1958.22
1938.83
2194.64
2020.25
2179.78
2284.91
2494.55
2215.98
2368.93
2225.42
1968.7
2130.69
2127.36
1894.01
2018.61
2309.84
2132.97
2173.05
2133.28
2054.1
2178.74
2040.63
1994.61
2182.97
2083.9
2066.69
2108.46
2190.32
1975.63
2104.47
2325.53
2256.03
2164.43
2079.9
1947.09
2238.25
2147.1
2115.25
2014.6
2035.77
2262.03
2069.47
2179.59
2286.58
2158.12
2165.32
2120.2
2028.88
1863.22
1813.72
2017.34
2336.47
2072.11
2303.58
2321.08
2029.68
2265.95
2314.58
2137.56
2277.72
2236.11
2088.19
2343.78
2043.91
2320.31
2267.28
2116.85
2218.34
1978.2
2192.82
2209.88
2485.06
2107.94
2210.64
1994.33
2332.06
2350.06
2151.11
2171.37
2133.44
1488.7
2229.67
2206.39
2110.54
2117.61
2083.46
2175.61
2232.28
2285.22
2302.26
2185.46
2350.57
2236.22
2260.9
2092.72
2243.1
2094.77
1943.24
1797.41
2200.79
2229.37
2170.18
2138.81
1468.95
2238.48
2118.36
2237.09
2090.57
2143.35
2326.58
1552.47
2240.7
2173.29
2149.17
2178.49
2101.82
1948.8
2099.99
2191.51
2372.62
1983.88
2235.09
2329.85
2187.77
2155.45
2175.14
2073.07
2229.73
2231.06
2315.66
1859.2
2040.77
2222.55
2233.63
2224.64
2251.55
2020.87
2099.53
2063.2
2146.97
2165.72
2362.2
2243.01
1988.18
2118.17
2137
1991.12
2002.92
2035.78
2004.86
2170.01
2042.97
2015.56
2116.39
2252.3
2075.37
2157.18
2252.95
2314.8
2230.7
2038.51
