1823.14
2003.97
2286.88
1823.49
1810.12
1450.93
1566.7
1279.62
1730.89
1634.36
1378.67
1487.1
1233.8
1486.85
794.906
911.324
1042.62
1707.46
1357.83
1461.34
1560.46
1767.64
2103.11
1725.48
1530.48
1541.38
1324.35
1681.47
2296.11
1768.68
1454.72
1353.09
1710.35
1299.19
1404.12
1244.77
1806.17
1790.1
1663.86
2499.22
1668.8
1469.35
2318.61
1871.65
1325.58
1801.03
1433.23
1443.42
1954.91
1425.07
1657.3
1136.4
1329.82
1530.73
1658.96
1411.47
1215.93
987.657
999.7
1332.55
1525.95
1880.97
2406.72
1942.1
1872.55
2023.86
1884.46
938.58
1776.81
1642.63
1378.87
1778.79
1519.77
1818.86
1715.74
1705.95
1560.95
1612.29
1872.37
1632.11
2047.31
2131.02
2200.7
1608.63
1446.86
1463.6
1123.42
895.197
1480.66
1168.31
796.626
1247.71
2143.27
1483.56
1484.18
1591.59
1156.77
1714.32
1728.46
1053.85
1004.31
1862.82
2440.69
2065.39
1916.94
1601.79
1676.31
987.851
1370.13
1652.61
1767.79
2055.23
2199.89
1874.2
1786.14
757.989
1792.7
1263.57
1591.83
1665.18
1563.28
1980.78
2222.39
1650.14
1559.96
1622.32
1207.57
1143.7
782.184
1780.19
1591.04
1772.55
2187.36
1412.01
1592.53
1709.09
1313.12
1507.4
1078.62
1492.93
1397.35
1462.51
2096.27
1467.26
1392.48
1398.99
1459.12
1648.63
1224.17
1305.72
1605.74
972.559
1884.79
1920.2
1866.3
1596.61
1182.19
1746.35
1693.57
1609.6
1561.84
1874.62
2504.05
1421.38
1375.8
919.321
843.437
1262.49
1904.83
1834.47
1709.19
1931.33
2146.77
1967.5
1882.32
1441.99
1444.33
1658.36
1161.38
1582.73
1088.07
1011.49
2101.55
1877.52
1107.85
1519.18
1663.85
1892.12
1970.74
1554.02
1475.55
1583.04
2560.58
1787.11
1409.21
1860.32
1319.42
1564.75
1962.48
1349.8
1236.75
818.739
836.213
1031.39
677.649
732.248
467.93
695.915
492.6
764.808
514.521
549.976
592.85
734.645
513.285
424.454
433.818
467.624
621.679
463.989
664.648
689.313
733.993
1015.33
644.354
643.943
476.19
658.033
772.48
601.574
709.972
545.844
662.195
930.623
443.083
594.963
562.89
732.681
776.841
551.402
517.324
718.608
654.054
1120.4
508.45
823.642
474.439
643.961
614.599
710.511
420.018
793.974
502.503
698.11
579.757
657.237
566.559
425.451
448.307
429.041
530.599
553.73
914.68
1102.33
924.496
641.443
715.175
567.346
446.765
762.879
508.416
640.309
641.125
847.565
652.18
862.903
435.49
606.931
762.346
585.35
690.266
939.921
765.148
1059.69
681.185
526.352
573.262
508.382
313.161
481.558
440.562
385.394
668.224
1070.83
605.455
427.311
694.115
495.051
533.727
452.76
334.761
625.403
828.364
1105.07
795.579
739.347
633.845
514.771
484.967
511.792
680.082
767.984
826.959
973.422
776.245
585.496
448.033
639.801
548.815
787.723
451.084
597.335
809.18
1072.86
704.81
508.784
621.507
367.265
412.65
534.027
730.157
571.05
800.458
847.553
553.856
752.576
658.89
530.427
515.171
433.861
511.915
705.054
737.517
889.48
565.978
637.702
534.787
578.25
660.894
390.617
522.538
638.072
574.716
972.723
772.171
644.198
572.637
545.521
690.687
656.001
708.467
586.218
843.607
1088.21
544.873
482.158
342.327
392.67
816.063
605.008
644.977
834.086
780.27
933.748
797.824
709.207
389.622
725.832
541.315
597.597
496.668
454.325
593.868
1053.71
607.631
412.578
756.737
635.305
823.455
596.954
640.828
634.875
751.807
996.591
749.231
756.333
519.588
619.228
632.157
760.937
470.284
514.777
611.517
713.144
868.344
653.054
789.763
508.33
533.351
495.756
604.885
624.112
569.316
656.67
477.739
526.99
285.847
435.069
489.056
482.857
537.696
624.868
734.327
510.201
876.454
539.647
727.772
494.34
546.067
669.429
709.704
679.419
605.903
584.606
664.469
504.254
498.721
525.273
659.151
765.076
621.268
447.958
728.958
472.066
908.204
750.007
475.05
578.939
530.998
566.673
787.775
521.677
623.815
549.957
461.822
571.832
603.869
630.996
372.183
517.891
341.822
502.092
557.47
664.16
860.615
788.437
751.732
688.176
717.031
404.158
658.482
619.384
465.57
630.28
591.556
686.15
524.079
670.603
635.341
575.688
647.538
595.847
764.64
750.597
874.414
694.661
533.713
572.922
453.565
486.674
369.249
437.266
354.401
408.652
758.311
645.454
504.346
606.272
419.529
473.6
669.087
389.826
390.705
739.653
800.054
790.063
729.41
675.834
540.614
396.059
584.653
659.738
485.241
923.996
755.807
735.601
689.316
305.171
643.141
557.508
585.608
560.577
619.58
744.296
792.416
586.607
598.859
625.5
449.026
390.737
359.566
588.761
672.472
607.151
865.926
469.138
575.235
618.451
538.584
584.256
423.464
545.233
559.211
726.558
723.927
453.9
655.395
535.894
513.336
747.443
939.466
462.206
620.995
431.735
629.865
796.572
673.458
532.182
485.33
638.838
1771.72
731.299
568.519
707.777
870.764
577.516
532.072
323.562
379.946
568.235
589.376
834.145
513.043
751.722
776.158
741.651
691.744
467.45
672.05
662.405
510.049
521.115
407.348
470.342
717.881
767.734
447.924
485.819
588.771
726.039
754.246
617.572
583.297
605.991
847.108
657.23
621.704
738.913
420.312
730.123
712.682
619.428
440.311
3004.93
2759.84
2932.82
2563.81
2650.36
1927.32
1897.02
2483.8
2768.45
2127.33
2179.72
1601.61
1871.72
1463.58
1127.74
1611.55
2106.46
2251.76
2012.45
2187.92
2720
2497.13
2725.52
2086.36
2312.86
2248.48
2164.18
2492.72
2746.25
2125.68
2073.66
2239.92
1661.71
1997.34
1911.65
2331.99
2715.87
2655.08
2211.7
2396.7
2366.33
2651.92
3085.97
1733.6
2870.6
2175.73
2138.98
2768.51
2420.76
2330.27
2115.88
1506.74
1931.49
2072.52
2578.02
1852.23
1493.49
1521.37
1781.49
2066.45
2508.03
3313.61
2831.09
2867.8
2706.45
2955.69
1554.72
2413.49
2631.56
2008.17
2618.1
2147.7
2355.68
2339.55
2913.89
1986.41
2459.24
2657.73
2527.61
2694.26
3277.4
2814.36
2481.19
2136.72
2011.48
1913.8
1467.64
1244.89
2084.08
934.067
1714.14
2324.95
2587.76
2115.96
2363.35
1863.39
1335.38
2197.39
1586.41
1144.85
2611.82
2844.84
3231.39
2591.83
2546.41
2644.34
1611.48
2116.72
2208.8
2525.79
2927.05
3019.34
2655.83
2478.93
1825.93
2365.21
1976.89
2158.05
2806.25
2229.43
2786.24
2883.29
2498.14
2265.76
2404.41
2258.02
1483.83
1317.09
2284.86
2388.11
2727.95
2753.73
2154.74
2243.05
2767
1964.74
2121.97
1846.22
1955.28
2190.26
2233.11
2210.07
2312.2
1664.97
2414.06
2079.33
2363.88
2235.61
1575.87
2089.15
1738.12
2241.29
2665.05
2525.6
2587.39
1969.34
2283.47
2567.87
2223.54
2413.78
2686.93
3190.86
2450.89
1952.36
1383.22
1216.42
1776.1
2519.56
2812.57
2586.26
2893.3
2858.97
2785.07
2567.34
2679.74
1722.88
2450.16
2045.78
2111.09
1853.14
1534.48
2197.19
2722.68
2121.15
2022.62
2486.93
2490.64
3227.36
2326.22
2131.94
2629.87
2751.26
2802.7
2335.57
2311.45
2284.98
2437.47
2481.81
2501.61
1705.73
2143.19
1971.58
1875.74
1948.65
1682.03
1961.64
1401.99
1580.35
1558.25
1979.48
1561.7
1465.67
1239.45
1295.83
1092
796.514
1167.3
1344.15
1583.23
1307.47
1679.91
1790.42
1772.99
1822.78
1492.09
1620.74
1580.64
1467.5
1797.97
1690.93
1668.8
1340.9
1470.89
1199.05
1292.83
1414.57
1377.53
1791.45
1815.38
1700.22
1569.37
1782.54
1729.93
2064.29
1387
1883.77
1611.58
1656.46
1737.9
1842.27
1493.97
1614.36
1036.46
1195.32
1486.75
1778.35
1315.6
1152.08
1064.45
1210.79
1445.16
1681.05
2162.86
1879.9
1949.91
1881.59
2049.56
1486.74
1443.36
1843.07
1482.2
1792.79
1624.1
1500.8
1562.4
2022.46
1413.05
1891.45
1682.87
1743.77
1848.8
2133.91
1923.81
1708.02
1431.98
1398.29
1264.11
1109.2
899.34
1337.93
832.088
1157.05
1303.86
1852.61
1514.21
1478.01
1484.04
1013.44
1555.38
1181.31
847.288
1669.45
1841.52
2043.67
1807.07
1913.73
1699.31
1479.25
1254.53
1593.61
1679.29
2044.11
1990.96
1780.15
1787.83
1555.02
1212.37
1485.94
1484.63
1935.7
1549.45
1908.48
1911.91
1784.72
1689.27
1454.82
1662.5
1101.43
1079.57
1352.11
1790.5
1807.57
1847.01
1611.87
1560.18
1850.87
1533.84
1493.78
1289.2
1302.5
1386.41
1523.12
1468.05
1564.35
1164.5
1653.71
1349.66
1558.15
1693.4
1127.82
1429.69
1463.91
1278.24
1637.93
1727.5
1813.43
1519.17
1632.34
1790.85
1666.13
1694.45
1819.57
1996.49
1794.16
1324.7
1176.42
786.23
1212.28
1612.19
1895.47
1852.73
1864.71
1915.98
1868.76
1775.1
1843.27
1255.63
1685.07
1501.23
1335.14
1372.94
1123.75
1377.74
1892.71
1605.39
1391.69
1740.68
1689.48
2055.88
1802.78
1580.42
1789.69
1800.7
1946.71
1573.26
1572.23
1504.49
1576.33
1637.71
1945.1
1197.81
1396.54
