1947.7
1842.38
2277.81
2432.67
1170.49
1386.72
1656.45
2232
2804.78
2951.69
1979.65
1394.96
1435.53
2440.54
2470.24
2017.46
1815.98
1856.57
2037.66
2552.28
2394.77
2081.67
1427.56
1252.43
1512.12
1994.95
1980.02
2194.71
1898.25
1939.15
2037.43
2504.24
2313.19
1765.13
1412.77
1618.89
1878.71
2322.18
2378.55
1710.01
2159.7
1430.04
1461.68
1551.2
2489.81
2345.11
1786.41
1507.82
1719.44
2290.39
2477.82
1974.64
1657.03
1568.51
1932.19
2351.51
1918.34
1955.82
2103.6
1326.17
1433.68
1429.45
1946.3
2442.54
2410.93
2071.5
2071.93
2108.18
1805.97
1529.27
1638.79
935.058
1301.44
2006.27
2277.6
2029.91
1572.7
2406.71
1818.46
1712.52
1860.78
2817.36
2404.11
1559.15
1404.63
1637.9
2552.45
2162.82
2101.76
1520.52
1586.39
1703.3
2640.81
2667.35
1625.37
1296.66
1449.83
1315.04
1723.23
1774.4
2253.97
2370.12
2053.93
2032.67
1723.19
2375.9
2688.15
1633.29
1313.15
1207
1449.25
2339.84
2164.11
1832.26
1708.69
1693.2
1923.49
1496.08
1577.83
1857.82
2523.84
2291.7
1959.64
1837.02
2003.34
2051.73
2304.57
1675.46
1631.89
1857.68
2140.18
2284.55
1803.65
1854.49
1627.88
1464.08
1597.92
1989.58
2478.03
2605.69
2013.15
1997.87
2099.26
2428.2
2346.2
2003.05
1467.38
1348.13
1382.66
1429.15
2182.42
1964.46
2109.64
1976.66
1319.53
1372.41
1498.38
2148.62
2631.41
2616.26
1772.02
1771
1691.29
2060.86
2105.15
2149.63
1815.69
1959.05
2037
2009.33
1652.28
1681.62
2299.64
1549.75
1557.52
1451.59
1663.63
2413.34
2713.16
2481.55
2130.41
2456.45
1942.49
2128.72
1781.34
1479.03
1466.13
1517.83
1986.11
1874.9
1317.44
1411.86
2177.93
1611.91
1969.33
1644.07
2362.87
2927.74
1843.34
1461.4
1669.48
1818.85
1738.35
2290.34
1913.63
1027.17
1204.72
1320.69
2086.82
2571.28
2354.47
1830.91
1458.47
1612.59
2313.48
2370
1872.9
1571.35
1744.92
2127.55
2134.65
2078.38
1746.33
1224.31
1007.64
1294.22
1892.09
1470.07
2489.08
1604.42
1781.96
1920.37
2328.99
2166.18
1432.48
1313.77
1652.25
2044.97
2203.03
2191.38
1527.15
1577.34
1115.71
1256.96
1476.79
2445.99
2070.03
1794.18
1418.39
1680.7
2016.08
2011.14
1754.81
1480.54
1796.94
1703.22
2069.33
1717.29
2085.22
1927.89
1079.16
1185.73
1247.92
1973.02
2217.75
2232.11
1915.55
2062.01
1778.53
1575.43
1404.81
1477.87
1112.8
1560.57
2006.4
1992.63
1635.38
1500.28
2184.43
1420.89
1513.25
1904.61
2480.92
1889.85
1572.59
1432.11
1750.12
2072.8
1759.18
1776.02
1314.75
1699.25
1951.21
2382.02
2208.52
1514.54
1324.3
1338.09
1142.86
1480.06
1706.42
2116.28
1968.43
1909.84
1745.47
1660.95
2125.1
2337.03
1578.22
1229.44
1261.82
1740.19
2169.78
1567.1
1710.44
1596.36
1633.23
1374.15
1242.01
1353.74
1645.11
2240.74
2253.91
2057.96
1824.38
1905.42
1829.39
1913.8
1662.92
1575.18
1895.66
2054.24
1952.94
1483.45
1678.26
1498.09
1246.76
1257.24
2140.91
2148.67
2145.59
1818.92
1811.98
1990.48
2049.36
2001.61
1614.96
1321.93
1287.69
1554.24
1641.21
2173.05
1860.92
1858.36
1483.2
1124.55
1111.6
1363.27
1913.93
2313.02
2495.75
1628.47
1508.9
1503.79
1988.69
1959.94
1891.01
1678.2
1723.27
1800.16
1793.7
1605.6
1663.6
2003.86
1310.65
1263.17
1429.74
1599.09
2038.37
2482.4
2245.8
1976.7
2023.32
1809.49
1870.13
1488.03
1433.47
1431.68
1650.61
1813.13
1704.01
1209.52
1566.98
1954.91
1279.19
1638.87
1541.94
2190.01
2329.37
1806.44
1291.77
1551.33
2076.27
2049.31
2619.17
2293.78
1362.8
1688.38
1778.05
2771.14
3272.18
2855.04
1909.83
1682.29
1806.27
2741.04
2771.96
2189.88
1875.56
1937.75
2478.31
2675.43
2448.23
2000.81
1497.71
1252.04
1830.09
2274.4
1454.45
3085.63
1897.77
2040.59
2371.75
2790.52
2352.39
1706.51
1598.35
1799.11
2147.18
2504.07
2473.82
1711.17
2018.36
1571.09
1662.07
1855.36
2922.24
2216.78
2045.24
1593.72
2037.12
2510.27
2478.26
2114.38
1678.36
2039.03
2132.97
2426.94
1867.31
2279.51
2072.14
1603.32
1481.44
1691.61
2509.28
2451.84
2566.47
2182.12
2444.65
2176.74
2091.34
1606.85
1591.09
1160.53
1535.91
2556.57
2348.76
2124.11
1474.12
2618.52
1838.67
1978.62
2381.52
3024.79
2102.09
1664.18
1534.9
1921.37
2775.99
2241.96
2296.99
1396.7
1838.54
2191.58
2663.53
2636.99
1373.96
1330.03
1619.1
1543.29
1996.15
2117.51
2707.22
2188.71
2477.45
2143.23
2010.12
2736.41
2786.56
1647.65
1319.99
1255.84
1936.56
2563.56
1891.42
1956.65
1802.16
2066.09
1821.91
1597.19
1881.77
2127.53
2696.25
2273.22
2159.95
1833.99
2443.07
2142.92
2266.27
1957.44
1911.04
2231.28
2342.07
2341.75
1828.72
1885.31
1761.1
1583.89
1479.45
2648.06
2755.9
2775.92
2101.8
2255.93
2463.13
2704.28
2415.53
2117.89
1545.23
1458.46
1647.59
1858.46
2353.87
2115.18
2260.23
1914.72
1464.62
1470.55
1763.48
2396.12
2739.53
2952.89
1943.38
1832.8
1851.82
2384.14
2359.12
2271.57
2014.46
2091.7
2113.41
2178.64
1705.6
2047.93
2461.16
1493.65
1529.77
1698.89
2047.96
2561.32
3226.52
2669.28
2471.92
2525.05
2225.55
2187.1
1882.64
1775.34
1378.08
1878.98
2112.36
1983.54
1301.28
1654.22
2521.45
1690.29
2042.95
1955.16
2615.75
2670.63
2214.51
1567.8
1712.85
1918.4
2364.44
2647.84
1698.37
1263.03
1443.86
2000.61
2793.81
2910.4
2374.84
1646.71
1732.29
2089.38
2702.97
2408.6
1892.09
1869.62
1917.01
2533.79
2486.72
2238.1
1661.53
1372.59
1377.72
1825.62
2603.27
1581.3
2301.26
1994.62
1997.92
2420.5
2628.99
2196.91
1499.39
1619.82
1816.81
2275.56
2404.21
1760.88
2200.22
1671.22
1433.96
1451.67
2257.34
2797.43
1821.19
1727.42
1697.2
2041.94
2650.14
2158.48
1744.69
1677.16
2043.33
2142.61
2139.11
1874.26
2415.34
1550.43
1457.15
1422.66
1805.43
2602.3
2528.51
2225.78
2077.82
2253.87
1902.91
1676.94
1724.76
1067.01
1432.15
1980.92
2301.66
2266.54
1661.69
1975.98
2148.63
1706.93
1793.3
2552.15
2903.67
1681.8
1607.84
1567.15
2183.37
2265.6
2242.41
1915.82
1467.47
1816.43
2540.79
2363.42
2349.64
1306.48
1324.2
1479.57
1657.99
1794.86
2184.89
2537.08
1908.93
2220.73
1906.56
2002.87
2527.99
2276.88
1504.49
1292.92
1470.17
2315.55
2083.74
1716.41
1868.79
1663.11
1924.5
1624.91
1485.67
1966.36
2116.9
2549.88
2194.72
2069.3
1792.7
2237.68
2096.97
2035.08
1841.01
1872.24
2284.31
2180.03
2052.27
2009.93
1715.12
1597.33
1598.03
1541.73
2892.52
2704.66
2124.05
1929.7
2160.74
2277.15
2375.28
2034.47
1793.77
1583.46
1448.46
1660.77
2107.7
1916.85
2082.11
2181.22
1508.89
1369.27
1474.25
1854.07
2451.78
2649.68
2329.76
1840.86
1826.1
2010.98
2233.02
2022.06
1905.42
1856.15
2145.91
1948.85
1957.97
1605.13
2152.32
1917.84
1492.5
1493.1
1860.49
2006.56
2633.65
2731.55
2403.4
2349.86
2310.78
2166.72
1818.74
1740.38
1554.09
1443.94
2148.29
1881.57
1780.12
1419.74
1854.02
2046.06
1896.1
1777.07
1931.62
2719.1
2414.49
1788.75
1613.67
2020.39
2034.91
1770.78
2275.59
2491.96
1197.88
1369.15
1507.82
2314.48
2960.26
2967.03
1828.84
1371.69
1416.58
2472.32
2532.12
2035.61
1812.08
1776.59
2086.9
2712.2
2594.65
2116
1444.88
1184.79
1402.98
1893.59
2140.39
2146.57
1817.02
1872.26
2029.19
2506.12
2291.8
1809.37
1381.08
1592.19
1869.47
2404.59
2537.99
1741.92
2164.33
1331.01
1432.81
1503.75
2432.42
2439.8
1781.62
1518.22
1700.47
2247.72
2415.67
1975.65
1678.18
1653.29
1941.3
2359.02
1802.31
1893.96
2202.73
1278.29
1346.32
1391.33
1866.14
2510.26
2687.16
2079.78
2059.25
2105.36
1708.16
1505.5
1600.23
970.613
1406.24
2092.57
2287.28
2033.09
1502.07
2301.79
1690.69
1656.63
1791.75
2749.11
2279.32
1568.99
1332.27
1605.7
2574.48
2097.35
2015.31
1463.35
1569.32
1728.51
2629.86
2813.39
1546.76
1308.74
1343.2
1294.53
1695.14
1725.67
2177.89
2237.22
2108.34
1993.67
1816.54
2367.09
2692.2
1595.36
1315.47
1194.96
1455.84
2341.97
2138.9
1820.18
1680.6
1735.22
1843.94
1400.36
1459.05
1762.2
2425.88
2149.07
1841.65
1842.19
2030.78
2022.85
2280.98
1633.91
1653.38
1890.62
2248.12
2309.42
1776.83
1920.69
1552.51
1359.29
1500.52
2030.59
2430.56
2655.85
1888.74
1997.25
2178.01
2522.36
2412.86
1917.57
1524.12
1410.67
1351.69
1452.95
2177.87
2086.32
2201.87
1852
1263.98
1255.09
1433.39
2009.2
2581.53
2600.45
1768.12
1663.71
1651.49
2055.62
2187.93
2203.2
1746.01
1964.55
2052.64
2026.6
1596.42
1609.95
2276.67
1447.77
1426.78
1394.29
1638.8
2468.15
2875.1
2504.26
2214.67
2426.36
1777.3
2137.89
1809.1
1548.51
1538.4
1517.07
2035
1906
1250.53
1427.81
2161.36
1535.61
1921.86
1566.88
2411.25
3057.57
1762.72
1525.88
1577.67
