1860.53
1830.87
1807.01
1813.75
1824.24
1835.36
1908.29
1791.23
1532.52
1675.26
1728.02
1791.91
1784.67
1938.87
1973.21
1702.47
1666.85
1783.16
1823.15
1845.83
1783.59
1796.42
1797.23
1930.59
1879.92
1830.44
1905.37
1949.29
1806.64
1865.18
1882.26
1880.95
1840.31
1837.55
1845.87
1925.07
1902.78
1842.72
1862.7
1796.95
1822.45
1926.7
1885.93
1907.59
1887.26
1790.21
1863.49
1925.02
1760.65
1763.39
1926.47
1891.01
1925.26
1873
1755.38
1933.62
1760.13
1826.91
1790.36
1817.88
1864.27
1809.14
1902.12
1885.73
1807.13
1898.66
1796.76
1759.77
1849.06
1928.96
1810.75
1850.18
1827.22
1825.27
1813.69
1909.2
1857.44
1779.48
1851.71
1808.3
1751.48
1769.75
1804.38
1810.04
1928.9
1898.1
1933.58
1934.04
1902.19
1250.92
1863.38
1790.37
1734.62
1791.84
1987.72
1887.45
1942.51
1850.38
1912.16
1928.62
1854.07
1766.18
1731.74
1800.35
1906.58
1850.97
1840.89
1795.86
1812.71
1900.9
1939.03
1755.22
1670.62
1682.17
1607.45
1739.41
1762.67
1851.57
1796.23
1735.64
1891.32
1965.49
1310.82
1728.27
1889.81
1817.08
1816.51
1852.16
1815.4
1907.45
1892.36
1785.3
1792.62
1815.71
1799.34
1817
1846.24
1875.09
1794.56
1914.61
1883.91
1802.11
1952.24
1867.52
1680.37
1675.07
1868.24
1781.98
1844.28
1765.93
1885.98
1859.4
1842.88
1836.45
1870.81
1789.63
1811.41
1857.37
1735.88
1811.25
1785.46
1796.84
1753.88
1907.32
1383.88
1519.34
1847.12
1649.8
1616.83
1853.07
1805.12
1811.73
1801.5
1887.4
1883.48
1906.57
1963.87
1867.49
1834.03
1932.62
1778.33
1890.08
1908.84
1880.23
1885.25
1861.76
1869.63
1794.52
1904.25
1816.77
1921.64
1956.08
1951.82
1829.4
1858.56
1836.03
1875.9
1764.34
1937.7
1834.52
1852.29
1967.61
1902.46
1842.03
1902.22
1948.54
1858.7
1794.51
1857.57
1889.78
1904.85
1906.94
1940.43
1764.63
1848.11
1851.85
1861.44
1894.73
1883.48
1947.8
1886.21
1845.7
1859.91
1912.05
1873.02
1868.08
1886.17
1884.71
1863.63
1915.18
1888.24
1816.48
1939.92
1877.88
1875.04
1780.15
1809.06
1930.71
1841.63
1929.14
1850.78
1868.44
1897.27
1900.51
1941.55
1851.63
1811.12
1901.6
1924.81
1942.78
1854.16
1909.03
1921.04
1963.47
1954.31
1819.26
1895.87
1764.89
1902.66
1912.47
1797.87
1834.17
1898.49
1934.08
1856.3
1795.72
1926.84
1849.27
2009.3
1842.88
1848.39
1721.08
1842.94
1857.5
1812.87
1854.76
1836.02
1743.11
1830.22
1868.86
1795.87
1879.98
1869.6
1892.54
1824.85
2046.19
1868.21
1847.59
1929.31
1885.62
1332.62
1935.78
1775.2
1917.13
1691.84
1718.45
1742.54
1901.16
1837.59
1887.68
1930.54
1910.94
1828.26
1804.46
1789.3
1982.44
1783.78
1916.24
1925.05
1761.67
1870.78
1969.8
1830.6
1780.8
1958.61
1884.01
1990.72
1913.15
1945.93
1787.42
1875.76
1918.78
1946.81
1262.2
1903.37
1848.89
1937.37
1790.62
1927.71
1946.84
1828.35
1814.14
1736.78
1802.91
2001.28
1863.37
1909.03
1978.9
2000.7
1960.35
1743.48
1790.99
1744.88
1809.12
1864.46
1895.89
1965.32
1861.88
1935.45
1806.53
1851.16
1928.8
1864.44
1837.93
1880.82
1943.68
1658.67
1850.82
1951.6
1903.87
1727.75
1913.81
1794.19
1879.8
1707.51
1056.96
1685.72
1852.98
1470.9
1897.35
1967.22
1829.97
1834.17
1849.65
1952.2
1874.48
1674.33
1795.72
1987.94
1938.97
1935.7
1900.46
1858.74
1821.68
1859.91
2014.46
1878.4
1903.96
1821.62
1926.19
1876.23
1756.45
1840.54
1884.82
1873.78
1939.67
1827.81
1935.81
1827.24
1942.64
1887.19
1854.29
1785.57
1907.89
1844.04
1822.97
1814.2
1885.41
1948
1868.42
1834.96
1955.36
1843.75
1824.78
1739.91
1863.62
1904.58
1752.57
1756.2
1812.6
1858.08
1762.69
1845.57
1931.85
1845.81
1855.64
1890.66
1883.21
1795.19
1811.86
1836.98
1828.27
1818.87
1838.05
1773.54
1809.62
1750.13
1833.35
1787.96
1751.46
1738.54
1843.67
1805.12
1808.88
1790.73
1856.85
1793.7
1897.59
1744.51
1832.15
1828.94
1876.88
1831.79
1835.59
1881.88
1793.93
1744.74
1775.61
1703.91
1712.45
1567.24
1683.06
1701.46
1803.49
1867.61
1801.96
1749.77
1870.78
1833.22
1882.62
1818.26
1843.96
1780.27
1884.46
1807.34
1805.51
1781.22
1947.3
1847.7
1878.44
1803.17
1872.17
1884.44
1926.24
1832.66
1871.18
1907.56
1871.55
1917.71
1872.21
1929.12
1259.02
1795.37
1839.22
1859.7
1765.97
2029.02
1828.16
1980.15
1875.68
1937.49
1884.81
1889.91
1945.79
1775.97
1813.79
1994.78
1850.82
1892.58
1819.76
1858.1
1777.52
1907.87
1840.29
1913.87
1919.64
1830.02
1917.33
1956.09
1932.2
1699.07
1786.67
1843.77
1909.7
1293.9
1652.38
1736.7
1925.98
1848.49
1905.57
1844.78
1928.47
1943.91
1863.7
1974.01
1885.27
1778.93
1843.38
1789.87
1855.59
1841.02
1875.3
1807.88
1780.79
1833.49
1796.65
1924.08
1893.3
1933.07
1933.93
1864.23
1876.72
1907.5
1773.36
1903.92
1814.03
1866.82
1785.96
1762.7
1914.35
1849.28
1846.94
1787.7
1780.09
1883.3
1855.19
1363.86
1496.79
1828.79
1575.88
1556.12
1894.97
1858.06
1874.84
1827.48
1870.67
1816.23
1915.13
1869.75
1883.47
1888.4
1918.42
1977.09
1922.83
1907.5
1847.97
1805.78
1764.09
1900.28
1910.98
1914.37
1845.32
1874.93
1883.39
1856.6
1849.2
1881.81
1888.94
1873.07
1828.25
1854.9
1851.82
1868.57
1960.52
1774.37
1763.22
1880.45
1803.83
1811.26
1895.53
1936.05
1796.98
1864.95
1867.71
1821.85
1763.57
1884.11
1869.53
1725.16
1721.79
1990.54
1930.61
1865.92
1913.86
2005.42
1906.07
1962.32
1952.52
1845.71
1946.03
1997.37
1961.72
1936.32
2012.78
2032.73
1817.48
1944.69
1800.93
1884.54
1927.34
1819.56
1874.1
1922.21
1886.45
1956.22
1997.89
1932.87
2024.43
1809.33
1973.36
1952.29
1816.88
1864.1
1974.57
1921.02
1890.47
1924.73
1955.17
1872.73
1855.07
1861.2
1919.46
1703.09
1895.89
1926.31
1899.25
1887.77
1796.91
1916.29
1882.56
1884.59
1831.04
1944.68
1835.69
1987.34
1924.32
1890.11
1686.98
1776.59
1904.1
1800.57
1877.87
1872.57
1853.48
1861.57
1870.26
1833.28
1837.09
1895.53
1891.8
1790.39
1956.77
1353.09
1911.05
1912.69
1854.63
1828.77
1832.27
1863.99
1834.01
1894.47
2009.95
1982.19
1952.18
2000.69
1785.38
1673.02
1868.77
1835.6
1758.74
1944.8
1837.03
1904.7
1932.96
1800.28
1843.11
1900
1817.39
1859.6
1832.51
1889.03
1833.06
1802.84
1868.56
1899.03
1443.47
1731.11
1894.5
1896.96
1866.32
1829.56
1786.48
1810.77
1862.53
1882.16
1905.08
1961.32
1890.01
1881.97
1887.37
1934.86
1926.04
1922.7
1777.39
1815.96
1956.52
1860.65
1941.64
1853.93
1902.07
1948.18
1921.82
1906.37
1906.03
1838.37
1927.79
1951.54
1918.63
1876.92
1852.88
1811.12
1911.8
1895.15
1815.12
1843.44
1914.96
1946.12
1652.64
1517.42
1889.63
1751.92
1556.04
1971.78
2020.04
2019.12
1890.87
2022.23
1902.42
1909.64
2004.6
1855.2
1841.55
1820.25
1940.06
2013.71
1967.2
1866.2
1850.66
1814.41
1942.26
1741.71
1793.3
1763.53
1754.68
1869.53
1985.37
1897.13
1990.3
1943.46
2033.94
1864.39
1827.59
1879.52
1775.83
1835.6
1977.16
1796.44
1748.81
1835.23
1908.65
1805.18
1844.44
1881.42
1943.39
1848.76
1841.86
1477.66
1659.59
1821.25
1825.28
1848.77
1872.46
1882.16
1980.05
1906.71
1772.5
1869.12
1874.93
1884.58
1850.98
1900.69
1944.06
1749.8
1810.57
1959.69
1907.98
1814.18
1941.61
1766.57
1835.2
1937.7
1802.74
1807.64
1779.48
1808.03
1846.22
1873.55
1810.83
1801.47
1899.4
1980.54
1923.78
1834.97
1814.98
1848.31
1923.21
1918.93
1891.95
1828.09
1901.91
1724.04
1889.63
1745.5
1829.84
1933.99
1902.55
1839.98
1905.78
1888.74
1794.63
1812.39
1833.32
1967.89
1914.61
1937.42
1892.61
1810.06
1917.18
1879.09
1943.82
1883.13
1903.58
1772.14
1858.41
1857.31
1802.87
1893.91
1721.83
1753.71
1886.73
1893.35
1958.28
1868.76
1335.85
1876.92
1820.26
1757.68
1706.52
1867.9
1835.45
1912.81
1855.05
1858.45
1883.51
1897.84
1866.57
1848.67
1831.8
2014.36
1809.4
1763.1
1859.13
1871.84
1785.64
1826.24
1908.67
1936.85
1893.43
1920.8
1768.49
1813.29
1874.3
1809.35
1864.26
1784.13
1911.68
1207.09
1848.23
1759.32
1710.71
1816.27
1787.13
1916.34
1875.7
1975.93
1920.48
1918.46
1995.73
1887.22
1826.28
1852.71
1907.66
1909.57
1938.41
1816.22
1725.79
1857.84
1793.31
1903.05
1909.93
2021.8
1867.48
1763.09
1794.75
1748.67
1904.52
1860.83
1836.84
1889.86
1833.81
1824.47
1907.17
1881.9
1762.48
1960.45
1907.23
1809.04
1867.17
1231.9
1937.25
1870.12
1433.18
1861.07
1809.33
1776.92
1911.33
1808.39
1879.18
1781.65
1881.89
1936.92
1871.39
1855.95
1836.94
1926.69
1886.92
1901.47
1849.52
1848.44
1868.19
1857.76
1821.24
1917.73
1852.65
1823.81
1871.07
1841.16
1783.44
1919.8
1843.56
1919.57
1907.49
1867.3
1889.97
1800.06
