1380.48
908.314
1183.29
1682.71
1287.96
603.689
1376.81
1075.43
1366.9
867.719
948.387
724.748
1417.06
1198.73
656.148
744.923
1201.96
1218.82
1605.57
1356.94
1291.36
912.783
1913.57
1507.21
1244.55
1176.81
731.898
1276.2
1294.09
1061.34
1540.42
1220.98
772.928
4285.33
9734.83
9665.74
9050.14
8014.99
9369.7
8638.57
8307.58
8607.78
9357.85
5150.05
9011.62
9131.09
9332.82
9789.69
6955.26
9866.49
10176.3
8855.65
6812.76
9109.36
9992.43
9096.42
9526.68
9001.73
9460.54
9419.25
7080.9
422.977
702.641
919.93
895.853
741.518
1055.05
1250.81
923.369
920.726
798.459
579.781
934.116
1715.54
1541.12
1222.74
1215.49
806.799
812.269
1136.63
1433.67
827.063
896.688
1187.57
738.671
860.386
893.874
696.74
945.678
714.949
714.437
779.41
845.604
952.572
920.893
1129.29
1373.67
977.386
1044.62
942.307
709.844
830.157
1055.59
815.588
692.205
714.258
677.858
724.295
696.742
1225.54
922.799
888.222
1504.61
1431.19
841.187
737.042
1336.12
791.017
620.879
723.974
1059.86
856.624
1141.72
1452.78
1232.65
1304.24
599.45
911.547
622.946
682.419
496.124
610.147
793.732
1177.91
791.433
1145.27
1000.62
1223.35
961.591
805.794
825.797
889.751
1052.23
1457.71
1440.91
1209.01
981.503
782.535
713.455
874.376
963.085
1214.89
943.004
1104.85
542.507
636.139
544.575
784.648
1105.77
618.513
625.5
850.304
1015.86
1386.86
1097.97
807.711
640.3
968.757
1060.48
790.361
891.046
1133.22
1337.15
1053.54
905.295
992.745
1090.46
834.939
962.169
777.047
1009.1
1191.17
1035.03
1264.68
848.922
992.462
1079.46
844.117
777.327
894.903
973.927
597.339
1023.24
913.656
756.316
713.568
813.218
1154.19
1032.81
1012.79
1035.67
459.342
423.696
691.875
689.976
840.664
330.689
470.718
467.65
624.859
520.131
293.156
418.566
430.207
683.559
422.022
430.493
467.497
482.462
559.559
704.316
554.19
302.833
571.789
984.56
482.818
551.633
297.237
417.737
455.833
705.592
424.948
495.429
415.067
569.329
526.588
467.365
471.274
310.034
375.632
311.094
449.914
440.993
439.547
725.624
515.552
222.21
170.269
311.836
302.751
339.697
502.244
406.215
439.736
650.039
384.604
244.786
343.973
313.518
368.514
461.658
465.96
206.444
384.902
583.368
383.304
530.534
293.664
373.888
472.296
322.193
304.761
304.476
353.276
749.623
814.222
612.855
489.744
421.586
456.509
301.822
652.401
410.148
320.661
862.449
413.808
272.32
378.752
291.192
505.67
336.433
298.323
325.441
439.572
629.676
568.436
478.09
660.375
532.183
523.933
551.869
454.845
363.546
592.924
629.394
417.561
317.585
352.794
529.288
241.778
699.942
391.092
370.52
537.744
1149.24
488.724
382.473
411.595
520.043
267.405
418.616
289.958
471.427
665.095
970.23
722.36
656.305
486.084
395.831
441.713
225.88
318.81
279.768
400.679
719.263
557.683
428.517
403.564
655.774
645.547
294.968
381.35
434.525
469.328
996.798
778.533
653.362
688.252
322.909
324.917
445.07
395.405
505.755
526.449
700.751
337.351
418.051
259.097
163.219
642.578
406.708
365.824
371.315
481.067
851.674
560.808
371.209
309.114
412.457
650.602
448.669
244.321
490.538
661.851
812.693
439.76
381.119
577.077
307.587
586.596
336.859
395.596
501.89
686.156
789.334
518.623
473.786
483.992
570.029
354.961
395.038
465.03
408.173
397.074
623.536
443.897
383.927
350.981
480.309
479.628
384.054
497.122
698.902
452.599
483.473
716.308
316.686
215.121
596.859
468.538
506.183
279.485
364.832
433.066
518.176
442.67
313.666
274.72
487.37
446.019
631.655
505.446
372.178
426.446
788.692
586.982
634.221
412.219
301.09
404.59
515.182
418.035
631.27
434.186
340.021
408.598
419.371
368.137
612.145
254.774
386.844
223.613
349.361
368.883
559.467
619.146
298.325
181.342
235.355
346.79
277.029
417.734
454.683
299.841
425.502
514.834
232.603
393.201
315.782
178.372
540.01
393.455
339.657
223.385
485.888
477.071
294.545
263.017
351.594
570.322
386.714
359.237
345.782
325.68
502.457
748.314
676.53
418.032
392.711
419.426
382.955
456.018
555.798
275.721
654.684
710.191
372.652
393.611
386.665
339.997
417.376
400.546
379.794
300.278
442.78
613.654
499.107
475.653
592.973
468.721
440.763
313.04
265.689
480.143
608.595
543.384
276.614
268.998
359.455
367.224
460.816
505.428
435.029
482.445
714.579
722.948
399.044
496.853
671.521
278.713
257.204
394.708
359.459
432.531
816.914
772.685
539.432
562.332
308.498
420.344
341.587
262.504
180.97
380.267
563.374
603.65
359.891
531.469
614.036
786.096
329.759
439.519
381.73
519.014
655.265
866.39
564.687
470.173
398.69
240.45
328.766
437.948
376.998
408.761
625.894
616.566
305.091
419.696
279.668
451.475
574.77
274.057
312.587
382.783
492.215
708.207
405.895
393.436
300.627
600.23
503.528
282.008
357.456
619.681
742.303
596.774
391.93
523.96
424.599
451.995
426.056
380.743
556.942
548.992
641.261
684.241
422.204
420.084
471.685
324.205
497.99
418.321
509.658
225.227
531.546
607.613
371.413
337.909
384.689
506.227
381.067
427.547
456.364
2588.52
2595.78
2564.78
2541.88
2587.41
1486.26
1870.87
2121.21
2093.16
2006.44
1430.73
1534.2
1882.5
2082.63
2920.31
3415.31
2534.34
2268.78
2500.97
2905.8
2550.2
3027.75
2997.55
3048.41
2580.86
2938.11
2970.1
2818.31
2195.68
2225.77
1953.76
2971.57
1929.47
2038.78
2126.77
2349.61
2399.29
2394.55
2534.92
2092.29
2149.84
1749.56
1979.82
2086.58
1987.76
1524.41
1065.37
1341.29
1814.04
1890.5
1946.32
2102.8
1968.88
1787.11
1697.53
2123.63
2187.24
1896.59
1416.97
1997.01
2028.62
1271.36
1329.34
1821.18
1841.09
2177.64
2247.85
2396.35
2279.27
1895.97
1825.53
1786.46
1699.69
2239.57
2471.5
2501.07
2331.64
2282.24
2472.02
1480.69
2155.87
2639.01
2659.46
2421.1
3245.53
2612.1
2080.66
1573.59
1742.85
1343.78
1524.03
1822.16
1418.91
1599.28
2425.04
2598.73
2534.81
2567.18
1972.26
2546.98
2398.05
2429.77
2544.75
2571.02
1971.93
2107.19
1688.04
1974.15
3040.66
2781.61
2491.14
1860.91
2079.26
2967.22
2077.87
1998.66
1740.3
2468.77
1702.29
2311.49
1588.28
2357.55
3142.39
2739.15
2321.73
2662.93
2620.48
1909.71
2013.35
2135.36
1398.69
1175.96
1286.3
1909.07
1903
1846.86
2119.39
2307.56
2613.89
1994.69
1879.19
1868.22
1688.47
2624.73
2494.53
2869.67
2324.21
2133.49
2168.76
1698.2
1673.38
2377.93
2160.73
2037.96
1975.81
1884.88
1453.29
1124.54
2172.28
2010.07
1650.51
1631.29
2038.9
2613.06
2525.61
2675.17
1767.22
1556.88
2446.33
2306.74
2257.65
2628.9
2980.95
2542.66
2753.68
2493.46
2691.29
1832.04
2323.11
1922.9
2036
2483.43
2393.35
2497.23
2727.78
3419.96
3345.62
2452.36
2553.6
2649.49
3489.03
2326.85
1823.29
2258.81
2589.32
2405.99
2147.26
2185.17
2516.14
2286.22
2471.78
2242.78
2100.08
2009.36
1841.92
1653.34
1191.08
1696.66
1419.4
1638.49
1390.49
1293.52
1266.99
1542.97
1598.18
3160.2
2856.72
2085.45
1723.37
1957.09
2046.94
2024.4
2884.1
2373.89
2068.23
2100.9
2477.56
2810.53
2146.88
1588.42
1708.65
1814.61
1979.82
1857.03
1594.7
7133.5
10485.5
10119.4
10728.6
10626
10315
10427.3
10398.1
10606.1
10241.9
9812.22
9822.6
9684.77
9856.38
10246.6
9266.5
10155.2
10765.9
9989.74
10191.1
10135.4
11009.1
9454.8
10351.2
9851.28
10307.1
10208.2
9241.96
9664.11
10021.4
10244.2
10390.1
10852.1
9668.28
9595.6
9855.21
10173.2
10044.7
7632.53
10492.5
9825.54
10916.8
8648.72
6316.07
7267.15
8833.31
10366
11171.4
8118.87
2421.7
2940.55
2506.84
1490.09
1402.98
1697.86
1132.94
1435.68
1638.52
1568.91
1261.62
2292.59
2139.84
2280.16
2174.15
1852.48
2143.52
2423.7
2319.48
2064.4
1920.54
1968.98
1742.64
1661.4
1837.16
3017.44
2672.59
1969.86
1686.39
2021.28
2132.75
1792.99
1717.44
1816.22
1753.2
2081.63
1946.64
1764.98
2458.94
2634.43
2090.53
2022.29
2204
2161.88
1559.76
2030.12
1730.88
1136.77
1265
1158.34
1696.01
1371.4
1737.21
1891.7
2058.91
2053.03
1789.71
1723.25
1754.26
1662.2
2077.17
2297.87
2140.28
2047.56
1966.64
1823.54
1712.5
1610.54
1938.55
1851.9
1747.26
1763.33
1721.84
1315.29
1171.24
2024
1613.11
1448.99
1711.7
1904.04
2123.14
2375.49
2246.33
1431.27
1632.31
2141.68
1829.14
2393.66
2542.45
2284.88
2390.36
2152.16
2298.5
2042.69
1727.24
1946.35
1730.62
2110.72
1983.92
2133.26
2186.08
2577.66
3407.15
2740.75
2068.21
2596.49
2551.62
2978.12
1945.41
1810.49
1918.15
2555.43
2087.03
2047.69
2167.46
2209.74
2064.81
2230.65
