2474.42
2290.71
2379.64
2411.18
2204.97
2534.14
2553.64
2460.31
2213.81
2594.07
2220.78
2478.38
2335.05
2297.28
2399.44
2677.17
2444.55
2426.67
2390.59
2431.25
2315.59
2162.78
2281.88
2196.53
2584.54
2517.82
2737.09
2059.47
2144.06
2490.78
2161.7
2038.97
2309.35
2162.73
1993.95
2447.4
2457.41
2481.61
2301.39
2253.62
2407.53
2334.12
2298.75
2623.8
2269.16
2558.07
2481.26
2374.33
2115.72
2393.13
2248.97
2585.19
1895.3
2583.67
2142.14
2230.32
2512.44
2340.05
2261.86
2156.55
2254.76
2212.11
2430.99
2586.73
2231.57
2352.68
2634.16
2451.11
2318.62
2133.81
2312.8
1994.12
2187.84
2228.73
2094.05
2185.64
2378.8
1999.39
2060.74
2002.92
2005.33
2045.91
2230.36
2335.35
2203.86
2520.9
2731.37
2351.26
2472.36
2350.16
2223.22
2422.67
2311.68
2546.85
2519.45
2435.64
2425.64
2393.94
2225.71
2253.19
2146.72
2229.64
2123.37
2304.01
2209.83
2621.89
2538.04
2452.56
2295.97
2218.45
2625.73
2425.33
2312.42
2250.51
2360.63
2425.9
2695.98
2315.03
2380.21
2421.25
2149.42
2378.88
2569.34
2237.19
2459.95
2527.34
2392.47
2371.75
1963.15
2281.46
2434.28
2179.15
2299.11
2402.62
2228.41
2654.48
2553.44
2452.26
2483.93
2033.23
2043.21
2174.88
2086.41
2069.26
2308.89
2549
2500.69
2397.51
2460.08
2372.02
2382.81
2439.42
2501.4
2269.41
2419.89
2493.65
2524.56
2315.2
2399.68
2493.72
2445.74
2095.08
2395.75
2166.05
2239.67
2308.74
2357.86
2299.34
2529.57
2362.1
2350.52
2336.03
2349.99
2084.73
2066.13
2079.19
2046.74
2309.65
1929.65
2157.44
2062.23
1907.67
2153.5
1838.16
2337.27
2596.87
2339.85
2479.66
2320.79
2380.01
2438.66
2341.2
2303.45
2296.39
2123.64
2512.59
2805.95
2275.76
1412.55
2329.22
2267.1
1999.15
2002.15
2108.74
2237.12
2063.14
1891.54
2471.02
2222.88
2004.7
2080.97
2254.06
1838.19
2236.16
1946.66
1975.8
2286.98
2430.41
2224.6
2139.29
1914.3
2124.12
2144.49
1754.8
2028.62
2072.73
2213.52
2536.65
2081.89
1934.83
1811.61
2166.72
1746.8
1967.86
1875.21
1901.09
1611.93
2481.71
2155.51
2012.24
2179.09
2127.3
1861.46
2173.97
2166.55
2209.87
2256.6
2201.52
2216.65
2032.15
1766.08
2097.7
2191.64
1978.15
2031.56
1908.15
1964.56
2241.81
1989.77
2070.89
1945.14
1873.18
1991.15
2177.7
1893.43
2246.06
1989.65
2342.42
2080.01
2170.44
1898.5
2196.93
1654.28
1950.48
1958.81
1596.99
2159.86
2228.96
1685.04
2039.12
1906.11
1712.55
1852.79
1696.69
1956.18
2240.67
1980.86
2161.35
2187.9
2304.93
2037.88
2288.37
1910.42
1915.79
2304.15
2085.2
2197.93
2347.41
2026.12
1868.39
2099.84
2027.15
1851.13
1773.33
2054.56
2032.01
1966.2
2572.48
2352.69
1794.96
1967.13
2124.67
2158.83
2158.11
2097.81
1999.39
2085.83
2437.05
2080.85
2208.55
1889.79
1985.03
2248.64
2074.72
2043.53
2176.86
2160.11
2420.34
1881.84
1864.9
1999.05
1968.97
1938.74
2019.59
2042.57
2048.28
2176.21
2507.46
2019.68
2381.06
2023.25
1736.77
1720.23
2024.26
1793.33
1950.16
2074.72
2288.58
2302.11
2105.27
2180.27
2158.75
2129.64
2074.77
2056.02
2100.46
2118.48
2413.57
2038.81
1967.92
2173.8
2204.32
1894.76
1939.88
2117.43
1911.81
1911.98
2246.43
1977.93
2227.39
2173.85
1849.39
2226.6
1955.12
2012.26
1913
1678.62
1948.99
1914.67
2084.12
1878.23
1736.9
1763.45
1889.23
1738.25
1830.88
1873.96
2502.2
2164.74
2118.5
1969.48
2129.55
2009.59
2131.93
2044.73
1842.69
2103.79
2603.56
2006.36
1474.31
1926.21
1895.4
1715.58
2285.89
2159.35
1879.01
2025.37
2251.61
2100.07
2179.98
2105.12
2136.26
1898.25
2131.84
2040.36
1916.23
2224.3
2214.4
2257.69
2157.61
1902.75
1979.36
2285.79
1749.99
2094.59
2097.47
2068.65
2286.43
2407.23
1865.78
1784.47
2089.11
1685.4
1961.81
1944.71
1831.96
1691.45
2252.57
2138.15
2099.68
2027.28
2191.05
1854
2046.15
2300.05
2203.47
2032.76
2145.01
2158.87
2083.85
1842.65
2112.84
2066.08
1934.15
1876.19
2158.75
1744.67
2136.9
2130.13
1996.63
1838.79
2015.87
1961.44
2026.4
1980.11
2113.94
1940.42
2327.01
2060.12
2089.67
2134.46
1946.69
1721.43
1850.12
1932.44
1860.54
1953.53
1967.77
1899.2
1948.44
2432.49
1116.68
1801.83
1616.47
2069.93
1993.65
1893.84
2374.37
1994.65
2183.42
2278.55
2017.62
1957.63
1883.1
2258.41
2042.82
2240.26
2274.24
2029.3
1942.93
1918.21
2058.8
1848.23
1926.49
1759.24
2092.72
1996.24
2231.48
2315.77
2042.73
2084.24
1823.32
2339.48
1963.29
2231.58
1864.35
2067.18
2137.92
2198.89
2207.23
1845.93
2263.12
2026.38
2040.53
2090.98
2020.97
2180.04
2340.43
2019.15
1868.82
2053.4
1746.35
2074.24
1929.39
1998.86
2048.23
1929.81
2461.62
2143.01
2210.95
2196.57
1690.28
1550.09
2164.74
1901.43
1690.7
2020.89
2232.63
2249.4
2060.91
2148.55
2141.9
2051.24
2098.43
2245.2
1971.37
1917.74
2363.16
2036.11
1873.4
2214.1
2150.7
2101.59
1822.65
1930.29
2036.98
1978.98
1854.48
2275.32
1757.43
2353.02
2102.9
1830.5
2169.6
2116.05
1713.01
1905.84
1783.85
1928.5
2061.17
1735.89
1790.75
1653.24
1943.25
1660.42
1669.64
1982.12
2235.94
2217.18
2078.03
2059.92
1946.56
2164.82
2080.85
1841.98
1993.56
2015.23
2163.88
2461.46
1881.58
1296.98
1915.13
1930.66
3074.56
2658.76
2903.97
3001.17
2786.05
3021.26
2993.16
2949.64
3006.13
2807.13
2981.65
2938.12
2720.9
2911.5
2937.81
2952.78
3223.96
3039.49
2815.6
2958.55
2852.82
2911.56
2615.04
2888.57
2845.3
3023.13
3115.92
2997.12
2770.75
2593.46
2820.4
2561.42
2680.8
2620.52
2783.46
2565.48
3115.82
2888.26
2952.06
2708.96
2843.25
2791.98
2827.63
2973.02
3058.94
3018.65
2828.05
3017.53
2772.41
2634.69
2968.18
3136.44
2495.49
2763.1
2913.81
2533.59
3011.06
2818.01
2807.65
2727.78
2830.29
2736.06
2876.18
2764.04
2956.9
2690.49
3297.37
3024.94
2972.85
2662.61
2788.15
2475.49
2560.73
2818.78
2381.08
2748.6
2881.81
2488.7
2574.06
2547.01
2285.47
2386.29
2455.39
2926.27
2881.68
2960.84
2965.74
3014.43
2974.45
3060.7
2936.13
2621.45
2776.98
3073.63
2935.53
3099.76
3020.91
2751.22
2647.84
2865.46
2738.41
2808.47
2405.61
2771.91
2815.75
2875.69
3152.81
3056.38
2911.94
2625.04
2888.59
3096.24
3038.37
2662.28
2703.71
2951.18
3170.79
2847.23
2940.81
2873.11
2737.01
3010.57
2988.39
2925.56
2977.49
2841.91
3167.8
2787.66
2735.09
2746.06
2715.79
2740.27
2826.55
2721.85
2946.24
2791.08
3146.05
2956.63
2926.77
3001.23
2436.79
2407.01
2669.04
2412.57
2896.16
2774.66
3227.48
2864.64
2846.51
3103.83
2835.15
2878.62
3017.43
2800.79
2944.71
2982.87
3251.39
3030.5
2772.28
2982.93
3008.21
2715.91
2785.38
2800.66
2700.88
2842.41
2927.31
2817.87
2842.71
3162.36
2824.94
2888.92
2881.23
2634.4
2505.8
2456.35
2545.68
2661.37
2639.89
2400.47
2507.52
2505.51
2490.45
2339.05
2577.55
2613.11
3228.41
3231.8
2600.74
3014.88
2961.2
2683.59
3054.84
2735.68
2652.14
2920.78
3122.32
3019.74
1961.24
2770.44
2846.94
2678.41
2797.68
2780.7
2640.97
2658.6
2713.06
2707.82
2776.39
2586.15
2667.19
2629.78
2707.85
2729.17
2859.95
2615.03
2752.05
2823.5
2760.65
2625.99
2621.86
2721.33
2409.43
2758.25
2708.89
2766.6
2884.37
2813.77
2465.36
2502.86
2553.16
2476.03
2489.92
2483.76
2554.82
2338.11
2923.59
2612.44
2559.68
2666.8
2659.47
2548.03
2713.07
2774
2825.02
2696.94
2630.51
2670.23
2659.46
2527.46
2770.18
2720.59
2703.42
2424.14
2732.5
2400.16
2487.15
2572.11
2586.61
2618.5
2512.44
2521.4
2687.16
2622.44
2731.93
2635.38
2720.03
2713.38
2638.05
2732.69
2515.29
2419.48
2395.22
2493.88
2430.14
2445.9
2428.57
2535.15
2399.45
2413.27
2202.16
2348.04
2367.3
2562.74
2759.58
2670.82
2736.93
2832.63
2718.02
2773.9
2682.62
2685.39
2617.15
2835.03
2834.59
2811.51
2637.21
2539.1
2500.42
2564.53
2656.64
2391.3
2529.49
2418.22
2576.59
2696.97
2732.92
2752.42
2657.42
2696.29
2599.99
2825.84
2742.79
2725.05
2544.62
2758.05
2611.67
2742.51
2757.63
2648.14
2761.16
2717.09
2743.3
2694.61
2757.73
2716.51
2685.65
2693.75
2405.74
2478.74
2588.41
2518.97
2672.58
2504.98
2639.78
2729.55
2759.05
2805.96
2747
2776.06
2371.6
2279.29
2495.48
2405.03
2411.52
2621.4
2732.67
2751.56
2639.68
2803.87
2749.61
2660.05
2711.37
2789.7
2657.98
2694.36
2732.47
2686.53
2585.98
2775.11
2750.59
2651.17
2428.06
2587.28
2637.3
2506.62
2381.18
2687
2506.4
2836.31
2718.19
2650.69
2703.16
2581.83
2311.81
2313.05
2237.64
2414.55
2572.89
2362.06
2389.44
2178.26
2376.54
2313.4
2139.46
2609.59
2631.96
2677.6
2712.33
2698.85
2684.5
2730.18
2687.39
2617.69
2566.02
2516.57
2807.33
2904.72
2477.23
1728.37
2579.32
2610.24
