2348.53
2502.66
2273.43
2383.1
2664.83
2444.49
2675.59
2375.51
2251.06
2308.1
2173.76
2306.94
2279.42
2177.16
2643.89
2609.22
2347.96
2737.77
2442.69
2229.96
2449.67
2118.29
2528.58
2340.61
1783.16
2738.54
2758.31
2219.63
2415.62
2353.14
2378.3
2336.94
2370.96
1989.52
2338.16
2518.69
2521.56
2374.4
2679.59
2298.65
2167.8
2264.91
2341.05
2740.82
2393.37
2283.2
2649.83
2645.97
2482.18
2281.11
2557.41
2461.42
2210.74
2204.36
2348.5
2442.51
2812.87
2511.22
2411.02
2318.17
2370.19
2272.6
2421.44
2185.57
2328.08
2568.82
2441.64
2385.27
2524.64
2288.78
2241.28
2241.3
1956.37
2499.92
2571.74
2399.21
2932.36
2476.03
2240.22
2475.24
2454.95
2394.24
2216.98
2487.8
2333.74
2624.08
2456.02
2215.61
1876.15
1886.8
2121.45
2367.64
2234.49
2284.27
2083.57
2075.16
2550.7
2060.32
2553.87
2190.88
2237.16
1939.06
2530.47
2630.61
2286.94
2386.25
2573.06
2399.95
2236.59
2473.52
2636.39
2327.99
2410.22
2582.2
2292.61
2493.64
2557.68
2395.04
2610.41
2382.26
2451.74
2144.2
2443.35
2424.38
2142.6
2135.09
2308.01
1992.04
2453.81
2572.25
2181.12
2417.7
2581.43
2228.88
2475.93
2289.35
2842.49
2588.49
2547.7
2351.71
2359.74
2375.13
2359.43
2761.88
2176.46
2109.75
2683.41
2490.91
2400.97
2537.83
2307.53
2393.15
2406.75
2175.89
2434.11
2331.19
2789.01
2765.57
2426.13
2357.57
2393.68
2318.63
2108.46
2296.78
2418.1
2378.35
2541.43
2375.09
2491.22
2519.32
2070.58
2342.79
2414
2600.81
2625.67
2372.17
2637.53
2627.81
2530.72
2452.84
2527.22
2723.94
2220.01
2335.68
2475.86
1794.88
1906.37
2343.25
2403.72
2280.59
2248.32
2269.03
2334.69
2143.34
2283.12
2139.11
2382.04
2286.81
2279.17
2314.35
2093.83
2179.11
2218.81
2156.05
2235.12
2023.21
2222.02
2560.9
2093.05
1906.51
1865.03
2033.66
2301.63
1895.6
1904.61
2337.36
2218.11
2671.35
2019.25
1922.12
2236.39
2178.15
2095.24
2113.96
2324.76
1490.7
2238.51
2636.67
2084.88
1955.82
2117.11
2259.05
2094.91
2113.95
1562.38
2184.33
2227.3
2245.73
2329.36
2390
1927.12
1915.61
2150.18
2282.89
2221.88
2032.5
2173.69
2370.95
2242.38
2390.98
1977.85
2316.93
1645.19
2176.03
2221.75
2322.99
2032.44
2287.78
2239.67
2434.1
1925.94
1958.08
1900.32
2223.91
2088.01
2180.95
2051.03
2454.01
2234.93
1893.29
2117.56
2103.63
1729.47
2079.74
2232.36
2089.53
2531.57
2395.06
2172.64
2192.4
1936.33
2141.61
2174.26
2224.18
2022.08
2195.48
2195.89
2299.63
1654.33
1767.97
1981.7
2009.2
2181.85
1713.36
2128.19
2030.28
1848.71
2437.32
1858.53
1998.8
1988.8
1996.22
2005.51
2222.52
1995.79
2263.39
2359.77
2094.18
2199.1
2008.21
2354.22
2410.6
1986.96
1908.32
2037.54
2504.43
2506.34
2151.1
2042.78
2193.76
2182.42
2322.84
1989
1925.14
2156.7
1854.26
2181.03
1818.34
1850.64
2045.75
2126.75
2119.2
2163.88
2216.16
2128.26
1919.73
2494.08
2650.97
2296.09
1950
2295.61
2057.36
1860.81
2339.83
1793.76
2252.62
1993.88
2715.61
2047.19
2193.29
2124.05
2066.55
2059.17
1907.77
2147.13
2406.23
2204.5
2385.76
2132.95
2174.68
2324.7
2178.16
1919.27
1753.17
2124.49
1990.15
2266.95
2451.57
2121.24
1709.89
2183.41
2147.49
2207.3
2236.74
2106.61
2112.41
2229.16
2582.81
2508.99
1891.88
2142.88
2330.4
2602.15
2240.23
2050.91
1603.93
1770.89
1869.8
2027.1
2126.92
2273.81
1900.61
2099.42
1926.47
2079.93
1908.82
1927.97
2310.01
2020.08
2061.21
1780.17
1898.87
2418.46
2187.37
1686.89
2306.18
2347.59
2233.17
2290.71
1772.04
2143.86
1818.79
1749.4
2182.81
2171.59
2054
2178.23
2087.39
2676.68
1974.88
1878.16
1952.82
1943.88
2282.4
2087.54
2461.79
1356.79
2163.1
2407.91
2147.18
2093.7
1931.97
2189.26
1986.74
2229.61
1699.88
2043.1
2149.49
2139.62
2227.86
2288.38
2004.2
1927.44
2190.69
2073.72
2227.68
1931.26
2337.05
2094.71
2179.3
2280.08
2218.85
2025.59
1900.11
1962.68
2065.95
2107.69
2231.22
2423.15
2023.35
2212.42
2033.72
1895.37
2115.63
1996.87
1947.01
1987.31
2302.28
2125.42
2264.18
1891.72
2168.05
2058.26
1712.77
1861.62
2406.57
2217.65
2295.15
2273.54
2190.91
2053.85
2162.84
1842.42
2080.9
1896.56
2304.12
2275.76
2223.86
2153.38
1723.9
1653.87
1849.26
2071.67
1939.87
1940.7
1961.81
1923.93
1892.05
2288.62
2080.69
1901.57
1798.63
1803.43
2267.67
2108.72
2134.53
1967.71
2402.26
2053.45
1982.06
2186.75
2263.57
2105.84
1964.5
2071.4
2415.36
2072.56
2081.91
2386.14
2174.55
2158.3
1880.85
2222.89
1791.54
2183.22
2139.46
2020.12
1943.49
1621.92
2084.13
1964.47
2033.08
2227.53
1998.78
1993.12
2247.94
2156.42
2131.37
2674.99
2190.48
2025.29
2022.19
2187.2
2114.92
2234.07
1685.39
1919.23
2432.94
2458.74
1897.99
1904.43
2110.55
2191.76
2352.99
1838.87
2138.71
1914.75
2302.41
2539.88
2120.59
2083.61
2023.23
2151.15
1940.48
1800.92
1963.39
1986.35
2456.67
2352.93
1909.45
1896.55
2266.95
1955.83
1953.5
2155.05
2316.42
2195.65
2065.92
2529.89
2290.69
2155.58
2182.8
2127.06
2446.09
2190.51
2021.97
1570.13
1776.16
1970.78
1841.02
2329.14
2105.52
1964.41
1903.67
1995.8
1936.07
1919.44
1948.02
1929.18
2360.2
1827.35
1701.91
1727.48
2785.89
2852.89
3016.23
3090.21
2837.25
3178.92
2979.81
2971.12
2689.92
2728.73
2628.82
2985.56
2701.41
3023.62
3165.35
3037.33
3009.43
2735.03
2929.62
2824.04
2904.01
2759.18
2908.9
3038.77
2427.76
2940.38
2863.63
2937.16
2994.61
2827.37
2990.78
2667.37
2871.72
2447.66
3053.85
3004.68
2987.46
3080.28
2957.74
2889.05
2846.49
2633.33
3126.49
3040.34
2873.01
2971.01
2915.31
3181.68
2884.4
3171.77
2803.78
2437.43
2964.1
2898.51
2816.01
3028.26
2906.47
3105.06
2840.42
3059.07
2742.5
2559.72
2863.72
2780.85
2885.04
3020
2852.95
3019.22
2871.73
2982.28
2752.96
2464.55
2862.12
2889.39
3243.74
3179.95
3196.56
2834.41
2603.28
3102.96
2793.07
2606.48
3058.86
2947.02
2972.51
3070.96
2815.96
2191.65
2486.12
2672.24
2638.36
2569.79
2617.41
2765.17
2442.49
2725.82
2678.44
2839.63
2752.47
2596.52
2403.23
3045.94
3047.5
2788.24
2780.8
2927.01
3041.43
2771.82
2897.54
3180.41
2776.33
2972.94
2826.41
2962.56
2912.02
2969.54
3169.53
2918.33
3051.41
2819.49
2876.54
2784.57
2725.82
2641.17
2876.79
2829.15
2275.11
2953.64
2794.78
2903.67
3021.36
2940.86
2854.11
2705.91
2926.19
3383.81
3292.88
2982.03
2901.29
2666.96
3063.45
2800.63
2878.1
2764.45
2765.37
3111.55
3095.37
2935
2715
2930.12
2941.64
3130.27
2556.03
2993.98
3046.93
3096.54
3258.86
3077.32
2759.04
3067.96
2870.35
2531.26
2682.09
3004.19
2939.9
3075.24
3202.47
2678.98
2563.99
2744.3
3051.54
3114.83
3082.85
2756.03
2819.89
3257
3193.64
3029.13
3200.95
3025.41
2798.41
3271.39
3006.78
2939.75
2035.44
2486.86
2708
2706.1
2818.83
3030.32
2789.08
2516.49
2421.46
2598.43
2956.82
2802.89
2849.5
2555.84
2571.72
2506.95
2538.63
2696.91
2614.33
2607.85
2733.55
2820.39
2886.3
2789.17
2601.46
2613.97
2696.96
2738.61
2595.3
2688.35
2528.98
2931.38
2748.68
2773.7
2688.31
2519.18
2645.72
2883
2765.44
2666.12
2761.93
1891.62
2903.23
2665.46
2547.96
2723.39
2565.96
2682.6
2818.54
2599.81
2242.26
2790.98
2811.84
2723.91
2683.19
2978.27
2602.05
2559.34
2669.14
2716.78
2801.95
2656.29
2690.99
2702.43
2708
2878.86
2699.76
2868.37
2393.14
2653.83
2699.28
2695.15
2669.2
2635.66
2679.42
2709.74
2584.59
2709.25
2446.7
2676.28
2498.14
2686.87
2667.59
2625.82
2738.43
2763.53
2591.12
2624.24
2504.75
2484.12
2813.74
2884.23
2724.29
2823.98
2792.03
2729.02
2544.45
2780.79
2619.09
2577.71
2981.54
2690.3
2693.55
2616.84
2297.45
2267.86
2314.99
2373.91
2687.66
2407.95
2453.68
2503.01
2482.55
2502.37
2416.71
2563.29
2650.07
2500.07
2427.7
2796.69
2666.09
2744.5
2699.88
2568.06
2592.17
2644.45
2934.97
2832.2
2543.18
2685.24
2850.3
2894.71
2680.95
2653.2
2684.88
2723.92
2690.54
2835.35
2653.63
2638.88
2606.69
2496.09
2565.71
2298.35
2380.64
2644.46
2675.68
2598
2805.36
2682.6
2847.44
2643.2
2846.53
3047.97
2648.97
2559.69
2723.58
2754.69
2554.06
2671.28
2664.02
2710.09
2533.92
2798.02
2609.99
2746.48
2742.02
2688.02
2745.41
2569.75
2561.38
2866.29
2661.08
2813.89
2847.16
2742.01
2635.51
2722.13
2503.82
2442.94
2656.59
2746.84
2740.7
2778.66
2684.04
2513.39
2587.32
2778.07
2797.12
2768.54
2796.45
2810.14
2685.37
2891.89
2765.37
2704.27
2757.84
2911.89
2932.96
2844.91
2600.78
2417.73
2096.29
2204.2
2407.23
2748.11
2631.2
2642.39
2383.76
2594.05
2250.93
2555.58
2530.78
2714.73
2483.7
2517.87
2323.8
2542.78
