2283.01
2357.84
2457.18
2234.51
2104.85
1940.18
2035.1
2159.84
1958.73
2054.07
2052.43
2048.59
2107.32
2082.06
2011.16
2279.68
2319.37
1947.5
2243.91
2293.29
2013.78
2138.58
2216.91
2382.4
2244.58
2171
2199.39
2215.22
1825.4
2138.99
2369.75
2419.24
2396.99
2361.68
2473.17
2146.64
1993.99
1890.9
2245.99
2353.03
2313.74
1964.3
2219.76
2260.03
2127.97
2019.75
2153.04
2145.08
2040.44
2231.28
2275.73
2312.69
1895.95
2437.98
2357.04
2353.01
2013.24
2233.99
2313.99
2456.44
2071.47
2200.08
2255.89
1789.46
2255.98
2442.29
2220.95
2238.66
2262.37
2218.89
2219.4
2186.28
2179.52
1961.95
2167.8
1862.07
2217.73
2176.35
2078.2
1894.58
2093.87
2386.98
1979.1
2243.43
2080.05
2241.54
2279.99
2211.39
1847.21
1951.1
2115.4
2392.7
2191.09
2251.98
1961.67
1515.57
2239.02
2245.47
2313.68
2131.45
2369.36
2028.02
2273.3
2314.84
2207.31
2206.5
1747.75
1969.78
1903.5
1966.25
2275.58
2147.01
2198.71
2014.58
2126.53
2024.89
2221.86
2138.91
1964.26
2255.73
1748.57
2084.74
2338.38
2311.39
2040.14
2050.04
1963.3
2252.71
2149.94
2240.85
2146.58
2225.61
2114.73
2244.07
2148.82
2128.9
2229.47
1882.38
2033.87
2164.4
2358.05
2112.25
2117.1
2137.04
2141.18
2212.04
2115.51
2096.48
2287.42
2023.66
2346.75
2055.5
2251.52
2407.38
2257.85
2278.21
2298.09
2073.95
1997.26
2006.41
2160.21
2309.52
2440.88
2402.45
2045.14
2318.13
2226.21
1868.3
2231.34
2417.67
2127.84
2303.84
2047.28
1962.79
2433.12
2149.41
2019.84
2304.71
2151.77
2210.52
2171.64
2169.66
2169.56
1870.43
2031.11
2172.64
2260.25
2060.93
2019.8
2096.97
2348.35
2118.65
2306.98
2030.19
2243.17
2293.14
2396.44
2092.83
2129.48
2340.34
2231.09
2094.8
2006.57
2165.27
2206.85
1938.05
2249.57
2417.25
2032.19
2182.22
2239.15
2184.07
2421.36
2419.43
2226.05
2238.3
2496.34
2351.65
2137.49
2173.11
2245.07
2374.96
2303.54
2252.49
2191.41
2144.18
2144.06
2241.03
2220
2118.75
2230.3
2429.13
2076.03
2193.19
2254.66
2045.78
2235.52
2246.16
2148.83
2333.66
2351.11
2013.39
2259.6
2125.86
1982.8
2304.61
2146.12
2299.76
2036.25
2195.59
2255.75
2117.4
2002.34
2160.56
2354.39
2239.5
2179.22
2241.65
2274.54
2147.79
2070.96
2319.06
2368.21
2206.53
2303.1
2163.14
2080.6
2238.54
2113.92
2244.05
2078.16
2175.32
2084.9
2330.95
2094.45
2075.54
2259.77
2347.38
2152.27
2244.02
2423.99
2236.96
2185.78
2307.69
2038.85
2353.23
2358.8
2271.6
2373.04
2071.19
2169.56
2279.96
2115.3
2261.49
2313.51
1512.95
2227.29
2163.37
2381.18
2199.08
2443.6
2176.06
2173.86
2070.21
2236.73
2206.07
1814.73
1981.19
2193.08
2337.6
2095.41
2234.84
2563.29
2239.06
2161.95
1997.14
2374.43
2171.1
2109.04
2281.99
2154.82
2312.9
2577.58
2348.27
2014.34
2054.28
2077.07
2178.7
2105.06
2220.84
2091.36
2255.33
2308.66
2364.42
2348.43
2220.77
2157.8
2314.79
2207.29
2351.74
2492.47
2199.92
1758.94
2036.62
2050.49
2390.61
2438.13
2086.96
2399.66
2321.56
2265.22
1978.62
2291.92
2087.66
2128.93
2349.07
2094.51
2167.47
2378.26
2392.67
2355.28
2142.04
2210.55
2487.15
2462.26
2178.48
2283.22
2284.83
2178.84
2221.74
2334.92
2268.41
2316.81
2178.9
2264.69
2266.12
2176.68
2322.2
2224.57
2161.82
2368.42
1726.57
2184.83
2190.71
2214.21
2243.14
2434.58
2191.78
2296.82
2215.79
2302.28
2249.33
2202.48
2102.21
2499.82
2371.66
2378.86
2032.51
2176.19
2042.42
1845.3
1879.3
2262.79
2169.82
2421.62
2292.6
2178.22
1957.7
2164.82
2134.72
1980.66
1982.79
1749.39
2052.54
2183.23
2234.92
2379.38
2317.48
2352.29
2258.35
1952.51
2059.17
2230.82
2038.23
2277.85
2325.71
2239.64
2125.65
2242.84
2145.19
2183.11
1811.25
2198.14
1863.31
2039.53
2200.01
2266.5
2271.37
2049.88
1967.59
2034.24
2197.93
1945.1
2216.49
2264.59
2189.3
2027.78
2070.53
1828.23
1735.18
2331.28
2062.28
2157.04
2050.04
2358.81
2398.6
2466.85
2311.03
2036.64
2172.69
2018.55
2277.14
2234.01
2286.77
2231.48
2332.05
2122.01
2048.8
1990.13
2096.61
2205.64
2124.16
2230.09
2190.91
2388.9
2082.31
2215.92
2076.35
2067.72
2061.95
2064.28
2142.66
2368.36
2266.47
2148.96
2000.34
1881.94
2100.18
2025.73
2143.35
1995.4
2070.4
2462.28
2443.89
2353.89
2290.17
1453.49
2306.87
1997.81
2193.11
2095.21
2186.93
2124.04
2333.37
2275.9
2372.85
2165.57
1704.56
1924.79
2030.74
2166.12
2237.55
2026.77
2046.71
2258.62
2298.56
2051.89
2248.84
2444.13
1821.63
2190.37
2112.02
2215.42
2207.98
2337.5
2220.81
2320.05
2363.05
2242.2
2237.01
2251.93
1961.29
2000.93
2290.7
2268.16
1938.72
1917.9
2019.98
2159.38
2094.07
2254.84
2024.21
2134.17
2219.73
2104.31
2192.43
1902.35
2184.68
2096.09
2055.59
2070.72
2382.53
2059.39
2080.52
2106.39
2384.26
2194.82
2211.91
2166.34
2007.56
2008.9
2042.94
2232.34
2310.7
2273.35
2475.86
2252.89
2103.86
1984.22
1979.92
2010.81
2213.8
2270.88
2406.26
2245.51
2072.32
1973.74
2208.66
2319.41
2127.91
1998.34
2122.71
1990.98
2296.44
2216.32
2267.69
2231.53
2217.95
2143.23
2324.99
1793.42
2013.81
2298.38
2052.69
2060.29
1842.25
2187.93
2266.1
2169.97
2254.47
2334.79
2422.92
2388.77
2158.66
2196.86
2302.96
2094.19
1892.72
2124.78
2317.29
2158.36
2390.68
2112.88
2356.5
2097.98
2334.89
2397.36
2498.63
2262.96
1917.83
2022.14
2159.58
2346.29
2160.68
2377.87
2374.74
2341.41
2067.15
2173.97
2327.52
2155.76
2433.75
2083.15
2107.34
2280.09
2077.58
2292.26
2118.88
2295.34
2057.01
2283.75
1971.66
2210.23
2083.28
2179.89
2062.96
2323.52
2048.31
2198.55
2086.39
1916.63
2083.42
2102.76
1852.24
2209.22
2202.32
2264.79
1885.96
2312.3
2002.95
1900.23
1951.44
2382.91
2374.07
2395.72
2061.43
1939.74
2162.02
2196.78
2006.43
2187.18
1983.52
2154.45
2176.85
2271.83
2364.74
2297.76
1989.53
2094.38
1979.57
2306.69
1950.71
2221.38
2053.13
2068.8
1662.07
2111.53
2214.91
2304.01
2330.3
2322.53
2096.5
2116.19
2449.83
1927.82
2038.28
1873.76
1762.42
1868.18
2273.07
2039.21
2242.86
2123.19
1849.51
1683.32
2206.07
2394.67
1852.44
2241.79
1923.31
2040.7
2219.51
2194.94
2217.58
1899.82
2132.32
1863.23
2285.53
1910.61
2437.21
2220.17
2145.27
2135.36
2083.61
2408.28
2387.86
2383.14
2339.93
2477.95
2096.35
2168.86
2074.59
2309.93
2140.63
1855.61
2156.51
2192.18
2152
2001.22
1825.24
2137.62
2152.06
2003.06
2299.54
2260.33
1975.84
2286.35
2199.86
1923.65
2005.89
2129.83
2297.1
2323.15
2274.32
2292.44
1983.13
2328.07
2322.25
2131.13
2534.22
2152.93
1903.12
1992.45
2198.63
1849.16
2065.91
2146.82
2329.35
2536
2349.74
1928.37
2328.13
2364.24
2293.92
2320.62
2217.02
2303.65
2507.64
2398.52
1861.37
1939.57
2128.92
2274.78
1953.39
1863.74
2202.25
2401.7
2142.51
2323.97
1949.56
2105.23
2148.46
2384.84
2063.99
2254.57
2400.34
2068.22
2296.07
2298.82
2037.37
2342.77
2215.12
2349.28
2280.59
2259.08
2115.42
2286.33
2391.11
2122.53
2168.64
1881.39
2069.78
2197.62
2145.92
2037.9
2189.64
2188.06
2229.74
2272.95
2153.44
2380.56
2375.14
1908.05
2249.64
1971.43
1946.3
2188.04
2102.57
2172.93
2018.93
2154.88
1972.15
2157.83
2054.41
2163.84
1998.22
2224.77
2352.63
2322.55
2043.72
2118.26
2028.47
2217.88
2066.17
2256.42
2228.69
2279.35
2339.55
2092.5
2113.8
2081.87
2270.6
2167.67
2128.62
2073.53
2045.79
1812.53
2129.6
2329.29
2362.56
2071.4
2364.9
2254.49
2157.81
2230.37
2491.65
2230.63
2169.76
2194.91
2339.05
2408.77
2046.95
2236.9
1915.1
2269.45
2240.1
2043.01
1951.37
1998.48
2303.55
2432.05
2265.07
2226.29
1979.82
2372.45
2248.74
2078.42
2336.89
2086.99
2133.01
2250.62
1938.41
2141.99
2134.56
2032.1
2152.78
2263.03
2567.04
1678.87
2093.14
2166.71
2240.35
2223.76
2362.99
2313.83
2370.31
2253.88
2092.03
2046.68
2138.63
1661.61
1987.28
2372.25
2321.59
2206.83
2048.32
1809.28
2197.51
2326.24
1780.64
1751.01
1707.03
1669.1
1970.68
2191.23
2133.36
2316.27
2260.03
2243.77
2281.47
2208.51
2268.8
2121.17
2141.89
2271.35
2268.42
2166.6
2387.09
2141.15
1951.62
2233.91
2286.37
2054.98
1958.9
2109.66
1870.58
2216.38
2390.31
2250.71
2249.31
2181.44
2082.34
2013.19
1956.49
2089.66
2092.89
2044.73
2131.44
2185.32
2226.57
2601.92
2294.94
2028.84
2177.3
2050.17
2130.49
2027.31
1961.53
2295.96
2431.05
2023.64
2081.59
2122.61
2069.14
2194.7
2251.33
2145.07
1940.81
2467.82
2363.46
2239.73
2185.99
2202.2
1929.26
1964.41
2245.08
2406.19
2282.28
2225.82
2254.13
2090.53
1979.37
2221.22
2391.48
2155.65
2070.94
2247.95
1697.92
2401.78
2030.59
2176.84
2104.89
1941.39
2277.46
2114.62
