1520.69
1452.84
1551.3
1438.81
1416.58
1548.83
1430.2
1370.83
1362.13
1526.87
1499.06
1445.77
1488.21
1491.35
1525.7
1500.2
1540.49
1480.11
1532.42
1439.7
1527.82
1479.23
1473.88
1423.19
1482.22
1329.45
1442.24
1268.6
1169.41
1402.33
1540.94
1569.12
1488.01
1355.07
1498.66
1504.88
1518.17
1448.7
1507.34
1561.93
1528.33
1551.07
1489.13
1313.67
1443.17
1490.58
1457.43
1425.51
1508.88
1581.65
1525.86
1568.29
1531.86
1496.06
1584.29
1538.5
1395.01
1489.83
1564.58
1557.8
1489.13
1585.47
1486.95
1582.08
1483.73
1513.19
1562.6
1427.1
1449.58
1564.18
1556.46
974.814
82.492
840.816
844.765
1459.18
1382.42
1517.61
1468.35
1331.39
1513.14
1476.69
1451.43
1469.11
734.052
1009.7
1499.27
1488.34
1497.75
1249.88
1142.95
1502.94
1366.22
1362.53
1498.65
1369.75
1530.37
1560.72
1497.99
1443.56
1319.63
1496.25
1477.08
1394.78
1452.11
1505.2
1508.38
1562.97
1342.24
1515.64
1287.66
1342.16
1436.34
1445.44
1381.35
1536.89
1324.8
689.39
1404.8
1402.6
1501.77
1383.94
1342.09
1313.73
1500.16
1484.06
906.448
1497.64
1485.14
846.166
1264.13
1411.2
1503.84
1478.59
1501.34
1223.2
1464.14
1446.06
1420.65
1497.85
1482.52
817.821
894.35
1155.89
1374.67
1172.32
774.728
959.894
1106.96
1137.03
1175.78
1090.6
901.061
1301.28
849.999
920.957
776.933
1249.29
978.399
1351.4
1273.57
1015.22
1102.93
1194.2
1181.01
1265.22
1472.89
1400.94
1123.45
1193.5
1250.51
1111.98
1255.32
1361.98
1180.08
1276.53
1378.98
1078.68
1187.25
1437.7
1221.77
1331.68
1325.56
1403.94
633.357
819.332
1327.8
1444.75
1167.63
1233.31
1167.53
1436.25
1113.44
1415.7
1411.64
1414.41
1446.26
1391.19
1419.23
1386.1
1331.78
1383.03
1383.24
1403.08
1374.7
1331.54
1375.96
1310.79
1392.49
1445.76
1414.27
1398.26
1340.67
1426.76
1385.23
1500.53
1443.66
1505.3
1488.1
1431.25
1438.55
1544.13
1574.48
1503.37
1376.21
1362.4
1414.27
1461.02
1331.71
1184.61
1363.73
1546.8
1530.75
1481.37
1406.52
1529.37
1566.53
1537.99
1491.02
1471.65
1512.99
1624.92
1564.71
1473.97
1474.24
1613.89
1628.62
1497.61
1498.09
1569.15
1564.57
1623.8
1640.4
1678.28
1595.18
1539.18
1603.82
1454.92
1552.67
1605.09
1570.63
1591.13
1620.08
1616.97
1573.48
1568.24
1597.48
1649.41
1612.07
1500.86
1550.68
1524.13
973.97
113.864
802.966
887.286
1363.91
1215.47
1322.17
1340.94
1346.78
1430.88
1390.38
1347.84
1309.27
759.895
953.237
1376.29
1446.47
1422.65
1239.04
1170.29
1322.34
1324.51
1416.41
1362.59
1270.19
1389.73
1365.99
1404.59
1349.18
1266.8
1410.05
1326.54
1350.5
1342.02
1301.36
1375.88
1438.01
1215.95
1323.6
1243.37
1292.23
1337.07
1387.91
1245.42
1388.5
1271.33
663.012
1347.73
1278.7
1281.77
1317.55
1210.01
1234.13
1350.16
1390.78
834.227
1394.93
1391.5
818.551
1147.8
1347.69
1405.33
1371.1
1401.19
1224.7
1451.18
1341.77
1323.25
1377.17
1383.66
811.875
912.47
1337.9
1499.19
1192.96
940.746
1063.17
1309.78
1402.09
1198.33
1201.39
1001.47
1372.29
1048.89
1051.29
933.93
1299.74
1067.45
1505.93
1237.62
1032.72
1086
1113.21
1149.89
1253.73
1338.57
1315.82
1086.4
1169.16
1293.27
1058.61
1251.58
1261.64
1166.8
1347.72
1308.54
992.368
1171.71
1351.97
1190.57
1210.77
1331.19
1360.37
646.324
819.811
1289.06
1379.69
1181.35
1147.51
1151.49
1338.77
1135.32
1410.23
1373.01
1275.12
1386.11
1319.02
1377.49
1273.61
1289.77
1568.52
1565.7
1562.26
1486.88
1535.11
1600.85
1457.98
1419.3
1534.44
1538.92
1576.88
1439.2
1575.17
1626.18
1554.06
1605.83
1582.24
1581.81
1557.61
1501.79
1558.86
1558.48
1578.01
1497.83
1468.77
1429.24
1565.09
1374.21
1253.8
1431.01
1530
1596.21
1527.23
1402.27
1683.36
1598.15
1518.3
1505.88
1572.95
1618.96
1577.14
1613.59
1547.49
1502.69
1623.4
1549.41
1526.31
1421.51
1503.95
1574.81
1605.27
1511.75
1633.82
1517.26
1548.16
1576.05
1513.71
1499.09
1558.01
1562.73
1620.79
1565.06
1527.99
1533.78
1474.06
1517.72
1523.95
1530.21
1507.32
1514.8
1521.66
945.503
106.866
816.362
907.224
1445.09
1382.11
1550.6
1425.76
1349.58
1553.73
1503.45
1433.8
1528.37
769.589
987.012
1400.01
1498.32
1573.1
1254.8
1177.58
1437.4
1338.22
1423.89
1587.3
1285.89
1521.78
1482.8
1492.34
1451.99
1281.07
1527.58
1451.99
1439.73
1467.58
1453.16
1549.93
1505.82
1299.21
1484.89
1286.97
1372.24
1487.19
1425.47
1398.99
1615.53
1353.31
758.243
1409.56
1350.45
1428.27
1387.95
1437.19
1245.05
1521.47
1421.44
929.198
1513.09
1514.56
881.646
1251.03
1475.6
1482.72
1515.72
1461.63
1300.78
1529.9
1505.37
1440.59
1481.09
1485.03
940.166
924.286
1211.55
1438.63
1186.21
893.364
943.81
1142.65
1113.38
1184.17
1170.13
843.621
1334.35
921.249
935.657
809.803
1256.75
1050.13
1393.55
1313.4
1080.78
1178.54
1262.03
1202.97
1303.43
1475.45
1424.33
1159.84
1311.6
1383.24
1165
1277.49
1338.98
1224.49
1253.23
1453.76
1089.81
1309.23
1502.68
1284.3
1377.26
1438.97
1520.17
624.578
830.429
1383.64
1493.3
1221.91
1271.08
1249.39
1476.06
1145.07
1506.89
1491.54
1515.52
1453.73
1404.85
1502.84
1348.89
1390.13
1537.35
1513.36
1513.05
1517.6
1525.66
1577.55
1498.85
1564.41
1523.74
1583.16
1562.93
1470.9
1516.53
1559.12
1549.28
1604.74
1546.56
1523.2
1556.02
1449.8
1490
1600.69
1532.27
1543.88
1457.72
1483.19
1628.59
1085.52
1438.5
1466.78
1573.16
1583.3
1479.4
1498.71
1626.86
1574.26
1547.71
1478.47
1602.94
1559.8
1534.58
1519.58
1582.46
1441.46
1630.5
1568.71
1565.84
1511.43
1551.89
1581.41
1573.06
1512.42
1537.67
1516.94
1625.19
1587.31
1476.66
1577.5
1548.16
1577.68
1565.66
1551.13
1578.72
1567.62
1562.02
1616.39
1559.15
1552.36
1585.42
1561.05
1454.06
756.933
51.873
1125.34
968.977
1461.83
1446.12
1517.48
1486.17
1394.15
1560.59
1521.78
1532.59
1549.59
524.091
1367.24
1424.84
1612.49
1596.06
1321.31
1263.95
1505.09
1368.91
1539.76
1459.19
1356.48
1484.84
1478.92
1497.82
1424.24
1336.39
1533.24
1477.18
1487.54
1505.18
1494.89
1486.79
1513.17
1344.48
1538.7
1241.18
1442.76
1520.59
1439.41
1465.79
1607.58
1244.19
847.207
1423.5
1466.88
1454.92
1489.07
1388.74
1282.32
1491.28
1263.86
1164.18
1544.76
1507.82
802.447
1277.94
1465.56
1514.21
1525.83
1575.11
1252
1563.25
1430.25
1520.86
1499.87
1555.35
939.054
894.424
1298.56
1578.14
1149.98
808.458
999.351
1157.37
1180.07
1328.78
1060.56
1033.22
1299.16
866.583
994.026
878.247
1233.8
1081.12
1316.86
1353.84
950.202
1183.86
1280
1135.47
1353.06
1444.63
1371.89
1192.82
1212.63
1349.91
1185.33
1312.25
1235.58
1059.03
1239.25
1269.35
954.045
1177.3
1329.47
1117.72
1276.71
1354.02
1208.21
464.549
983.372
1362.78
1264.73
1145.88
1273.59
1210.2
1218.64
1175.38
1343.96
1385.2
1400.76
1477.08
1342
1380.24
1307.23
1283.6
1492.47
1579.74
1514.32
1552.9
1489.71
1509.04
1481.96
1489.92
1457.31
1550.43
1544.32
1472.78
1495.85
1595.55
1552.87
1555.3
1543.63
1532.57
1515.89
1503.92
1531.7
1598.01
1506.69
1526.45
1416.66
1448.55
1468.22
1613.61
985.132
1425.65
1490.88
1475.41
1512.96
1372.94
1581.72
1568.52
1549.57
1449.01
1536.19
1551.71
1551.71
1520.01
1528.67
1450.6
1527.9
1570.81
1506.29
1465.88
1547.21
1548.08
1510.89
1566.38
1602.76
1571.35
1430.29
1529.89
1425.5
1545.53
1580.1
1551.8
1596.68
1600.78
1556.59
1526.97
1523.52
1531.26
1606.34
1582.15
1564.64
1534.51
1552.95
1252.13
242.277
401.932
999.749
1425.07
1461.06
1383.06
1475.19
1421.05
1511.26
1526.18
1535.21
1539.25
1289.27
586.754
1475.74
1524.74
1568.47
1416.85
1090.86
1475.68
1436.61
1408.62
1507.23
1303.51
1591.21
1535.08
1564.22
1479.54
1344.4
1370.4
1495.4
1347.87
1509.67
1462.38
1521.33
1511.27
1393.79
1428.04
1443.61
1298.06
1472.9
1485.96
1354.6
1515.52
1552.25
662.187
1436.76
1540.75
1417.35
1461.76
1412.01
1327.14
1374.34
1501.45
910.952
1518.12
1532.74
1356.99
883.503
1378.55
1498.99
1574.18
1537.05
1371.44
1495.03
1502.92
1482.76
1544.37
1565.07
1220.73
957.009
965.657
1342.74
1402.31
801.915
880.019
1064.09
1213.42
1250.76
1159.67
876.122
1239.69
1050.22
885.354
809.752
1191.63
991.465
1334.94
1265.48
1337
965.739
1246.16
1200.17
1201.17
1418.07
1423.79
1186.76
1352.16
1266.9
1273.6
1254.31
1350.86
1259.6
1328.76
1500
1185.31
1188.99
1439.19
1453.4
1273.36
1447.62
1542.6
1027.09
562.027
1351.32
1500.45
1339.6
1114.88
1171.35
1454.66
1143.02
1425.79
1472.69
1500.59
1476.75
1505.39
1452.41
1406.06
1548.81
